216.9 132.1
217.1 131.8
217.1 131.9
217.1 131.9
217.1 131.9
245.0 130.4
276.5 123.8
296.7 116.8
309.3 111.9
313.5 108.7
296.8 112.2
270.5 121.0
236.3 132.6
207.9 142.4
185.0 150.4
167.3 156.7
154.0 161.4
149.8 165.1
169.3 170.0
189.6 175.3
197.5 184.2
188.5 193.0
162.6 201.4
137.3 208.8
117.1 214.2
103.0 218.2
117.6 224.0
147.7 229.3
180.8 233.6
212.7 236.4
238.2 238.1
258.2 239.0
271.8 239.1
263.9 237.4
220.0 231.4
161.3 221.6
111.6 205.2
75.5 186.0
71.6 163.3
92.4 144.8
137.6 132.0
176.6 122.6
207.8 115.8
222.8 104.6
216.4 89.0
208.4 76.9
194.8 71.2
179.9 72.2
175.7 81.4
185.5 94.9
197.5 110.7
197.0 129.8
176.6 149.1
155.9 167.3
140.1 184.7
133.8 205.7
128.8 223.9
119.2 238.7
110.0 249.8
103.2 257.4
119.3 260.3
150.2 257.5
189.7 248.5
223.8 234.3
252.6 207.2
269.6 170.0
275.1 132.3
272.9 101.4
268.4 78.9
264.4 66.7
268.1 63.2
278.0 66.0
288.3 72.4
296.0 80.9
298.9 90.9
296.6 102.7
291.6 114.4
286.7 125.0
281.9 134.8
278.1 144.5
275.7 156.4
273.7 167.4
272.1 177.0
272.5 186.7
276.8 197.6
279.1 207.8
278.1 219.4
276.9 230.5
274.9 241.6
271.6 250.8
266.8 258.7
263.0 265.3
260.3 270.0
258.6 272.8
256.2 274.2
238.4 268.1
217.2 258.9
198.4 247.6
182.0 233.8
166.9 218.3
155.4 199.1
147.3 180.4
139.4 162.0
126.6 143.4
116.6 128.8
109.6 118.1
103.9 109.5
97.7 101.4
90.4 92.3
83.4 82.7
75.6 71.4
69.9 62.1
65.9 52.8
61.4 42.7
57.4 34.5
54.5 28.6
52.9 24.8
52.2 22.8
53.4 26.1
59.3 36.5
67.1 50.2
75.2 65.7
83.7 82.2
91.7 98.9
98.9 113.9
104.7 128.8
108.8 142.7
109.9 157.7
108.9 172.0
106.6 184.5
103.1 195.2
98.9 204.8
93.9 215.6
88.9 225.7
82.7 238.7
76.1 253.1
70.0 265.1
64.2 275.1
59.2 282.6
55.5 287.4
52.9 290.2
51.3 289.9
51.2 286.3
52.3 279.0
53.9 268.0
55.5 256.9
56.9 245.6
58.2 235.6
59.3 225.5
60.6 216.6
62.5 208.9
64.7 202.0
66.7 195.8
69.5 189.3
72.5 183.2
76.0 177.5
79.6 171.9
83.8 166.9
88.8 162.6
93.8 159.1
99.6 156.5
106.6 154.7
114.1 153.2
122.6 152.2
132.9 151.5
143.1 151.3
154.2 151.4
166.7 151.8
179.1 152.4
193.8 151.9
210.5 149.6
225.9 147.6
241.8 145.7
257.8 144.4
272.5 142.9
286.4 141.6
299.2 140.1
309.3 138.7
317.6 136.6
326.5 133.5
333.6 129.8
338.7 125.4
342.3 119.4
344.4 111.0
345.5 102.7
345.7 94.0
345.5 84.1
344.9 74.0
343.3 65.5
339.5 58.1
332.3 52.9
322.0 49.3
311.8 47.2
302.1 46.1
291.3 46.5
281.6 47.9
274.2 52.4
269.7 60.3
267.6 70.2
267.6 80.4
269.7 93.0
272.1 106.2
274.8 118.9
277.3 131.9
280.3 147.4
283.2 160.9
285.6 173.4
286.7 185.7
286.4 196.4
285.1 205.4
282.9 213.7
279.3 223.8
275.5 232.1
271.5 239.2
267.0 246.3
262.0 252.5
257.0 257.5
249.3 261.8
239.6 265.3
228.5 267.7
215.3 268.3
199.2 267.5
183.3 265.9
166.5 262.8
149.2 258.0
131.5 251.2
114.2 242.9
97.6 231.7
83.2 218.9
70.7 204.3
60.8 189.4
52.1 171.7
45.6 155.4
40.9 140.7
37.9 125.5
36.7 111.0
37.0 97.8
39.3 85.7
43.4 76.0
49.1 68.5
59.5 62.5
72.9 58.6
88.1 55.9
105.8 54.8
124.3 55.4
143.4 57.8
165.5 62.3
186.2 67.9
208.1 75.1
231.8 84.2
251.1 93.2
266.8 102.1
279.4 111.8
289.5 123.2
297.0 133.5
302.9 144.2
307.0 155.5
309.3 169.6
309.7 183.4
307.4 198.5
300.9 213.6
288.0 227.4
272.8 238.7
253.8 248.1
234.5 255.9
214.1 262.9
192.9 269.4
172.9 274.6
152.5 277.4
133.6 277.9
112.8 275.3
93.3 270.1
74.4 260.0
55.4 243.1
40.2 225.1
29.0 206.0
21.4 186.8
17.0 166.0
15.3 144.5
16.1 124.4
19.6 103.3
26.0 81.2
36.5 61.5
53.9 44.2
83.3 29.8
115.0 19.8
145.9 13.8
176.3 10.9
205.1 11.5
228.0 13.6
251.3 18.8
273.3 25.2
291.8 32.5
310.9 41.3
325.8 49.6
335.8 56.5
342.9 62.9
347.0 68.2
348.6 72.6
348.3 77.0
343.0 80.3
330.5 83.2
317.9 86.3
302.5 90.3
284.6 95.2
269.3 101.3
257.1 109.3
248.7 116.9
243.6 124.3
242.6 133.1
244.3 143.5
246.9 153.9
249.8 165.5
252.6 177.7
254.2 188.6
252.2 199.2
247.5 208.9
240.5 217.3
231.2 224.2
220.6 230.4
208.0 236.2
197.0 240.9
186.7 245.1
174.8 249.1
161.9 252.8
145.7 255.0
128.2 255.7
109.7 253.8
93.7 250.6
80.6 245.5
70.4 237.2
62.6 226.8
56.8 213.6
53.0 200.9
50.8 187.4
50.1 174.6
50.2 162.5
50.8 153.1
52.0 146.3
53.5 141.7
55.5 142.0
58.4 146.1
63.3 153.6
69.0 162.9
76.1 174.7
84.1 186.4
91.8 197.4
100.3 207.5
108.5 215.6
116.1 221.1
124.2 223.8
134.9 223.4
146.5 220.1
159.7 215.4
171.8 210.4
184.0 204.7
195.0 198.7
205.6 192.4
218.8 184.1
229.9 177.0
243.8 165.9
257.5 155.2
270.7 145.5
282.0 137.4
291.1 130.2
298.7 123.9
304.9 118.7
309.0 114.5
311.3 111.8
311.8 110.3
307.3 111.4
299.3 116.1
285.2 126.9
268.0 140.3
249.9 154.1
231.7 169.2
213.6 183.8
197.0 196.7
181.1 207.8
167.8 217.0
154.9 225.1
142.9 231.9
131.5 238.0
121.1 242.9
111.0 247.3
101.6 250.9
92.8 254.6
84.5 258.3
77.7 261.6
70.7 265.4
63.9 268.8
57.1 272.6
51.9 275.3
48.6 277.1
47.1 277.8
49.6 275.9
57.4 269.8
70.1 260.2
88.2 246.8
108.7 232.2
136.5 214.6
168.7 194.0
203.8 170.8
236.0 148.4
269.1 124.0
297.3 101.9
321.3 82.3
340.3 65.0
356.2 48.9
367.7 36.7
375.9 26.8
380.8 19.9
382.8 15.8
382.4 14.1
379.2 14.0
373.7 15.7
361.3 20.9
343.9 29.6
322.5 40.5
301.1 51.2
279.3 62.4
258.6 72.9
238.5 82.7
219.9 91.7
200.8 102.1
180.8 114.7
161.2 128.4
140.7 145.0
122.2 161.1
103.8 177.4
85.4 194.5
69.6 210.1
56.0 224.8
43.5 238.5
34.5 248.9
27.7 257.1
22.7 263.9
20.0 268.9
19.5 272.1
22.9 273.8
30.5 274.0
43.1 270.5
59.5 264.0
76.7 256.4
95.4 244.8
114.9 231.3
133.2 217.7
153.1 203.0
173.7 188.3
192.7 174.2
213.6 158.3
237.7 140.0
260.8 121.1
284.5 101.0
305.0 82.7
321.4 67.2
334.9 53.7
345.6 42.8
353.0 34.4
358.6 28.1
362.5 24.1
364.1 22.1
365.0 21.7
364.8 23.3
364.3 26.0
363.6 30.1
362.9 35.2
362.1 40.7
361.0 46.6
359.4 52.9
356.6 60.8
353.2 68.8
349.1 76.3
343.7 86.8
338.9 95.9
334.3 105.1
330.7 116.1
328.0 127.7
325.7 140.2
324.1 152.8
323.4 164.0
323.0 174.1
322.7 184.6
322.6 194.8
322.6 204.1
323.4 214.4
324.5 224.7
325.2 232.9
324.0 239.7
319.0 245.1
310.6 248.2
299.4 248.6
287.9 246.6
272.4 240.7
255.6 232.7
237.3 223.7
218.3 214.1
201.1 203.9
185.7 193.0
173.6 183.9
162.5 175.2
152.1 167.4
141.5 159.6
132.4 152.7
118.4 141.3
103.5 128.9
91.7 117.4
82.3 107.2
75.9 99.5
71.8 93.5
69.3 89.1
68.3 86.3
68.5 84.9
69.5 84.5
71.0 84.9
72.8 85.7
74.8 86.9
76.7 88.2
