319.1 37.9
321.0 31.6
320.8 29.1
320.6 30.2
292.8 47.4
243.4 70.5
185.9 88.4
150.6 90.1
128.9 90.1
150.3 92.1
189.1 98.2
209.9 101.2
201.5 100.1
185.1 106.2
172.5 108.1
176.9 114.2
184.8 117.2
188.3 121.2
181.6 130.3
172.6 134.2
169.4 138.2
182.8 149.3
190.1 150.1
186.3 153.2
175.5 162.3
167.1 165.2
169.5 173.3
174.5 177.2
174.4 182.2
157.2 193.3
136.7 203.3
120.1 207.2
111.6 212.2
126.3 230.4
147.5 238.2
165.6 238.1
176.0 242.2
166.7 248.2
143.6 254.2
123.4 255.1
107.2 255.1
105.2 215.3
117.6 157.0
133.1 134.7
153.5 119.8
170.5 120.1
180.2 123.1
172.0 127.2
149.4 127.1
127.6 123.0
108.6 86.4
93.2 74.9
83.3 76.1
80.8 98.5
91.1 160.3
111.4 216.1
132.3 228.3
153.1 232.2
170.3 233.1
183.7 233.1
187.1 210.7
180.5 154.0
172.4 123.5
165.8 118.0
168.0 115.0
183.3 121.2
205.1 137.4
223.6 156.4
228.6 204.0
212.1 226.5
184.2 211.8
156.3 168.3
140.8 138.5
142.2 123.8
155.6 125.1
176.2 150.6
194.3 174.5
201.3 214.8
184.9 231.4
159.3 219.9
131.4 194.6
109.6 166.5
101.6 137.5
104.6 122.8
116.6 119.0
131.7 119.1
152.9 124.2
177.2 116.9
200.6 101.8
220.0 89.8
234.0 71.7
242.6 69.0
240.8 66.0
230.2 66.1
216.7 71.2
204.8 82.3
202.7 120.8
211.8 158.8
228.1 197.8
241.8 203.2
252.6 206.1
256.2 210.1
253.8 217.2
245.6 224.2
238.3 214.9
237.1 164.1
244.3 129.4
261.8 93.4
279.7 82.9
294.2 82.1
305.7 86.1
312.8 109.5
315.6 145.8
311.4 184.8
299.9 207.5
273.7 239.7
244.9 243.1
219.3 243.1
197.5 239.0
178.3 214.6
155.7 139.6
135.6 98.3
119.5 74.6
106.6 51.6
96.0 43.9
88.0 44.1
81.7 46.1
75.6 61.3
71.3 91.6
70.9 131.8
74.0 160.6
78.9 180.4
81.9 202.5
81.2 213.3
80.0 216.1
79.2 217.1
78.8 217.1
90.8 205.8
113.5 191.8
146.1 166.6
177.6 141.6
203.1 103.3
218.9 81.6
223.7 66.8
217.9 65.0
205.3 77.3
187.9 98.5
169.6 120.5
155.1 135.3
156.0 176.8
167.3 212.7
183.2 245.7
198.0 261.3
207.0 275.3
209.4 278.1
195.8 277.0
179.6 268.9
154.3 246.6
132.9 244.0
117.4 235.9
116.9 217.7
128.1 203.8
163.9 170.4
199.5 156.8
237.3 134.6
270.3 126.9
297.5 101.6
315.6 87.8
315.1 78.9
308.3 81.1
300.0 86.1
291.3 103.4
286.9 124.4
288.5 158.7
292.6 186.6
295.0 192.1
292.1 205.3
285.3 209.1
278.0 212.1
274.5 220.2
278.2 225.1
283.3 227.1
285.5 231.1
282.2 232.1
267.1 221.8
241.5 202.7
210.2 184.7
182.7 172.8
160.6 156.7
145.5 150.9
140.8 149.0
143.0 149.0
151.5 154.1
161.6 157.1
174.6 160.1
187.1 160.0
199.7 161.1
212.3 165.1
223.2 168.1
231.7 168.0
238.9 161.9
243.7 144.7
244.0 130.8
240.0 123.9
233.4 124.0
223.4 125.0
212.2 129.1
202.6 134.1
195.0 149.3
190.1 160.2
187.8 173.3
187.7 184.2
187.9 189.1
186.7 193.1
181.9 198.1
173.5 198.0
162.3 197.0
151.2 192.9
141.1 187.9
131.8 176.8
124.0 169.9
118.4 155.8
115.5 150.9
116.3 146.9
121.7 149.1
127.8 150.0
139.7 157.2
154.6 162.1
170.0 163.0
187.6 162.0
205.6 157.9
222.8 153.9
239.8 147.9
254.0 143.9
265.3 138.9
273.3 132.9
275.4 123.8
271.7 121.0
263.5 123.1
252.5 127.1
240.6 135.2
230.9 141.1
225.2 145.1
224.3 152.1
224.4 158.1
223.4 162.1
217.6 166.1
200.0 171.1
181.2 173.1
164.0 175.1
144.6 176.0
124.9 174.0
107.0 171.0
89.2 162.9
73.8 158.9
62.6 157.0
55.0 156.0
50.0 151.9
47.3 145.9
47.0 140.9
50.7 135.9
59.4 135.0
72.8 135.0
90.7 139.1
113.4 143.1
139.4 148.1
163.3 148.0
188.4 149.0
214.8 149.0
240.2 145.9
262.0 142.9
280.0 138.9
295.9 131.9
308.2 120.8
318.1 99.6
325.8 84.7
330.7 76.9
332.5 65.8
331.4 58.9
328.0 54.9
323.1 51.9
316.8 51.0
307.3 50.0
294.7 46.9
271.6 47.0
243.5 42.9
212.7 39.9
184.6 40.0
157.4 40.0
132.2 38.0
110.0 34.9
91.7 37.0
76.4 45.2
64.8 55.2
56.5 70.3
51.2 83.2
47.2 101.3
43.6 125.5
40.7 150.5
38.0 171.4
36.0 188.3
33.9 210.4
32.4 220.2
32.0 225.1
32.5 227.0
34.7 231.1
38.4 233.0
45.9 235.0
57.3 235.0
73.7 236.0
91.4 239.0
113.3 240.0
142.0 238.0
173.4 238.0
204.2 238.0
236.6 232.9
266.2 226.9
289.0 225.0
305.4 225.0
316.4 225.0
323.0 225.0
326.4 224.0
327.2 224.0
323.0 223.0
311.3 218.9
287.2 218.0
255.3 213.9
218.4 207.9
179.5 201.9
145.5 201.0
118.0 200.0
97.3 200.0
82.5 200.0
72.4 200.0
66.2 200.0
63.0 200.0
62.1 200.0
62.8 200.0
64.7 200.0
67.3 200.0
71.1 200.0
86.4 201.0
109.7 201.0
139.1 201.0
177.6 197.9
217.1 192.9
251.0 188.9
277.9 188.0
297.8 188.0
311.8 188.0
321.0 188.0
326.4 188.0
328.9 187.0
329.1 187.0
327.8 187.0
325.5 187.0
321.1 187.0
306.9 192.1
281.8 197.1
237.5 198.0
188.2 198.0
142.1 197.0
104.6 197.0
76.1 197.0
55.3 197.0
41.0 197.0
31.8 197.0
26.7 197.0
24.7 197.0
25.0 197.0
27.0 197.0
30.0 197.0
33.6 197.0
37.4 197.0
41.3 197.0
45.0 197.0
52.2 187.8
66.8 154.3
84.5 109.1
101.7 65.1
117.6 41.5
130.5 35.9
140.3 33.9
147.2 34.0
152.0 34.0
155.5 37.0
159.0 62.4
163.7 102.7
174.4 170.2
185.4 207.7
195.1 218.2
203.0 224.1
208.9 227.0
212.9 231.0
215.6 233.0
217.0 235.0
217.7 238.0
217.7 240.0
217.4 244.0
217.6 251.1
217.4 252.0
216.9 252.0
216.6 252.0
219.0 233.6
226.6 191.2
237.7 156.3
260.5 119.3
286.4 104.7
307.1 105.0
322.9 105.0
334.5 105.0
342.7 105.0
348.0 105.0
351.1 105.0
352.4 105.0
352.5 104.9
351.6 104.9
350.1 104.9
348.3 104.9
346.3 104.9
344.2 104.9
342.3 104.9
340.5 104.9
338.9 104.9
337.4 104.9
336.2 104.9
335.2 104.9
334.4 104.9
333.8 121.3
333.3 150.5
331.2 184.6
329.5 218.6
329.6 235.3
330.2 237.0
330.6 236.9
331.1 236.9
331.5 236.9
331.9 236.9
327.5 226.7
306.9 197.4
267.0 169.4
226.8 153.6
191.5 144.8
159.2 132.7
132.1 126.8
111.6 121.8
95.7 114.8
84.4 111.9
77.5 111.9
73.9 111.9
72.8 111.9
74.2 124.2
78.2 154.5
83.5 193.7
89.4 236.7
93.9 246.1
97.8 252.0
101.7 255.0
108.2 254.9
123.3 242.7
150.6 220.5
180.0 196.5
211.8 155.2
241.3 129.4
264.6 104.5
279.5 90.7
287.2 87.9
278.4 78.8
261.5 75.9
240.3 78.0
215.4 85.1
192.7 95.1
174.2 102.1
159.5 104.0
148.1 103.9
139.8 103.9
134.0 103.9
130.2 103.9
128.0 103.9
127.1 103.9
127.1 103.9
127.7 103.9
128.7 103.9
130.1 103.9
131.5 103.9
132.9 103.9
