107.7 79.5
106.2 78.4
106.4 78.5
112.1 83.5
123.0 89.9
134.3 99.4
133.9 112.7
108.1 130.5
89.4 141.8
77.5 149.4
76.9 157.1
80.8 171.3
84.5 191.4
87.9 209.1
90.2 223.8
96.4 237.0
117.5 247.2
149.4 251.5
179.6 249.8
207.1 237.5
215.8 209.2
218.4 185.0
219.6 167.0
232.2 162.1
254.1 160.7
280.2 162.3
302.0 165.0
316.2 170.3
319.9 180.5
318.9 193.8
316.8 208.1
318.3 224.5
321.8 238.1
320.2 250.3
311.3 261.2
289.1 268.9
264.9 273.4
237.8 275.3
201.5 268.9
163.3 255.0
132.6 238.7
108.6 221.3
90.8 206.4
83.1 193.1
104.5 179.5
129.2 169.5
153.0 162.2
178.4 155.0
202.5 147.4
223.4 137.4
237.1 123.3
238.8 108.9
235.9 97.2
223.8 87.6
209.4 81.1
197.2 79.3
188.6 84.5
201.4 109.6
216.2 137.9
226.9 165.5
228.3 190.4
222.9 211.4
204.3 229.9
188.0 243.7
175.2 253.8
169.1 263.6
168.0 276.0
163.0 285.8
139.7 291.8
111.3 289.6
88.5 281.8
72.9 263.7
65.1 242.3
69.8 219.2
90.3 199.3
124.8 186.2
166.0 178.1
204.2 172.0
236.1 163.9
261.1 149.3
272.5 130.0
271.7 110.2
260.5 94.3
243.9 82.4
227.5 76.1
213.3 75.8
209.3 84.5
217.5 101.8
228.5 122.9
234.7 141.9
227.1 160.4
219.0 176.2
214.9 191.4
215.4 206.0
217.1 220.2
217.4 231.3
208.6 239.8
193.0 245.3
178.8 248.6
167.7 250.3
159.8 252.8
158.7 257.3
160.0 262.2
158.8 266.2
148.7 269.3
132.9 271.2
118.8 272.5
108.0 273.0
105.6 272.9
124.2 271.3
156.7 270.2
194.5 266.7
227.0 258.1
243.5 239.2
248.7 219.7
243.4 201.5
233.0 187.2
219.8 176.5
208.0 168.7
201.3 163.3
202.5 160.2
202.1 156.3
189.2 150.3
162.8 146.6
137.1 145.5
115.6 147.3
99.3 152.9
96.9 168.3
103.6 184.7
126.4 203.6
148.0 219.8
165.6 232.4
161.2 241.0
152.8 247.2
145.7 251.4
144.2 254.3
160.0 254.4
192.7 252.8
228.6 249.2
259.3 244.0
286.1 237.9
305.3 231.3
310.3 223.5
294.4 218.6
234.2 217.1
178.6 216.2
135.0 215.4
111.5 213.4
111.0 210.3
128.2 204.7
149.1 196.8
167.5 188.3
178.6 178.8
175.5 166.5
168.6 155.8
153.9 145.7
139.0 137.3
130.1 129.3
133.8 121.2
151.3 113.9
184.8 107.1
217.3 100.0
240.1 89.7
247.2 79.5
234.7 71.5
209.2 66.1
182.9 63.2
161.5 62.6
152.4 69.9
161.5 84.2
180.7 101.6
198.6 119.2
210.4 138.9
213.2 158.1
207.7 178.0
202.8 194.8
205.2 213.3
211.5 230.3
216.7 245.5
217.0 259.9
209.2 271.4
192.4 279.6
167.7 281.8
147.1 275.5
134.7 262.4
133.0 245.2
147.3 228.2
174.5 215.6
205.7 206.7
238.2 197.4
268.0 185.8
290.4 166.4
303.7 145.6
307.2 122.7
298.7 101.0
280.1 82.9
249.5 68.7
218.9 59.8
185.5 57.7
151.1 64.8
122.9 77.1
100.2 93.2
89.3 117.3
88.7 143.9
98.2 172.5
118.3 202.5
141.2 230.2
163.2 253.7
181.8 272.2
194.4 286.9
199.7 297.1
193.6 302.7
178.0 303.8
161.6 301.1
145.0 293.8
132.2 283.5
128.1 272.2
143.5 259.9
165.1 247.3
192.8 234.1
224.5 220.9
254.3 206.8
281.3 190.6
300.8 171.6
310.7 151.4
307.3 128.1
289.9 104.2
271.2 86.1
247.4 73.6
224.9 66.6
205.1 66.9
193.0 76.9
187.9 91.1
194.2 113.0
209.3 139.3
225.2 165.9
237.2 192.9
244.0 217.0
241.9 238.5
227.9 255.3
202.6 266.0
178.1 272.0
154.1 273.3
133.6 270.9
117.3 266.5
105.2 260.8
100.6 254.3
106.0 246.6
121.7 238.5
151.6 228.3
184.3 217.8
212.0 208.3
237.6 196.8
258.4 185.8
274.1 172.1
285.5 157.1
292.7 143.7
295.9 129.6
296.0 116.1
295.5 102.1
295.2 85.7
295.5 71.4
296.0 59.3
297.5 47.0
301.2 37.1
305.8 29.6
309.1 24.7
311.3 21.9
312.7 21.1
312.5 22.9
310.3 27.0
303.7 34.3
294.6 44.0
282.6 56.4
268.0 71.5
251.3 88.2
232.0 106.7
213.1 123.9
193.3 141.2
173.6 158.8
155.8 174.9
137.4 191.8
119.7 208.4
104.9 223.4
93.2 235.4
84.1 244.5
77.7 251.1
74.0 255.0
72.3 256.9
72.2 257.3
76.1 257.5
89.0 257.6
110.8 258.4
141.9 258.8
176.0 257.1
204.2 254.4
235.9 248.2
266.8 240.9
294.4 234.2
322.9 227.9
345.7 222.1
363.0 216.6
375.9 210.1
381.5 203.9
379.8 197.9
371.8 191.0
353.1 183.8
325.1 176.7
295.7 169.1
261.6 160.0
230.6 152.3
196.3 144.1
161.6 136.3
132.1 128.7
108.2 120.8
90.7 114.3
78.1 108.9
69.2 103.9
64.4 99.6
68.8 95.0
81.2 90.8
104.2 87.8
127.4 85.6
153.3 84.1
181.1 83.4
214.0 81.9
243.1 80.7
268.5 79.6
291.8 78.7
309.5 78.2
322.1 78.1
326.9 79.5
316.1 84.3
293.3 94.5
263.4 107.3
234.2 119.1
205.4 131.4
176.7 145.9
152.1 160.9
132.2 175.3
116.2 189.4
104.7 201.7
98.2 212.4
103.8 224.4
120.2 236.2
141.7 247.9
163.5 258.7
183.0 267.7
195.8 275.6
196.3 281.8
182.0 285.4
157.7 285.2
136.4 282.7
118.9 278.3
106.0 270.6
104.5 261.4
117.6 249.3
141.8 237.6
173.6 226.1
207.6 215.6
238.2 206.6
265.7 197.5
289.7 185.8
308.7 170.4
322.4 149.9
328.8 123.7
327.7 98.6
315.5 75.0
295.6 55.6
273.7 41.0
243.9 29.7
209.5 21.4
174.6 16.9
145.0 16.1
121.4 19.1
103.3 25.8
91.5 38.1
85.6 51.8
92.3 71.9
105.3 93.1
121.8 112.8
141.8 130.7
167.7 151.4
193.5 171.2
221.5 192.9
248.9 215.1
273.0 236.4
291.6 255.7
300.4 272.5
297.9 286.0
275.0 297.1
243.7 303.6
206.6 305.4
168.8 303.8
133.8 299.5
102.8 293.6
76.8 285.3
57.3 276.5
45.3 267.7
42.4 258.8
54.1 251.6
77.7 244.7
107.8 238.2
144.3 231.4
177.9 225.7
209.8 219.5
236.8 214.2
259.4 209.6
277.0 206.1
287.8 202.8
284.8 199.2
256.2 195.6
218.4 192.5
172.2 187.8
133.5 183.8
102.2 180.4
77.3 177.4
58.7 175.2
49.2 172.9
57.2 170.9
93.9 166.9
141.7 162.3
188.4 156.8
230.6 151.2
268.1 144.8
298.4 138.5
321.8 132.9
338.0 127.7
345.3 122.9
342.4 117.7
327.3 111.9
301.3 107.8
268.4 103.5
234.4 100.2
198.6 96.6
162.4 93.3
132.9 91.1
108.0 89.7
85.2 88.8
63.7 87.5
48.2 86.8
37.6 86.6
36.2 86.7
53.9 87.6
85.9 89.7
131.1 92.1
179.9 93.9
224.0 94.5
262.1 93.9
295.2 92.2
321.8 90.2
341.8 88.6
355.5 87.3
364.3 86.4
369.2 85.7
371.0 85.2
369.2 84.9
360.8 85.0
349.7 86.1
326.2 90.9
297.2 96.2
267.2 101.5
238.1 106.2
212.5 111.3
192.3 117.0
177.2 121.3
166.5 125.7
159.4 128.9
