117.6 79.5
116.3 78.4
117.3 79.4
117.7 86.7
117.9 115.7
118.0 152.5
118.0 185.2
118.0 207.5
118.1 221.0
120.3 221.4
123.9 207.9
127.6 189.9
132.2 169.4
136.3 152.1
139.3 138.3
141.7 127.3
147.7 131.9
154.9 151.4
160.7 171.3
165.3 190.1
168.7 205.0
172.2 216.5
177.8 217.5
184.0 211.8
190.1 200.4
196.4 183.3
203.3 162.5
210.7 141.5
217.4 123.5
229.9 113.1
250.0 111.3
271.6 117.6
289.1 131.8
295.2 160.7
286.5 192.6
261.8 222.2
220.1 242.0
178.7 253.0
141.7 253.5
113.5 240.1
94.3 222.6
91.7 198.2
104.5 172.1
126.1 148.9
151.6 129.9
176.9 114.1
200.3 100.5
220.2 89.5
236.1 80.8
246.0 72.9
247.4 66.5
229.0 65.0
206.6 69.9
186.2 84.5
171.9 107.4
176.7 141.2
187.3 172.8
196.7 200.0
203.6 222.3
206.2 239.4
195.0 246.5
173.4 241.3
156.6 231.7
151.2 219.2
174.3 205.7
199.5 193.4
222.0 181.1
240.1 166.6
253.6 154.0
260.6 142.9
259.7 142.4
257.4 152.1
260.4 166.3
266.0 180.2
270.9 192.0
274.3 201.4
265.6 204.1
227.5 194.9
184.9 182.6
146.9 169.0
116.0 156.8
92.4 145.3
76.9 132.5
70.1 120.0
68.3 108.1
68.5 94.7
68.5 81.8
63.6 68.1
57.1 56.2
51.6 46.4
48.1 39.6
52.0 38.1
65.9 43.2
81.8 56.0
94.2 74.7
102.2 96.9
108.2 118.3
115.1 138.9
135.6 162.3
158.7 184.4
178.5 204.1
195.5 223.0
210.2 240.1
222.4 253.6
234.0 263.0
248.5 265.2
266.6 253.8
284.4 227.2
299.0 200.1
309.3 176.5
313.3 155.3
304.4 134.5
293.8 117.4
284.1 104.5
274.7 98.7
271.0 99.7
268.7 103.3
264.4 110.2
255.4 120.4
245.4 130.8
235.9 142.7
226.0 156.3
217.4 169.9
210.0 185.8
203.2 201.9
193.3 218.3
181.7 232.3
164.2 242.4
137.3 244.3
107.1 237.0
83.2 226.8
65.8 215.2
56.0 201.4
52.2 187.6
57.6 175.0
82.5 163.6
116.1 154.7
153.5 144.9
186.9 135.8
218.2 125.5
244.9 113.5
264.9 101.7
271.5 87.0
265.4 73.0
252.2 62.1
235.7 55.0
216.7 52.0
197.4 54.3
185.1 64.7
180.6 79.9
183.6 99.2
188.6 121.1
190.6 143.5
185.5 165.6
175.5 185.7
167.3 204.0
165.6 222.7
168.8 240.3
168.5 254.7
154.8 259.6
138.0 255.9
124.7 247.3
122.6 234.8
143.8 219.6
186.7 204.6
231.1 192.3
269.0 180.6
299.6 169.3
321.4 155.9
320.0 132.3
313.5 112.1
304.2 95.4
289.7 82.6
273.0 73.6
255.3 68.7
239.2 68.0
223.8 75.7
213.1 87.7
213.0 106.2
218.2 128.7
222.8 151.8
225.0 174.1
222.3 195.5
215.0 212.8
199.6 226.3
174.7 234.9
147.2 234.1
121.5 221.9
100.2 204.3
88.7 184.0
87.6 163.3
104.4 145.0
140.4 132.5
183.2 122.5
218.9 110.1
244.5 94.4
256.6 77.2
253.3 62.7
238.3 51.5
218.7 46.0
200.8 45.0
186.5 51.6
181.9 70.0
190.5 100.7
202.9 133.5
214.0 162.6
222.8 192.4
227.3 218.2
219.5 238.0
199.2 252.5
178.0 262.0
157.9 264.7
141.5 262.9
128.5 259.1
122.6 252.7
127.4 245.1
144.9 236.7
169.3 227.1
203.4 212.5
233.1 198.5
257.7 183.5
276.9 168.4
288.8 152.9
293.6 138.4
293.7 126.3
291.5 117.2
284.5 110.8
276.7 106.7
267.9 104.3
258.9 103.7
250.7 105.1
244.0 109.3
240.7 116.9
241.8 127.6
247.9 141.3
254.6 155.4
259.8 168.7
261.4 180.9
256.7 191.5
250.9 199.4
245.8 202.7
242.3 201.9
242.8 199.1
247.3 194.4
254.5 189.0
261.1 183.6
266.7 179.0
272.0 174.3
276.3 169.7
280.7 163.9
284.6 158.5
287.3 153.5
289.3 148.8
290.5 145.0
