90.8 89.5
89.8 87.4
89.8 86.8
89.5 88.2
92.0 113.9
100.7 169.9
103.3 189.7
104.5 191.1
113.2 184.9
149.6 131.4
176.9 91.8
193.6 78.7
202.8 82.2
220.0 144.1
236.8 178.2
256.2 211.2
269.8 208.0
286.1 167.8
299.4 127.8
309.3 100.2
316.0 93.9
320.2 94.1
324.2 116.8
328.2 185.3
330.3 220.2
322.7 228.4
291.8 222.9
236.7 213.8
190.4 197.6
151.5 164.0
119.1 139.3
97.2 131.9
84.6 126.9
83.4 128.1
107.2 161.2
122.9 202.4
119.2 222.7
104.5 226.2
84.0 226.1
70.3 226.1
65.3 212.7
78.5 196.6
112.1 185.7
158.1 166.5
199.9 150.6
230.7 137.7
248.6 106.1
250.9 84.4
237.8 76.8
214.2 77.1
189.0 80.2
167.7 87.3
153.6 108.8
153.3 131.8
172.9 172.4
186.7 187.6
189.8 198.4
172.5 206.3
135.7 204.0
103.1 201.0
79.3 194.9
63.0 185.8
55.9 167.5
62.8 155.7
96.7 150.9
131.9 148.0
177.6 150.2
220.3 144.9
253.5 133.7
276.7 122.7
291.1 105.5
294.6 88.5
281.9 74.6
254.2 69.9
214.5 69.1
178.9 70.1
148.2 72.1
118.8 77.2
98.7 77.1
85.5 78.1
78.6 94.6
85.9 130.2
103.5 165.2
113.1 198.1
111.3 238.4
106.8 248.4
103.9 248.1
105.5 237.7
130.2 191.6
165.1 164.2
205.3 146.5
245.0 129.5
275.0 113.6
299.8 97.6
318.6 82.6
327.7 68.6
323.1 62.9
301.5 63.1
260.1 68.2
225.2 69.1
200.8 71.1
187.3 80.4
194.6 101.8
210.1 112.4
223.4 123.4
232.6 131.3
234.1 142.4
233.2 146.2
237.8 164.7
254.3 181.6
272.8 197.6
285.0 206.4
291.7 217.4
296.4 229.5
304.2 228.0
313.0 201.2
319.4 152.5
323.5 121.1
325.6 98.3
322.2 76.4
319.8 76.1
318.1 77.1
323.6 115.3
331.6 135.7
337.5 155.7
335.6 170.6
328.6 189.7
325.2 206.6
330.5 227.8
334.2 235.3
323.0 235.1
292.0 238.2
259.0 233.9
225.0 192.7
200.3 175.5
186.5 148.2
180.9 124.3
179.0 115.8
178.3 113.0
168.3 110.0
143.0 104.9
118.5 117.5
101.9 135.7
92.3 157.8
93.9 175.7
106.3 198.8
120.1 215.6
137.4 229.5
159.3 236.3
199.7 236.1
234.8 203.0
258.4 160.7
271.3 117.7
269.9 87.1
253.2 86.0
230.3 96.4
206.7 120.9
190.3 144.8
181.0 156.4
177.5 169.5
180.9 186.6
188.2 191.2
201.0 192.1
211.8 192.1
219.0 192.1
215.8 196.2
200.0 200.2
174.0 201.1
150.4 201.1
132.6 195.9
116.8 177.5
105.4 165.7
99.9 157.8
104.5 156.0
119.4 158.1
148.4 156.0
176.4 153.0
200.7 150.0
225.9 145.9
248.1 141.9
263.4 139.0
274.1 128.7
280.6 111.5
282.8 101.7
276.5 93.8
263.7 91.0
244.2 96.2
229.2 103.3
214.6 117.5
203.8 132.6
197.4 147.5
197.7 163.6
200.3 176.5
200.5 189.5
192.3 201.5
174.5 203.1
151.4 198.9
133.5 188.7
119.2 172.5
108.8 158.6
105.1 149.8
108.5 145.9
115.9 146.1
129.0 151.2
145.7 152.1
162.2 156.2
180.4 161.2
198.8 162.1
219.7 155.9
241.0 151.9
256.1 144.8
266.7 137.8
272.8 127.7
270.9 121.9
257.4 122.1
239.1 126.2
219.3 133.3
202.4 138.2
182.0 145.3
164.4 146.1
146.0 152.3
132.1 157.2
122.2 167.4
117.4 173.2
118.1 183.4
122.6 188.2
136.3 197.4
159.5 207.4
184.4 213.2
206.3 216.2
226.7 221.2
242.8 226.2
254.5 231.2
261.7 236.2
256.8 241.2
234.5 243.1
213.5 236.9
193.8 220.5
179.7 211.8
173.3 204.8
175.2 198.9
182.6 194.9
201.5 186.8
223.9 179.8
244.7 167.7
263.4 153.6
280.9 133.4
294.6 115.5
303.8 101.6
308.2 90.7
310.1 85.9
308.5 84.0
300.1 83.0
287.8 84.1
271.3 89.2
253.8 92.1
236.0 97.2
221.7 100.1
206.9 106.2
191.5 119.5
180.2 127.3
172.9 135.3
171.6 147.4
175.8 158.4
185.2 164.2
192.7 165.1
197.7 165.0
203.0 163.0
209.6 160.0
220.4 149.7
234.8 139.7
245.1 138.0
