72.0 94.4
69.9 93.5
70.2 93.6
70.4 96.5
73.5 126.0
63.5 182.7
54.5 230.0
49.1 267.0
45.7 291.0
44.0 305.9
44.4 311.6
53.2 302.0
69.7 280.9
89.7 251.4
111.6 218.9
132.1 188.2
151.2 159.7
167.6 134.2
180.8 113.6
191.3 97.2
199.3 84.1
205.9 74.0
210.4 67.2
213.7 62.8
217.8 60.8
229.0 62.2
247.5 68.1
268.5 75.9
287.7 83.8
303.4 91.2
314.7 98.3
319.6 105.3
311.9 113.6
285.2 127.2
254.5 142.1
229.6 156.7
213.9 172.1
214.9 191.8
224.1 211.0
241.1 232.9
260.8 253.6
279.8 270.7
297.1 283.8
319.5 290.7
338.8 288.3
357.0 267.2
371.8 237.3
381.4 204.6
387.8 173.6
389.4 145.7
388.2 122.6
385.6 104.2
382.0 90.7
374.8 83.3
359.3 81.7
326.7 87.8
288.8 98.8
241.1 112.2
189.5 125.6
144.6 138.0
95.6 150.2
51.4 160.3
18.4 168.1
-7.1 171.1
-23.2 167.4
-31.2 155.9
-31.1 139.1
-23.8 118.5
-14.6 97.7
-4.3 78.6
6.4 62.3
26.5 54.7
70.8 71.3
130.1 105.3
193.3 148.7
251.1 190.4
296.8 223.9
331.2 249.9
355.0 268.8
367.3 278.2
365.2 275.8
349.9 260.4
316.5 232.0
277.3 201.6
241.0 173.5
211.2 150.4
187.4 132.2
168.9 118.4
154.9 108.2
144.9 101.1
138.1 96.4
133.6 93.8
130.0 97.1
123.2 115.4
116.3 143.3
110.5 168.6
106.7 189.0
104.5 205.3
103.2 218.1
104.7 226.3
122.0 225.4
151.7 215.4
181.7 194.9
206.4 174.9
226.3 156.7
241.4 141.1
252.5 128.9
260.1 119.6
265.0 112.9
263.6 107.3
255.7 103.3
233.4 100.2
207.7 98.5
182.4 98.3
161.4 99.1
144.9 100.5
131.5 104.4
121.1 111.2
114.8 121.1
112.1 134.4
112.7 149.7
115.3 164.7
118.9 178.3
123.9 190.6
129.9 201.1
137.2 209.0
152.9 213.6
186.1 212.0
220.6 206.0
249.7 195.7
270.8 179.2
283.2 161.8
286.4 144.2
274.4 126.4
258.8 111.9
241.1 101.7
221.1 95.8
199.9 95.2
181.0 99.7
166.0 106.6
156.3 116.3
153.1 128.2
152.9 139.2
154.5 149.0
157.1 157.4
161.9 164.1
170.6 168.9
180.4 171.0
189.7 171.4
199.2 169.8
208.9 163.4
215.8 155.1
220.4 148.0
222.4 141.2
223.0 135.6
221.2 131.2
218.5 128.2
214.7 126.3
210.6 125.4
205.9 125.6
201.4 126.6
197.0 128.5
192.9 130.9
189.4 134.1
186.5 137.9
184.4 141.7
182.9 145.5
182.6 149.1
182.8 151.9
183.8 154.5
185.7 156.8
187.9 158.4
191.3 159.4
194.7 160.1
197.4 160.4
200.1 160.4
202.2 160.3
204.1 160.1
205.5 159.5
206.4 158.6
207.3 157.5
207.9 156.6
208.5 155.5
208.8 154.1
209.0 152.9
209.0 151.7
209.0 150.8
208.8 150.1
208.6 149.6
208.4 149.2
208.2 149.0
