89.8 71.6
88.0 70.3
88.3 70.5
88.5 70.6
88.6 70.7
88.6 70.7
88.7 70.8
88.7 70.8
88.8 70.8
88.8 70.9
88.8 70.9
88.9 70.9
88.9 70.9
88.9 70.9
88.9 70.9
88.9 70.9
88.9 71.0
89.0 71.0
89.0 71.0
89.0 71.0
89.0 71.0
89.0 71.0
89.0 71.0
89.0 72.5
89.0 78.1
89.9 88.2
91.2 101.1
92.2 112.2
93.1 123.5
93.7 133.3
94.2 141.8
94.5 150.1
94.4 158.7
94.2 167.8
94.1 180.1
93.9 192.2
93.8 202.0
93.6 210.8
93.2 218.5
92.6 224.9
92.0 230.3
91.3 235.3
90.8 239.6
90.3 243.5
90.0 247.4
89.5 250.7
88.8 254.2
88.0 257.0
87.4 259.3
86.9 260.7
86.6 261.3
86.4 261.3
86.9 260.9
88.5 260.3
90.1 259.5
92.9 258.7
97.8 258.7
103.5 259.2
111.2 259.4
120.0 259.9
128.0 260.1
136.2 260.3
143.8 260.6
150.7 261.1
157.7 261.7
165.8 262.5
173.2 263.3
181.2 264.3
190.6 265.2
199.5 266.3
207.2 267.3
214.8 268.4
221.0 269.8
226.1 271.1
232.2 272.6
239.3 274.1
245.5 275.2
251.0 275.9
258.5 276.1
266.4 275.9
273.7 275.0
285.2 272.4
298.5 269.0
311.4 265.7
323.1 261.9
332.8 258.3
340.0 255.2
345.9 252.0
351.2 247.5
355.5 240.3
358.4 230.9
360.1 220.6
360.8 209.1
360.8 198.0
360.1 188.1
359.1 179.0
357.8 169.7
356.5 159.5
353.4 146.5
350.1 133.5
347.0 122.7
344.2 114.1
341.3 106.9
339.0 101.0
336.7 93.9
334.6 87.7
333.1 81.5
332.0 75.2
331.2 69.2
330.8 64.0
330.6 59.3
330.6 55.1
330.7 51.6
330.8 48.5
331.1 46.0
331.0 44.0
330.1 42.3
328.3 41.1
324.8 40.3
320.5 40.0
316.3 40.2
311.8 40.6
307.0 41.2
301.5 41.9
294.6 42.6
288.6 43.3
283.1 44.0
278.2 44.6
274.1 45.1
271.0 45.6
268.3 46.0
266.0 46.6
263.7 47.7
261.9 49.2
259.7 51.5
257.6 54.5
256.6 60.5
259.2 70.5
267.6 86.3
275.2 102.2
281.5 116.1
285.9 131.9
288.4 146.4
288.4 161.6
286.8 176.4
282.2 190.8
275.5 204.3
268.1 217.2
260.4 229.7
254.0 240.5
250.2 253.0
248.9 264.8
248.9 275.5
248.9 284.0
247.4 291.2
240.0 297.2
215.3 299.8
187.9 299.3
163.2 297.4
139.4 293.5
116.6 287.9
94.2 279.9
74.3 270.1
58.1 258.2
46.2 244.7
38.0 231.6
33.4 220.1
31.9 210.5
33.2 202.2
39.2 194.7
48.6 188.2
63.2 182.2
83.6 177.2
105.7 173.7
125.9 171.5
151.8 170.3
179.8 169.8
202.7 169.2
225.8 167.8
246.6 165.8
262.4 164.0
279.1 158.5
294.0 150.2
307.7 135.5
318.2 116.1
323.8 96.7
322.3 77.3
312.0 60.5
297.0 46.2
275.6 35.3
241.3 28.6
207.3 25.7
177.4 25.5
151.1 27.5
127.8 31.4
107.8 36.7
89.2 44.6
74.9 52.6
64.6 62.6
59.1 74.6
60.9 88.3
73.2 108.0
89.6 129.2
104.5 149.2
115.6 171.0
117.5 195.0
114.6 215.5
109.7 231.5
103.7 243.3
97.9 251.1
93.0 255.8
89.2 258.2
86.3 258.4
84.9 256.0
85.5 250.6
88.1 242.7
93.9 234.3
103.8 226.4
115.7 219.5
137.0 213.8
172.0 208.4
207.9 203.4
239.9 198.3
271.5 188.7
299.5 170.8
324.4 140.9
341.5 109.2
351.1 80.5
354.3 56.2
354.2 37.9
346.6 28.2
331.6 27.3
310.5 36.0
286.4 50.4
259.9 69.3
230.6 91.0
202.9 114.0
174.8 139.4
150.2 163.8
128.3 186.0
108.4 206.0
90.5 222.1
76.9 234.3
67.2 243.4
61.2 249.2
58.0 252.6
60.3 254.3
68.8 254.5
94.8 252.2
127.1 248.6
170.5 242.9
206.8 236.8
239.0 230.3
267.0 224.3
288.3 219.3
303.7 215.3
314.1 212.2
320.7 209.8
322.6 207.6
318.4 205.6
288.8 198.7
245.5 190.9
203.2 183.7
163.6 176.4
128.2 169.8
98.5 162.8
74.0 154.7
56.2 148.4
43.9 143.6
39.8 139.4
51.8 135.2
85.1 131.1
145.9 129.3
209.7 128.0
267.1 126.6
313.6 125.7
349.6 125.0
376.2 124.5
394.6 123.8
404.7 122.9
401.2 120.7
382.9 118.2
350.9 114.3
307.6 108.1
257.5 100.4
206.2 93.0
160.5 87.3
122.6 83.2
93.8 80.3
72.9 78.4
58.5 77.3
50.3 76.6
49.8 75.8
69.0 74.8
98.8 73.5
145.4 71.2
195.7 68.7
239.1 66.6
274.1 64.8
301.2 63.6
321.3 62.9
335.4 62.5
344.5 62.4
347.4 62.8
336.7 65.0
313.3 72.8
280.1 84.6
238.4 100.8
198.5 115.9
165.2 129.2
138.7 140.2
119.0 149.6
111.8 158.7
120.0 169.4
136.6 182.2
158.6 198.7
180.1 215.6
199.8 232.3
216.1 248.3
226.9 261.7
226.6 273.0
214.5 282.3
194.0 288.8
173.7 290.9
156.0 287.3
141.7 278.6
133.0 265.9
131.2 252.1
138.1 237.8
150.4 224.7
180.6 211.3
210.2 199.4
237.3 181.7
259.9 160.9
277.4 136.4
289.3 111.9
293.1 87.3
291.8 66.8
286.6 50.9
275.9 40.1
263.8 34.6
251.0 35.0
238.0 41.6
228.4 55.1
227.2 79.1
232.7 113.2
242.4 153.4
251.3 192.0
257.8 227.1
260.8 256.8
256.4 281.7
243.7 299.9
224.0 309.9
200.1 309.0
179.3 302.7
161.8 287.9
149.5 268.8
142.6 247.1
142.8 224.2
153.0 199.4
168.7 177.5
185.6 158.0
203.6 139.3
218.8 120.5
227.9 104.2
230.7 91.2
226.7 80.3
218.7 72.6
211.2 70.1
206.8 73.0
207.0 85.4
208.1 99.4
209.5 115.0
207.5 132.9
191.5 153.5
175.7 171.1
162.8 187.7
153.1 206.0
147.5 225.0
143.1 242.6
135.8 259.1
125.3 273.0
109.4 283.4
94.0 288.4
77.4 277.5
63.0 260.0
52.2 236.5
43.1 203.4
35.7 172.2
30.9 144.3
26.9 117.0
24.1 93.1
22.8 72.2
22.5 54.4
23.1 40.1
24.2 29.8
25.6 23.2
27.1 19.6
28.7 18.2
31.5 18.4
38.0 20.7
47.3 25.6
58.0 31.9
69.3 40.9
81.7 55.4
92.5 73.3
100.8 93.1
105.9 116.2
107.9 138.3
106.7 159.1
104.2 177.3
103.8 194.3
107.1 210.0
109.7 221.8
112.5 230.8
114.7 237.7
118.2 242.9
124.9 246.0
133.9 246.8
141.7 244.5
147.6 239.1
151.9 234.0
156.9 230.1
166.9 227.7
182.1 225.9
195.4 224.2
207.2 222.7
217.5 222.0
225.8 222.3
235.3 222.9
246.9 223.3
258.2 223.1
267.4 222.3
275.2 220.7
281.5 218.5
287.0 215.6
291.7 212.5
295.5 209.7
298.7 206.3
301.3 202.6
303.9 198.0
306.3 193.3
308.8 188.3
311.2 183.6
312.9 179.2
314.7 174.9
316.4 170.8
318.0 167.1
319.2 163.2
320.4 158.7
321.7 153.1
322.5 147.5
323.5 142.5
324.7 136.3
325.7 129.3
326.7 121.8
327.6 115.3
328.4 107.7
328.7 102.1
326.6 97.9
318.1 96.3
293.2 98.0
253.8 102.8
211.6 108.7
165.5 116.1
125.7 123.2
95.4 129.3
73.4 134.1
63.1 137.9
75.9 144.8
98.4 157.2
121.3 171.6
141.4 185.8
153.8 200.9
155.5 213.8
148.3 224.6
142.2 232.7
137.3 238.8
135.1 248.9
134.2 260.3
134.4 270.1
141.0 276.8
154.7 279.7
173.3 280.2
198.5 279.7
226.8 278.3
250.3 275.9
269.1 272.5
283.4 269.4
293.8 265.7
297.2 261.0
285.3 255.9
262.2 250.9
235.7 246.9
199.5 242.6
164.9 238.7
130.5 234.1
100.1 228.2
76.7 222.5
59.4 217.1
49.4 211.3
50.8 204.4
68.0 197.7
103.5 194.0
148.8 190.6
198.4 186.0
247.5 180.4
289.2 174.0
321.4 165.5
342.3 155.8
351.8 145.6
350.8 134.8
340.6 123.7
326.6 115.5
300.7 109.6
275.9 105.7
248.8 104.6
222.6 105.3
193.3 107.5
168.1 109.9
143.6 112.5
117.5 115.3
95.5 117.8
78.5 120.0
64.9 121.9
53.7 118.8
46.1 112.7
42.0 104.5
42.7 95.1
48.5 86.1
58.0 78.9
75.5 73.2
99.0 69.0
127.4 67.1
155.5 67.5
185.1 69.8
212.9 73.8
236.0 78.6
253.5 83.8
263.6 93.2
263.9 106.7
256.8 123.1
248.7 139.6
240.9 156.1
234.6 171.0
231.9 187.0
230.5 200.5
232.0 212.6
234.0 222.2
236.9 231.1
239.7 238.1
242.7 243.4
245.4 247.0
249.2 248.3
254.1 246.3
259.9 242.2
266.4 235.2
273.7 225.5
280.1 215.8
285.7 206.6
290.7 196.6
294.2 186.3
296.8 177.4
298.5 169.1
299.3 161.8
299.9 155.9
300.0 150.8
300.0 146.7
299.7 143.5
299.6 141.1
299.3 139.8
298.8 139.2
298.4 139.2
297.9 139.6
297.4 140.3
296.9 141.1
296.5 142.0
296.2 143.0
295.9 143.8
295.6 144.7
295.4 145.4
295.2 146.0
295.1 146.6
295.0 147.0
294.9 147.4
294.9 147.7
294.9 147.9
294.9 148.0
294.9 148.2
294.9 148.2
