75.0 153.0
72.9 153.0
73.2 153.0
74.1 154.4
83.5 157.4
106.3 160.5
136.5 162.7
169.3 163.9
194.0 164.6
212.2 164.3
226.8 162.6
243.0 158.9
255.1 155.4
267.0 152.5
276.6 150.2
283.7 148.4
287.9 147.1
289.8 146.2
277.7 148.9
256.0 155.3
224.1 167.9
187.1 184.3
151.7 201.0
120.0 216.4
93.2 230.7
71.2 243.9
54.9 254.2
43.2 262.8
36.9 270.2
41.7 275.2
68.5 278.2
106.7 278.3
146.6 276.6
182.0 274.5
213.7 272.2
242.4 269.9
265.7 266.2
284.1 257.1
299.2 239.5
310.4 213.1
317.6 184.3
321.6 156.1
323.3 132.5
322.2 112.3
319.5 96.5
315.9 85.0
306.0 75.6
277.9 66.9
242.8 58.5
196.9 49.8
154.3 43.2
120.0 38.9
92.7 36.5
71.8 36.0
55.3 40.7
43.6 54.2
36.3 75.8
34.3 105.7
34.8 137.2
36.9 165.8
39.7 189.5
43.2 209.9
46.9 227.6
50.6 241.5
54.8 253.2
58.9 261.9
62.5 267.7
66.7 271.4
72.9 273.4
87.5 274.3
115.8 273.1
155.6 272.6
194.1 271.8
229.8 271.1
260.7 269.9
286.7 268.6
306.2 266.8
320.9 264.6
331.6 261.4
338.4 254.2
340.1 237.8
337.5 215.3
332.3 191.1
324.1 159.7
315.5 132.1
307.7 110.6
300.8 94.7
295.0 83.5
290.1 76.1
286.2 71.8
283.0 69.7
279.5 69.5
270.0 72.0
254.0 76.8
235.9 83.6
217.3 91.2
200.0 99.0
182.4 107.0
164.8 114.8
146.7 122.5
128.9 130.7
110.2 139.0
92.1 146.3
74.8 152.4
60.3 157.1
47.8 160.6
38.2 163.3
31.9 164.9
28.4 165.7
27.0 166.0
45.0 169.3
64.6 171.9
86.2 173.8
110.5 175.5
136.1 177.0
166.9 178.7
198.5 179.9
228.2 180.5
252.6 180.3
271.8 178.7
289.2 175.7
303.7 171.4
314.4 163.7
319.4 150.8
316.9 133.3
307.6 112.9
294.3 93.0
266.0 74.9
236.4 60.4
204.8 50.3
171.9 44.8
140.7 44.8
112.4 50.4
85.5 64.1
63.6 82.0
47.3 104.3
38.8 132.8
40.6 162.7
53.5 192.0
76.7 217.6
115.1 239.4
154.6 254.6
192.6 263.7
228.0 267.9
260.9 265.2
289.8 257.6
314.6 244.7
333.2 228.5
341.9 205.9
340.3 177.6
331.3 150.3
317.5 127.5
292.6 106.1
262.0 89.6
227.9 79.4
193.2 74.3
161.0 74.6
131.3 81.7
106.6 91.9
86.8 106.6
72.2 123.8
63.7 145.4
61.2 167.9
66.2 191.1
81.1 213.6
104.4 232.1
138.1 246.8
174.1 255.6
206.8 259.9
235.5 257.9
259.6 249.7
278.6 237.3
292.3 220.9
299.0 201.5
296.9 177.4
288.4 151.8
275.5 127.8
259.6 106.8
240.3 88.2
217.9 72.8
195.9 61.6
174.3 54.4
151.6 51.5
130.0 53.5
110.6 59.2
93.7 69.4
79.6 83.1
68.3 98.9
60.0 115.8
54.3 133.8
51.0 153.1
50.8 172.4
53.1 190.7
59.1 209.3
66.6 226.2
80.4 242.5
96.4 255.8
117.7 266.6
148.4 274.2
176.5 278.7
202.3 280.5
229.0 279.2
250.5 275.3
269.5 268.3
285.4 259.0
299.2 245.7
309.7 230.4
317.7 213.3
322.7 193.2
323.7 173.2
318.4 152.4
308.5 131.2
295.9 111.5
277.6 92.4
258.8 77.2
237.1 64.7
216.2 54.8
194.2 48.1
172.5 44.8
153.8 44.9
137.0 48.3
120.4 56.2
107.2 65.8
96.5 76.6
88.2 88.4
81.7 101.0
77.0 115.8
74.4 130.9
74.7 145.8
77.7 159.7
82.2 171.9
88.1 182.1
95.4 190.8
104.1 198.1
114.3 204.2
124.3 208.4
134.1 211.3
143.8 213.3
152.7 214.4
163.5 215.2
173.8 215.6
183.6 215.4
195.5 214.7
207.3 213.8
217.5 212.8
231.0 211.7
245.8 210.6
260.3 209.5
276.0 208.9
290.0 208.6
300.9 208.0
310.9 204.9
320.1 197.6
327.4 187.0
332.8 173.8
336.6 159.5
338.6 145.1
339.5 128.7
340.3 111.1
340.8 93.9
340.5 78.0
340.0 63.1
339.5 50.7
338.7 41.7
337.7 35.7
336.6 31.8
335.6 29.9
334.6 29.4
331.3 29.7
323.9 30.7
312.0 34.0
289.1 39.3
264.9 44.1
239.3 49.1
207.9 53.6
176.1 56.5
147.7 58.4
120.5 60.0
95.4 60.5
73.0 60.2
56.2 59.9
44.8 59.5
37.8 59.1
34.1 58.7
33.1 58.4
33.9 58.1
36.1 57.8
39.0 57.6
42.4 57.4
45.9 57.3
49.3 57.1
52.6 57.1
55.6 57.0
58.2 56.9
