311.1 66.6
313.0 65.3
311.9 65.5
296.8 63.5
268.1 60.9
237.3 59.6
203.4 58.5
175.7 57.8
152.7 58.3
129.7 61.2
112.6 64.4
100.3 70.8
92.6 79.1
90.6 89.4
97.6 104.9
109.0 120.2
122.8 134.3
140.3 150.0
155.6 163.0
170.0 175.3
184.0 189.5
193.3 202.1
199.2 212.3
202.2 221.4
196.8 231.5
186.4 239.7
164.7 247.3
142.0 252.7
123.7 256.0
107.1 254.8
93.4 249.9
84.1 243.1
81.3 235.9
86.6 229.3
99.5 225.5
121.4 228.8
146.6 234.8
168.7 240.0
197.1 242.4
226.9 240.1
252.4 234.7
276.7 224.6
294.0 211.7
303.7 195.7
308.2 178.2
307.5 160.8
303.0 144.6
295.4 131.5
282.9 120.7
268.1 112.8
252.7 108.6
235.9 110.5
221.8 115.3
211.3 123.4
204.8 135.3
200.8 150.0
197.1 167.8
190.7 187.2
183.1 203.7
172.0 218.0
159.2 228.8
144.8 236.6
130.4 240.2
118.1 241.6
104.2 239.4
92.1 235.1
82.3 229.2
74.0 221.2
67.2 209.5
62.6 198.6
59.9 186.5
59.8 172.9
61.8 157.5
65.7 140.8
69.8 125.1
73.5 111.7
76.3 96.0
78.8 82.5
80.9 71.2
83.6 63.0
88.4 57.6
103.1 54.7
120.9 54.3
143.6 55.8
164.5 58.6
185.4 63.2
212.5 72.3
236.5 80.9
256.4 88.2
274.4 92.6
290.8 93.4
303.8 90.1
312.9 85.4
318.5 79.7
317.1 69.8
309.1 60.6
298.1 53.0
277.4 45.7
249.5 39.7
220.5 36.4
195.1 35.1
171.0 36.3
147.2 41.9
127.7 50.0
111.5 61.8
99.4 75.4
92.3 92.7
91.4 111.5
99.9 131.5
117.4 153.1
141.5 175.7
167.0 196.3
192.2 215.2
217.1 233.2
238.9 249.2
256.9 261.4
271.3 270.8
281.8 276.8
289.1 279.5
295.1 275.9
299.4 264.1
302.2 248.2
305.7 225.4
309.1 200.6
312.7 176.2
315.5 151.2
317.0 130.5
317.8 113.9
317.9 100.2
317.5 90.5
316.7 84.1
315.7 80.2
314.6 78.3
313.4 77.9
312.3 78.7
311.3 80.1
