97.8 76.6
96.1 72.5
96.3 70.8
96.5 71.5
96.6 71.5
96.7 76.6
97.7 85.7
106.0 97.7
118.5 100.5
139.9 100.5
156.6 92.3
167.1 80.3
169.9 76.4
160.2 74.4
146.9 87.7
137.7 106.8
141.7 142.1
147.3 152.7
151.4 166.7
150.7 177.7
142.9 192.8
127.5 201.6
108.4 202.5
85.2 183.1
65.8 170.2
61.4 157.2
74.7 165.6
101.5 211.3
123.2 234.9
139.8 242.6
153.0 243.5
172.3 234.3
197.9 218.2
224.7 197.1
247.1 159.8
262.7 137.0
267.3 138.5
267.4 155.8
275.3 176.9
287.0 189.7
298.0 195.6
305.7 195.5
308.2 174.1
307.0 147.0
303.9 131.2
297.5 124.3
289.6 125.5
283.3 141.8
286.1 156.8
292.4 166.7
295.4 181.8
291.2 186.6
280.1 191.6
270.1 198.6
262.6 205.6
257.9 213.6
253.8 218.6
246.4 219.5
231.4 224.6
213.1 227.5
197.9 229.5
187.5 236.6
182.6 247.7
178.8 248.5
169.8 243.4
147.5 217.0
125.2 202.2
105.1 179.0
90.4 162.1
85.6 146.2
88.9 142.4
93.7 142.5
99.1 139.4
103.7 128.3
103.7 108.1
98.6 98.3
91.5 96.4
84.9 97.5
83.3 114.8
92.0 129.7
104.7 140.7
115.5 145.6
122.3 151.6
124.4 157.6
126.2 162.6
131.1 173.7
139.8 190.8
144.9 202.7
144.5 212.7
141.1 222.7
137.7 236.7
141.1 239.5
151.6 245.6
161.0 246.5
166.5 251.6
163.8 249.4
155.8 243.3
147.8 233.3
145.2 210.0
156.8 185.0
186.0 162.0
219.5 156.4
248.5 153.4
272.0 146.3
289.8 142.4
299.8 130.2
298.9 112.1
291.6 107.4
269.6 99.3
245.0 100.5
223.9 103.5
208.4 117.7
203.5 144.0
203.9 161.8
206.0 174.7
209.7 187.7
216.0 208.9
225.9 216.6
242.0 224.6
262.4 228.5
282.6 219.3
300.4 198.1
314.5 161.8
324.9 131.9
332.8 109.0
337.3 84.0
339.5 66.1
339.2 54.2
335.1 51.4
323.0 51.5
296.8 53.5
267.5 53.5
242.8 54.5
224.5 59.5
223.2 64.5
228.4 66.5
233.6 69.5
237.2 80.7
237.4 94.7
235.7 114.8
238.8 134.8
253.0 174.2
266.3 186.7
274.8 202.8
278.0 218.8
279.0 235.8
279.1 250.7
279.2 255.5
277.5 257.5
269.1 257.4
245.6 238.1
210.6 214.0
174.1 188.0
144.7 176.2
122.0 159.1
106.4 137.0
96.6 119.1
90.2 110.3
82.8 105.4
73.1 101.4
61.0 88.2
48.2 75.2
36.9 61.2
30.6 51.3
30.6 49.4
37.8 57.6
54.6 75.8
71.3 88.7
87.6 106.8
104.2 118.7
124.2 130.7
148.8 135.5
172.3 137.5
192.8 141.5
209.6 146.5
226.3 157.7
243.1 166.6
260.2 174.6
274.4 179.5
284.3 180.5
280.4 183.5
261.3 191.6
235.9 199.6
213.8 202.5
197.1 204.5
190.3 209.5
186.2 210.5
183.1 212.5
173.4 218.6
165.5 218.4
159.5 218.4
158.5 215.4
158.6 208.3
153.4 192.1
135.3 162.9
108.9 140.0
87.7 138.4
72.1 135.4
72.8 135.4
81.3 132.4
94.9 127.3
110.9 123.4
130.7 114.3
150.7 105.3
169.7 97.3
184.7 94.4
192.1 92.4
188.6 90.4
181.9 93.5
174.2 96.5
167.5 101.5
165.7 109.6
170.1 118.6
178.8 128.6
187.0 137.6
192.6 146.6
192.7 158.7
188.5 170.7
184.2 177.6
181.3 182.5
181.5 193.6
182.7 202.6
185.5 215.7
188.9 224.6
191.5 239.7
188.6 242.5
177.8 239.4
156.9 226.2
136.7 220.3
118.5 207.2
103.9 188.1
95.7 174.2
93.1 162.2
95.1 151.2
100.7 146.3
110.7 144.4
126.4 144.4
148.0 144.4
176.5 148.5
208.2 148.4
237.4 145.4
264.4 139.3
287.8 130.3
307.2 116.2
322.0 106.2
333.9 91.1
341.7 75.1
346.3 64.2
346.0 55.3
340.8 48.3
330.2 43.3
318.9 42.4
309.0 42.4
300.5 47.5
294.7 61.7
291.5 74.7
290.1 90.7
289.8 102.6
290.9 126.9
292.9 139.7
296.3 162.9
300.4 171.6
304.6 184.7
308.5 194.6
311.6 197.5
314.2 205.6
316.8 213.6
319.2 228.7
321.2 237.6
322.7 242.5
323.3 247.5
322.5 250.5
318.9 252.5
313.2 253.4
302.0 253.4
289.1 253.4
273.5 253.4
257.3 253.4
240.6 253.4
224.8 253.4
208.2 253.4
190.1 253.4
173.6 254.4
157.4 254.4
141.4 253.4
126.0 250.4
110.8 248.4
95.9 245.4
80.5 242.4
66.3 240.4
55.1 236.3
47.3 232.3
41.9 211.0
38.6 197.1
36.0 179.1
34.5 170.2
32.5 142.9
30.9 127.1
28.9 114.2
26.8 98.1
25.1 92.3
24.3 85.3
24.4 78.3
25.5 73.3
27.3 69.3
29.4 69.4
32.5 66.3
36.4 66.4
43.4 69.5
51.5 71.4
61.5 77.5
70.8 80.5
79.0 83.5
87.5 88.5
96.0 93.5
104.4 97.5
111.4 101.5
117.7 104.5
122.6 106.4
127.4 111.5
133.0 116.5
139.3 120.5
145.2 125.5
152.0 130.5
158.6 135.5
164.6 137.4
174.0 145.6
185.2 152.5
199.2 165.7
214.2 172.5
227.8 175.5
240.9 180.5
253.4 184.5
265.7 186.4
278.3 187.4
290.9 187.4
303.2 185.4
313.4 180.3
321.4 177.3
326.9 175.4
330.2 173.4
330.9 172.4
327.9 171.4
322.5 170.4
313.0 169.4
301.8 169.4
291.9 169.4
281.7 170.4
271.2 170.4
259.1 168.4
245.9 165.3
232.1 163.4
219.6 163.4
207.8 162.4
196.8 162.4
187.0 161.4
176.6 161.4
167.9 161.4
160.7 161.4
153.5 161.4
146.8 159.4
139.7 157.4
133.4 155.4
126.8 152.3
119.6 149.3
110.8 146.3
103.0 143.3
95.4 138.3
88.3 131.3
83.1 126.3
80.0 123.3
79.7 121.4
82.8 121.4
89.9 122.4
99.9 124.4
111.3 125.4
121.9 125.4
133.3 126.4
145.8 127.4
160.0 130.4
174.3 131.4
188.4 132.4
201.4 132.4
211.6 133.4
220.0 133.4
228.5 133.4
239.4 136.4
250.4 138.4
259.9 140.4
267.7 142.4
275.1 144.4
281.8 148.5
286.9 149.4
290.9 153.5
295.1 161.5
298.2 169.5
300.0 177.5
300.8 180.4
301.1 183.4
301.4 187.5
301.4 189.4
301.1 191.4
300.7 195.5
300.2 198.4
299.5 200.4
298.8 201.4
298.1 203.4
297.4 204.4
297.0 206.4
297.2 208.4
297.7 212.5
298.0 212.4
298.5 214.4
298.9 214.4
299.2 214.4
