105.7 51.8
104.2 50.1
104.4 50.4
104.5 50.5
104.6 50.6
104.7 50.7
104.7 52.1
105.2 74.1
105.5 110.2
105.7 157.8
105.9 203.6
106.0 242.6
106.0 270.4
106.4 286.1
112.2 280.9
123.0 250.2
134.6 202.4
148.8 150.2
161.3 106.3
170.9 75.7
178.3 62.5
183.9 81.7
188.5 117.7
195.6 158.0
202.5 191.2
215.0 205.0
230.6 198.8
244.3 180.4
256.3 157.3
265.6 136.1
273.6 122.1
285.8 130.4
299.9 156.4
310.7 183.0
318.9 205.3
327.1 205.6
331.2 187.9
332.2 164.5
331.8 142.5
330.3 125.8
329.2 129.3
336.5 156.0
345.8 190.0
353.5 222.1
359.2 247.1
364.4 259.5
368.0 259.1
370.3 242.7
365.5 210.1
354.5 175.2
341.6 145.5
325.1 124.1
306.2 114.7
283.7 118.9
258.7 134.6
236.2 157.3
217.6 181.4
198.6 206.6
180.4 226.9
160.2 240.3
132.7 242.4
112.0 236.7
98.2 215.0
89.2 182.9
84.5 153.7
92.6 128.9
110.3 113.4
138.0 110.6
172.2 116.1
201.4 117.9
225.5 114.3
240.7 105.6
233.1 93.0
218.3 82.7
196.5 76.4
173.1 74.8
150.3 79.2
132.6 90.1
121.8 105.0
119.1 125.8
124.6 152.1
130.8 176.0
136.8 198.5
139.1 219.5
132.5 240.0
116.7 253.8
96.4 258.8
77.0 256.1
62.0 245.3
51.5 230.0
49.0 212.2
62.5 194.8
92.6 181.4
133.7 172.8
176.1 167.6
215.3 166.1
247.8 166.7
276.6 167.9
302.4 167.9
322.2 167.8
336.8 166.9
347.3 165.2
353.6 163.3
355.3 162.0
348.3 159.3
321.4 151.1
282.8 138.8
237.0 123.4
199.1 110.8
169.1 102.1
148.1 96.6
138.5 93.3
147.2 92.9
160.5 93.6
173.3 93.9
183.4 93.7
182.9 91.7
174.4 88.3
159.9 83.7
143.3 79.0
128.8 74.7
117.7 71.8
112.7 68.5
119.2 65.8
142.2 64.1
173.3 63.4
202.1 63.5
226.1 64.1
245.2 64.9
259.6 65.7
269.8 66.5
276.5 66.7
264.0 63.7
239.9 59.3
209.9 56.2
175.8 55.4
141.1 56.7
112.4 60.6
90.3 69.5
76.1 83.6
71.6 101.1
76.0 124.7
82.1 149.4
82.4 177.5
77.7 204.2
70.8 225.0
65.1 238.6
62.5 246.5
65.3 251.3
79.9 256.9
99.4 262.3
127.6 267.9
153.0 271.1
182.3 271.3
214.9 269.0
252.3 263.7
284.6 258.1
313.4 251.7
335.7 244.2
353.0 233.1
365.3 220.8
372.6 200.0
376.4 180.5
378.3 162.5
378.4 145.8
378.2 132.0
377.6 121.0
376.4 113.7
374.4 109.7
372.1 108.0
370.0 107.3
367.7 106.0
365.6 102.0
363.5 95.2
361.7 85.9
359.8 75.4
355.0 66.3
343.4 60.2
320.5 63.7
295.6 73.9
267.6 91.2
236.0 111.7
212.0 129.6
202.0 146.5
207.0 166.9
213.1 185.6
219.2 199.8
224.3 209.4
227.8 215.5
229.7 219.4
230.5 222.2
229.7 224.0
224.9 226.3
216.8 228.0
206.9 228.6
189.2 227.2
167.8 222.6
137.0 215.7
109.6 207.4
87.6 195.9
68.6 173.8
55.2 152.2
47.1 133.1
46.1 118.8
52.2 110.1
68.3 114.0
96.3 131.0
132.4 157.9
166.1 188.6
196.5 217.3
226.8 240.7
250.7 255.9
274.9 256.9
298.4 242.3
316.5 215.8
330.0 185.4
338.4 154.4
341.7 123.8
341.5 99.6
333.8 82.4
320.6 72.8
297.9 70.8
262.9 76.3
229.8 87.5
201.4 102.8
177.7 118.9
159.1 132.0
145.2 142.8
135.7 153.6
136.3 168.6
145.4 186.1
165.0 207.2
184.8 225.5
201.8 238.8
211.3 247.9
212.0 253.8
211.6 256.3
211.6 256.9
217.6 256.2
236.2 253.0
256.9 247.1
281.4 238.1
304.2 229.4
322.5 221.4
339.7 210.6
353.4 200.2
363.4 191.8
369.7 182.2
367.5 169.5
357.7 157.5
344.7 149.2
324.8 144.6
299.3 144.5
272.9 147.2
241.2 149.7
212.8 151.3
187.4 152.1
161.1 151.3
135.2 147.8
114.2 140.1
96.5 129.2
83.6 116.9
76.3 102.7
73.7 90.1
76.1 80.5
85.3 79.3
96.9 85.4
108.3 94.7
121.7 105.8
146.1 121.2
176.9 137.6
209.3 152.1
239.1 164.1
263.3 174.3
284.9 185.7
306.1 198.9
322.4 210.1
335.3 218.5
344.7 224.2
350.8 228.2
351.8 231.4
329.8 234.9
293.6 237.5
257.9 239.0
227.8 240.1
200.9 241.4
177.8 244.5
159.2 248.5
143.2 253.1
124.7 256.5
105.6 254.9
89.7 248.0
77.0 235.3
67.8 218.1
62.3 202.1
62.0 190.0
69.8 182.2
88.4 179.9
116.9 180.8
155.4 183.6
198.4 189.3
234.9 194.9
270.3 198.6
305.1 199.8
331.7 199.8
351.6 197.4
365.9 191.3
374.9 185.0
378.7 178.4
373.3 171.7
355.3 164.9
329.6 158.4
297.8 152.7
261.2 147.1
228.5 142.8
200.9 139.8
173.5 136.7
149.8 135.1
130.7 134.2
115.9 133.5
105.4 133.0
97.9 132.4
93.0 131.7
89.8 130.2
88.6 129.1
89.0 128.4
95.3 127.9
110.3 128.5
131.1 131.0
154.4 135.4
178.2 139.6
201.1 143.2
220.4 145.7
237.7 147.1
252.4 147.6
265.7 147.3
280.1 146.7
292.2 145.9
301.0 145.1
306.7 144.4
310.4 143.9
312.1 143.6
312.3 143.4
311.6 143.4
