95.8 91.4
94.1 90.5
94.3 90.6
94.5 90.7
92.8 96.8
89.8 109.9
93.4 132.4
114.0 159.2
142.9 181.1
174.3 196.9
210.0 205.8
236.3 207.8
248.6 194.5
252.2 176.4
248.1 159.4
239.7 145.5
224.3 146.9
213.6 158.4
213.5 175.6
219.1 194.3
223.6 212.6
222.3 228.5
203.9 240.9
176.6 248.2
149.1 251.7
124.5 252.1
106.2 249.1
96.0 245.3
105.7 244.8
137.0 249.9
169.7 254.5
204.7 255.2
235.8 253.6
261.9 242.3
281.3 226.3
294.7 210.6
303.1 196.2
308.1 183.1
311.2 170.4
313.5 159.7
314.8 150.9
316.3 142.6
315.7 131.5
309.4 119.5
301.6 109.2
293.3 101.9
282.1 97.8
275.0 106.9
274.3 122.3
282.7 144.1
291.1 163.3
297.9 180.0
303.1 194.7
303.6 208.7
299.1 221.0
294.9 231.6
295.7 243.9
304.2 256.5
317.0 268.6
325.3 277.7
328.4 282.7
328.8 279.3
325.7 263.1
322.8 237.8
322.5 210.6
326.5 181.7
330.8 156.2
334.4 134.0
337.1 112.4
339.1 95.1
340.7 81.6
342.1 72.2
344.1 66.2
346.4 61.6
342.2 54.0
324.5 46.7
301.6 41.9
278.4 40.3
256.8 42.1
239.7 48.0
228.0 56.5
220.9 66.0
216.6 75.2
212.6 84.0
199.7 91.7
186.4 96.8
173.9 101.3
162.8 105.2
150.4 110.6
140.6 119.0
135.5 130.8
137.8 145.7
141.1 159.7
140.9 172.4
132.3 183.6
116.7 192.6
103.1 199.0
91.7 204.3
82.9 210.7
79.7 220.2
83.0 229.7
100.4 240.8
123.8 251.2
147.3 259.6
181.6 264.9
222.6 265.0
257.7 259.4
292.4 242.7
322.3 220.5
340.4 191.3
349.8 164.7
347.8 139.5
338.2 119.2
322.3 103.8
300.0 93.6
273.4 86.8
243.6 84.8
215.0 86.8
184.1 92.8
159.3 99.6
140.2 107.3
131.2 116.4
141.1 128.8
156.1 140.2
169.9 150.3
179.5 162.8
179.6 174.4
170.1 185.0
155.5 194.4
140.5 202.8
128.8 210.0
124.2 218.0
123.0 224.8
123.4 230.8
117.0 237.1
105.2 241.5
95.9 244.3
88.9 245.9
90.7 247.4
103.1 249.2
135.0 253.9
176.4 258.5
230.1 263.2
276.9 265.1
314.2 264.4
342.5 260.5
353.0 247.2
348.4 233.2
327.5 219.9
290.8 205.6
245.9 189.3
205.3 174.9
170.4 160.4
140.2 144.8
116.7 130.2
99.3 118.5
91.4 109.2
104.2 100.6
126.0 93.9
154.6 88.1
180.7 79.7
200.3 69.0
213.6 59.7
222.7 53.5
226.4 52.9
226.2 61.1
228.5 78.3
235.9 103.8
242.8 130.4
248.1 158.0
248.0 186.6
243.8 211.6
238.3 231.5
227.0 245.8
197.0 248.8
165.2 245.1
138.5 238.6
115.0 225.9
95.4 205.5
80.5 184.5
70.6 162.2
65.0 143.1
65.7 127.3
76.6 116.0
96.9 114.0
120.4 128.4
142.7 147.8
162.2 166.6
178.8 183.5
193.4 198.0
206.4 209.3
220.7 216.8
235.1 218.8
249.5 209.8
260.9 195.0
269.8 174.8
275.5 153.8
277.7 135.1
274.8 119.2
269.7 107.1
255.3 99.9
235.1 97.4
212.1 99.5
181.7 103.7
151.2 107.5
125.5 111.7
105.2 116.4
93.5 123.7
95.0 136.3
107.5 153.9
121.1 171.8
129.4 191.9
132.0 211.3
125.7 228.9
111.6 242.4
98.6 251.9
88.2 256.8
83.0 258.7
89.7 258.2
109.6 254.7
139.3 249.0
175.7 241.0
211.2 232.8
242.9 224.4
270.7 214.3
289.2 199.6
297.6 182.6
296.0 161.0
288.7 138.4
279.8 118.0
270.7 101.6
262.5 89.3
255.2 80.6
248.9 75.0
243.7 71.8
239.4 70.4
236.5 71.2
236.1 74.9
237.1 79.9
238.7 85.5
240.1 90.5
