310.2 67.6
312.0 65.3
311.7 65.3
310.1 64.0
287.2 58.1
268.2 55.1
254.8 59.2
253.5 68.3
277.3 80.9
302.9 92.9
317.1 102.3
315.5 112.8
310.5 127.4
309.7 142.8
311.7 159.1
309.9 175.9
305.0 189.7
296.5 200.0
284.0 206.8
273.9 211.1
265.7 214.6
259.5 219.4
255.2 223.2
250.2 226.3
240.0 228.0
222.7 229.2
208.4 230.2
196.9 232.4
188.7 234.4
182.8 236.1
171.9 237.0
153.9 235.1
139.4 230.5
134.4 218.3
137.2 202.3
141.8 188.2
146.4 176.1
141.7 162.6
133.1 149.4
122.2 131.7
114.1 114.4
108.4 100.7
105.4 89.6
105.0 80.2
106.0 73.8
108.5 69.9
111.8 67.7
114.0 66.7
109.3 68.0
101.5 71.6
93.8 79.6
88.1 90.4
85.9 110.0
85.1 129.6
84.0 151.2
82.3 169.5
78.3 189.7
70.6 210.4
61.1 229.0
51.7 243.7
42.7 254.7
35.1 259.0
30.1 254.6
27.6 244.6
30.6 224.9
35.5 201.6
43.1 178.4
54.9 155.0
66.5 135.0
83.2 118.0
102.4 104.9
118.7 96.9
132.8 97.5
148.3 112.1
163.5 133.5
176.8 158.1
187.3 181.3
197.3 201.7
204.2 217.7
210.1 228.4
217.8 231.0
225.4 226.0
233.5 216.5
241.4 203.3
248.1 188.6
254.1 174.3
258.6 161.9
262.6 151.6
266.4 143.6
271.5 139.8
281.0 144.3
292.8 155.5
302.6 167.4
309.5 178.2
310.1 188.4
296.9 196.0
263.6 199.1
224.6 199.8
188.5 199.9
156.6 199.6
128.7 198.8
107.6 197.8
92.3 196.8
81.8 195.9
87.5 193.2
101.0 190.3
127.9 187.4
156.8 184.4
184.2 181.5
212.1 177.5
235.7 173.4
255.1 169.2
270.3 164.7
281.0 158.7
285.1 151.8
282.6 144.7
276.6 138.8
265.7 133.5
249.9 128.6
231.8 124.5
214.0 120.5
198.4 116.8
185.9 113.7
177.3 109.7
174.0 105.7
176.2 101.6
182.3 98.8
189.3 97.0
196.7 95.9
208.8 96.0
223.4 96.8
236.7 97.7
253.0 98.1
269.0 98.0
281.6 97.5
291.6 95.7
298.2 92.9
299.6 90.2
296.6 88.1
284.5 88.7
269.2 92.8
255.5 100.1
244.8 112.1
239.6 125.9
238.6 141.2
239.6 155.7
242.3 170.1
246.6 184.3
250.2 195.8
253.0 205.4
250.1 213.9
242.3 220.0
225.7 223.7
209.4 225.5
193.7 223.6
178.4 219.6
166.1 214.1
157.2 208.4
156.0 203.3
160.7 199.7
177.4 204.5
192.4 212.9
202.8 223.0
200.5 232.2
190.7 240.6
178.4 247.0
165.5 251.7
151.1 255.0
138.6 257.1
126.1 260.1
111.3 266.8
93.9 276.2
80.3 283.6
72.1 290.4
73.6 295.8
84.8 299.0
101.0 300.2
131.6 298.4
161.0 295.3
187.8 290.3
215.5 282.1
238.4 272.0
256.6 260.9
270.7 245.5
278.8 229.1
281.7 211.6
278.9 193.1
267.5 173.6
255.2 158.7
237.4 148.2
218.6 140.9
203.3 138.1
197.4 143.1
201.4 153.9
214.6 169.5
230.8 185.0
245.9 199.1
262.2 211.9
275.6 222.1
286.9 231.3
296.5 241.2
304.3 252.1
312.5 261.7
322.1 270.5
333.8 279.5
346.2 287.4
357.8 293.0
366.5 294.6
372.5 292.1
374.0 281.2
373.1 267.8
370.0 247.7
364.7 221.3
357.2 191.3
350.6 162.2
345.1 133.0
340.5 109.2
336.6 90.1
333.5 74.2
331.1 62.0
330.3 52.8
331.3 45.3
333.2 40.3
336.1 35.4
339.4 31.6
343.0 28.6
347.4 25.9
351.8 24.3
355.5 23.1
357.2 21.6
345.4 19.7
320.0 19.6
293.9 20.6
266.9 22.8
241.3 25.3
213.5 27.5
185.2 29.6
149.7 32.0
113.8 35.1
84.9 38.0
63.8 40.4
46.0 43.1
31.9 46.3
22.0 50.9
16.0 64.1
14.0 84.1
15.6 108.2
17.6 139.0
19.5 170.2
20.6 199.3
21.3 226.0
23.5 248.6
35.0 264.1
55.4 271.9
81.1 274.7
117.8 270.1
159.8 261.5
195.4 250.7
231.0 236.6
257.7 223.5
265.5 212.8
255.1 203.2
234.9 189.6
208.8 175.0
183.8 161.6
161.1 149.2
142.0 138.7
126.9 127.8
114.9 112.5
107.2 98.9
105.3 88.3
109.4 80.8
138.5 85.5
171.1 92.8
200.2 104.9
222.5 120.7
230.1 142.4
228.1 164.6
225.0 186.7
227.0 208.7
237.7 231.0
252.2 252.7
266.5 271.6
277.6 286.2
286.3 296.9
293.6 304.1
300.6 307.8
312.0 304.4
322.5 295.3
330.1 281.5
336.1 264.6
341.2 243.0
343.0 219.2
342.1 191.9
339.1 166.8
335.4 144.4
331.9 124.5
328.1 109.2
322.7 98.3
306.5 97.8
282.9 103.4
254.8 114.6
222.7 131.5
172.7 155.2
123.4 180.3
81.7 202.8
48.2 221.2
23.7 235.3
6.7 245.8
-3.0 251.2
-2.8 242.7
9.0 217.0
29.9 183.6
50.3 152.2
68.9 123.5
84.9 100.6
98.1 82.8
108.6 69.8
116.8 60.7
123.0 54.7
129.5 58.1
139.2 73.0
149.5 96.9
157.1 123.5
162.7 148.2
166.4 169.0
169.6 186.5
172.0 200.6
174.0 211.4
176.5 219.5
182.1 224.7
189.4 226.3
206.9 221.3
225.7 215.3
246.4 208.0
266.5 200.4
282.9 192.7
294.9 185.7
304.5 178.9
311.6 172.6
315.9 167.4
318.3 162.9
318.1 158.4
315.3 153.9
308.8 149.2
299.7 144.3
290.6 139.9
280.3 135.5
269.8 132.4
254.6 129.2
238.7 126.7
224.8 125.1
210.6 124.1
194.5 124.6
178.0 125.7
164.7 127.4
152.4 129.9
140.1 134.4
130.1 139.9
122.0 148.8
116.1 160.7
116.0 173.4
123.5 186.0
138.5 197.5
160.8 206.2
187.9 210.5
212.2 209.4
232.7 204.2
247.1 195.7
250.4 185.8
247.4 178.9
241.0 177.6
234.9 182.6
232.0 189.9
230.0 197.5
228.1 204.4
223.1 211.3
216.0 217.2
205.4 221.9
191.6 224.2
177.0 224.1
165.0 223.7
154.9 221.5
147.1 218.8
141.5 215.8
137.8 212.7
138.2 208.0
143.7 202.4
161.3 191.8
193.8 173.9
237.7 154.3
273.7 138.3
301.9 126.0
323.4 117.0
339.0 110.7
349.8 106.5
356.7 104.1
360.6 103.1
362.1 103.0
361.8 103.7
360.3 104.8
357.2 106.2
352.9 107.7
342.8 110.5
320.1 114.4
263.3 118.1
200.7 119.6
149.5 120.9
109.6 121.9
79.7 122.7
63.4 124.1
70.4 130.8
85.3 140.5
99.2 150.7
105.5 162.2
107.6 172.6
110.0 180.8
113.4 188.6
120.8 199.0
128.5 209.4
131.4 218.5
131.5 226.1
129.7 231.9
128.3 235.8
129.2 238.2
145.2 240.5
165.0 242.9
184.8 246.2
206.6 248.7
225.0 249.9
241.1 248.0
256.5 241.1
268.4 230.9
277.3 216.0
282.9 198.0
285.0 177.7
285.3 156.4
284.1 135.7
280.2 116.3
273.1 99.3
266.1 86.9
258.6 78.2
249.3 74.3
239.7 74.5
225.8 78.0
211.9 82.8
198.6 91.7
188.7 102.1
188.7 120.2
194.0 139.7
200.4 159.9
207.4 179.1
216.4 198.4
224.4 214.3
232.5 228.2
242.9 243.6
255.3 257.8
267.4 268.9
278.8 277.2
287.6 279.6
291.8 270.9
288.5 253.5
283.2 227.6
277.2 199.3
271.9 172.8
267.3 146.4
263.4 123.5
259.9 105.4
257.2 92.1
255.0 82.8
254.3 76.7
257.4 74.7
260.9 75.0
265.4 77.2
269.6 80.4
273.0 83.8
