276.4 64.7
277.7 63.3
277.5 63.5
277.4 63.6
264.7 78.7
247.7 98.5
230.6 118.1
211.0 141.3
196.4 158.2
185.1 172.1
177.5 182.5
172.3 189.8
169.3 194.6
171.9 199.5
179.0 203.8
189.8 206.0
202.9 202.0
213.8 194.1
217.9 182.0
212.8 165.2
203.5 149.2
193.1 135.5
182.4 124.6
166.0 118.4
150.3 115.4
136.0 117.8
125.7 125.3
129.4 142.5
144.8 163.0
165.4 181.5
198.3 196.5
230.3 203.4
258.0 198.6
274.8 179.1
284.0 159.9
281.2 139.6
267.5 120.9
250.2 104.9
229.8 92.6
209.2 84.1
188.4 79.5
168.0 81.2
150.9 85.3
137.3 92.5
127.0 102.3
119.8 114.4
116.8 129.1
120.8 147.2
128.0 164.5
141.7 181.6
158.7 196.9
176.9 211.0
193.7 224.0
208.2 235.3
217.7 244.5
217.6 252.8
212.0 259.0
199.3 263.8
183.8 266.7
166.8 262.4
147.7 251.6
132.1 240.6
120.1 230.1
114.0 220.2
116.6 211.3
134.4 203.9
161.6 198.3
189.7 194.1
216.2 190.2
238.4 185.2
256.4 177.4
266.6 160.7
270.9 143.5
266.4 126.3
255.8 110.2
241.6 96.4
225.8 85.1
208.5 76.0
193.2 69.7
177.9 67.0
160.0 62.4
143.8 57.6
130.8 54.0
117.2 51.6
104.0 50.5
92.6 51.1
82.8 56.1
78.3 65.0
89.7 81.5
102.4 101.0
112.7 119.4
117.4 138.9
117.6 157.1
113.7 173.3
110.5 187.3
110.1 200.3
112.5 213.0
115.2 224.9
113.6 238.1
109.4 248.4
104.9 254.3
100.6 254.3
95.3 238.4
90.8 220.0
88.6 197.9
88.0 176.4
89.0 149.1
87.1 122.4
84.6 99.7
81.0 79.8
78.6 63.9
82.7 52.1
93.3 45.3
105.4 42.5
117.6 43.4
128.1 53.9
137.8 72.0
146.9 94.0
155.2 118.8
163.0 146.8
169.9 174.1
176.8 199.9
184.3 222.3
191.4 240.3
198.6 253.6
205.1 263.4
210.3 269.9
214.9 273.1
220.0 271.9
225.2 265.5
230.8 255.1
235.9 242.0
240.9 226.1
246.7 207.9
253.2 188.5
259.6 168.3
265.3 149.0
271.5 128.3
277.0 108.1
282.0 89.7
287.2 72.8
291.4 59.7
294.8 50.6
300.5 47.1
308.8 51.0
319.3 66.1
330.2 87.9
339.9 113.8
347.6 141.2
351.9 168.0
353.1 193.6
352.7 215.7
349.4 236.0
341.7 251.9
328.5 263.5
312.5 271.3
291.3 275.5
269.8 276.2
248.8 272.6
227.2 264.0
206.0 252.3
185.6 235.7
164.6 207.4
149.0 182.5
137.1 159.5
128.2 138.6
121.5 120.3
116.6 105.8
113.5 95.0
110.2 86.6
105.7 81.0
100.1 78.2
90.6 81.2
79.6 88.5
68.3 101.6
59.5 117.2
52.9 134.7
49.2 152.8
51.5 175.5
58.3 198.1
68.8 219.2
82.2 237.7
98.6 251.8
115.2 261.2
133.2 266.0
156.7 265.6
180.1 261.6
204.0 252.3
229.3 237.1
253.2 219.5
273.9 202.5
290.4 185.0
303.1 166.1
311.6 148.9
317.0 132.6
319.7 118.2
319.5 105.6
316.2 93.8
312.1 84.6
306.4 77.2
298.7 71.7
289.0 68.5
279.7 66.9
269.0 66.8
256.3 67.9
241.2 69.8
224.1 73.2
204.8 77.5
188.5 82.3
175.3 86.6
164.8 90.9
155.7 95.5
148.8 100.1
143.8 105.2
140.9 111.5
140.9 118.2
143.4 124.7
148.2 130.9
154.8 137.5
163.3 144.2
174.0 151.3
186.3 159.7
199.8 168.6
211.6 176.4
222.3 183.3
230.6 188.1
236.8 191.4
241.9 193.4
245.9 193.7
249.1 192.6
251.3 190.2
252.4 185.0
252.8 179.5
253.2 172.9
253.7 165.9
254.4 158.8
255.1 152.4
255.5 147.3
255.8 143.3
256.5 140.4
260.6 139.3
266.8 139.7
272.5 140.3
277.2 141.4
280.7 142.5
283.1 143.6
284.5 144.9
280.3 146.4
270.3 149.1
253.5 151.9
237.1 154.2
219.2 156.0
202.0 157.3
184.8 158.3
169.9 159.0
157.4 159.2
146.0 159.2
136.8 158.8
129.8 158.4
124.1 157.7
118.0 156.2
113.5 154.9
110.4 153.9
108.3 153.1
107.4 152.5
107.3 152.0
108.0 151.7
109.0 151.5
110.3 151.4
111.7 151.3
113.1 151.3
114.5 151.3
115.8 151.4
