69.0 65.6
66.9 64.3
67.2 64.5
67.4 65.3
67.5 92.1
64.9 141.1
60.7 192.6
56.8 232.8
54.4 257.8
54.7 268.5
60.6 262.2
71.0 239.3
84.6 213.5
97.2 191.5
107.5 173.7
118.7 162.5
130.8 170.6
141.0 188.0
150.1 207.8
160.1 222.3
180.0 219.7
200.4 207.5
216.5 187.0
224.3 164.1
221.9 143.1
208.4 126.5
192.5 116.4
176.4 114.3
163.1 117.2
156.3 126.3
164.2 143.8
181.6 162.9
211.8 178.6
246.4 184.7
278.3 183.9
303.9 172.4
323.6 158.1
337.3 144.0
344.7 130.7
347.2 119.6
342.3 110.5
329.9 104.8
296.9 102.0
251.0 100.4
210.6 99.7
174.1 99.7
137.4 99.9
102.8 99.8
76.6 99.8
56.1 99.8
41.9 100.1
32.7 100.5
27.5 101.0
25.4 102.1
28.2 114.5
35.9 136.8
44.4 163.7
52.4 188.9
59.5 209.9
65.8 226.7
71.2 239.0
75.7 247.3
82.3 240.4
86.1 212.8
87.5 186.0
86.4 159.5
83.3 133.7
80.2 112.8
78.2 96.9
115.6 93.3
167.0 100.5
219.5 113.6
261.7 126.6
294.0 137.7
316.5 147.0
318.6 151.3
309.2 154.9
284.6 165.2
260.0 174.8
240.3 186.6
232.6 202.9
233.8 219.9
235.2 233.3
236.4 244.7
232.4 257.1
222.8 268.2
212.8 276.1
193.0 276.1
163.6 261.8
140.2 237.5
123.3 211.1
112.2 181.3
104.6 150.4
100.0 120.6
97.9 94.4
90.0 71.6
80.4 54.7
68.6 43.8
56.4 37.9
46.6 38.7
45.3 53.4
57.4 76.4
84.0 106.3
109.9 134.1
132.3 156.9
155.2 172.5
181.7 177.3
207.9 169.0
228.8 157.6
245.6 142.6
257.6 129.4
265.6 118.2
270.6 109.2
273.1 102.2
