84.9 79.5
83.0 78.4
83.3 78.5
83.4 78.7
83.5 78.7
83.6 78.8
85.6 78.3
93.6 77.6
104.0 76.8
116.5 75.1
135.7 73.3
159.3 71.6
182.4 70.5
204.0 69.6
221.1 69.1
234.0 68.7
242.9 68.5
248.7 68.7
251.7 70.2
250.4 74.1
246.8 80.2
240.5 88.7
233.7 98.4
227.7 108.4
227.3 123.9
231.9 141.9
239.3 160.3
246.4 177.7
252.1 193.7
254.4 209.8
253.0 222.4
244.3 233.2
230.8 241.5
215.2 247.2
198.6 247.9
183.2 242.6
170.5 233.5
162.3 221.2
159.1 209.4
162.1 199.6
174.8 192.8
194.9 186.6
214.0 177.9
229.8 165.4
239.7 150.6
241.6 133.8
237.4 119.4
229.6 108.2
218.4 100.7
206.6 98.3
195.8 102.4
188.3 112.5
185.4 128.2
185.0 145.8
184.8 163.3
179.7 180.9
165.3 196.2
141.5 208.5
117.9 216.9
93.6 216.6
72.5 208.6
57.6 194.0
48.1 176.5
43.0 159.9
43.6 148.8
50.1 151.3
56.8 162.7
63.2 174.2
69.5 184.9
80.1 194.4
105.9 199.7
137.9 197.7
166.3 191.6
190.3 181.3
209.8 170.9
225.1 161.3
237.8 152.8
250.4 143.5
263.7 132.9
278.9 119.5
292.2 107.1
307.6 93.6
321.3 81.4
331.5 70.9
339.2 62.5
344.2 54.6
345.8 47.7
344.3 42.5
339.7 39.2
330.3 39.2
315.2 45.6
298.0 54.7
276.5 68.2
253.4 83.7
230.9 98.3
209.6 112.6
189.7 127.0
170.5 141.0
151.5 154.6
132.6 168.9
112.9 184.6
93.2 201.5
74.6 216.8
57.6 229.2
41.0 237.6
27.2 239.3
17.6 233.2
13.6 217.4
12.9 197.2
14.4 171.7
18.1 146.5
23.4 122.7
30.0 99.7
37.5 79.0
44.9 62.6
52.0 50.0
59.9 42.4
81.3 48.6
109.4 65.0
138.8 85.1
168.1 107.5
194.9 130.3
221.0 154.6
244.3 177.7
267.3 200.9
285.7 220.2
300.1 235.7
311.4 248.1
322.7 258.4
331.8 265.9
340.1 271.7
346.8 275.1
352.0 275.7
355.9 273.3
359.3 266.9
362.0 257.7
364.7 245.2
367.4 230.3
370.3 212.5
373.1 195.0
375.8 178.6
379.2 160.6
382.0 145.0
384.6 129.5
386.8 114.0
388.5 99.0
389.7 87.5
390.3 79.5
390.4 74.3
389.3 71.7
386.7 71.3
380.5 73.5
372.1 77.3
362.9 82.7
354.4 88.2
346.2 94.5
337.6 100.7
326.0 108.5
314.7 116.0
304.7 122.8
294.6 129.9
284.3 137.6
274.9 145.3
267.0 152.0
257.0 158.3
247.7 164.1
239.9 168.8
230.4 173.5
219.4 178.6
207.9 183.3
195.7 188.0
182.1 192.8
167.9 197.8
153.1 203.5
138.1 209.0
124.8 214.2
113.8 218.7
104.7 222.1
95.6 225.1
85.2 228.0
74.3 230.2
64.0 231.7
56.3 232.6
51.2 232.9
48.4 232.7
52.2 230.9
66.9 224.7
88.7 213.9
114.2 199.8
145.9 182.8
176.2 167.8
207.7 154.1
241.2 139.0
270.4 124.8
295.2 111.4
313.6 101.2
326.3 94.0
334.4 89.3
335.8 89.0
331.4 92.9
320.3 101.1
301.9 112.8
282.5 124.3
260.9 137.1
239.4 149.5
219.2 161.1
199.8 172.2
181.3 182.1
164.7 190.7
149.7 198.2
134.7 205.3
119.2 211.7
105.2 217.1
90.7 221.0
77.0 221.6
65.9 219.4
55.7 209.4
46.7 195.4
39.4 176.4
34.7 156.0
33.4 137.0
34.6 121.9
40.4 111.8
64.4 118.7
97.0 138.6
130.4 163.3
166.1 191.4
201.9 220.1
231.4 243.4
254.9 261.8
272.6 271.1
282.2 264.8
286.5 246.4
289.2 221.0
295.3 188.3
303.9 152.9
310.9 121.4
316.1 95.5
319.4 75.5
321.0 60.8
321.3 50.6
320.6 44.0
319.7 40.2
319.4 39.9
320.2 43.5
321.6 50.9
324.4 61.6
328.1 75.7
331.2 88.8
334.2 101.0
336.9 111.9
339.0 121.9
340.5 130.5
341.3 137.2
339.1 142.3
331.7 145.5
322.0 147.5
303.1 150.0
278.5 154.1
251.2 160.4
224.9 166.9
200.8 173.4
179.6 180.6
163.0 187.6
151.5 195.6
146.2 203.9
148.5 214.4
152.8 223.4
156.7 231.2
155.6 237.6
147.8 242.0
138.2 243.9
124.0 238.2
111.4 229.4
101.7 217.9
97.3 206.2
104.1 195.2
117.6 185.5
136.1 176.1
158.8 165.8
184.9 152.5
209.6 139.8
233.1 127.7
255.3 115.6
273.0 104.5
286.5 95.3
295.9 87.7
301.4 81.9
303.5 77.3
302.4 73.9
298.6 72.0
293.3 71.6
285.2 75.2
276.6 82.2
269.6 92.3
264.6 105.2
260.2 120.7
255.8 135.6
251.0 149.4
243.7 163.5
233.6 175.8
217.8 186.2
202.4 194.8
189.3 202.9
177.7 211.2
167.4 222.0
159.0 231.9
150.9 242.6
144.1 251.1
132.7 260.6
120.9 268.1
108.6 273.6
95.0 276.8
82.3 277.0
72.8 274.8
66.3 271.1
63.8 266.4
68.2 259.5
83.9 245.6
108.1 226.8
145.2 199.0
188.7 169.4
238.1 137.0
282.5 105.8
317.9 80.5
344.3 61.7
362.7 49.2
369.0 46.4
360.5 53.7
331.1 77.2
291.8 109.1
249.0 143.3
209.4 174.2
174.6 200.9
145.6 223.0
122.7 240.5
105.7 253.4
93.9 262.3
86.2 268.0
81.7 271.3
83.6 269.9
91.1 263.8
107.5 252.3
134.2 235.1
165.6 213.6
199.7 189.5
235.9 164.3
269.3 141.4
298.0 120.8
319.9 105.3
335.7 94.0
346.5 86.3
353.2 81.4
356.7 78.7
357.3 77.8
355.5 78.4
352.0 80.4
347.7 83.2
342.4 86.9
334.0 93.0
318.1 104.6
296.7 122.1
267.5 148.4
236.5 177.1
210.5 202.3
185.9 223.7
162.3 241.7
143.8 254.7
128.6 261.5
114.8 257.2
98.9 237.8
84.5 211.7
70.1 178.0
59.9 146.2
53.2 119.9
49.7 98.7
50.1 83.0
56.8 73.7
69.2 72.0
90.2 79.9
120.1 96.2
152.6 116.8
185.7 141.0
218.5 166.3
248.6 191.1
273.6 212.0
292.6 228.7
306.8 242.2
316.6 252.1
322.6 258.9
325.6 263.1
326.4 265.2
325.5 265.9
323.5 265.4
320.9 264.2
315.2 260.4
302.5 252.4
286.7 243.9
268.7 235.6
249.6 228.2
225.3 220.5
200.0 212.7
177.7 206.0
158.4 201.0
142.3 197.3
129.9 194.8
119.3 192.1
111.3 188.8
106.3 186.0
104.5 183.2
109.0 180.1
116.5 177.7
126.3 176.1
137.4 175.7
152.3 176.6
167.8 178.3
184.4 179.8
201.1 181.5
216.1 183.0
231.7 184.3
245.5 184.5
257.1 183.5
266.7 181.2
275.1 177.9
280.8 174.7
284.0 171.2
284.4 167.4
281.5 163.8
277.4 160.8
272.5 158.6
266.9 157.1
260.9 157.6
254.3 160.8
248.6 166.1
243.8 172.2
239.7 178.1
235.7 184.3
231.8 190.6
227.5 196.4
219.6 201.7
209.1 205.6
196.8 207.8
186.1 208.3
177.2 207.2
169.1 202.4
162.2 194.4
157.0 184.1
153.6 173.2
151.6 163.2
151.2 154.0
152.4 146.0
154.5 139.4
159.3 133.5
167.4 128.2
178.9 123.8
191.8 121.2
204.6 120.8
216.1 122.2
225.8 124.8
234.3 129.8
240.8 136.0
245.1 143.3
247.0 150.4
246.9 157.3
244.1 163.6
240.2 168.4
234.5 172.6
228.4 175.6
219.8 177.6
207.7 178.3
197.1 178.5
187.4 179.3
178.4 180.4
168.6 182.9
158.4 186.2
149.2 190.7
141.9 195.0
136.5 199.1
132.9 203.0
130.7 207.3
130.2 212.3
131.3 217.4
133.4 222.1
136.7 226.6
141.5 231.1
147.4 235.5
155.0 239.5
165.0 243.1
173.9 245.7
183.9 247.3
195.1 248.2
206.1 248.6
218.9 248.5
231.0 247.3
242.4 244.9
253.1 241.5
263.9 236.9
272.3 232.2
279.8 227.3
286.2 222.5
292.2 217.3
296.7 212.4
300.3 207.2
304.0 201.8
307.0 196.6
309.7 191.3
312.4 184.5
315.5 176.7
318.1 168.2
320.5 158.3
323.2 148.8
325.6 140.0
328.5 132.0
331.1 124.2
333.8 117.2
336.1 111.1
338.0 106.1
339.4 102.2
340.3 99.1
340.8 97.3
340.8 96.5
340.7 96.4
340.3 96.8
