226.8 137.1
218.6 137.8
192.9 138.1
138.7 142.3
101.5 147.1
73.7 155.8
55.1 166.8
45.0 176.3
44.2 186.6
54.6 200.3
70.1 214.8
87.6 229.2
105.0 241.9
121.4 253.4
133.8 262.9
140.8 270.4
134.6 275.0
115.1 273.8
94.0 268.7
77.0 263.0
69.4 253.7
79.9 241.0
95.6 229.5
115.3 220.4
140.4 213.3
166.5 205.4
193.3 198.0
219.8 189.8
244.6 176.9
264.5 158.4
274.5 137.3
267.4 113.4
248.2 92.9
229.0 77.5
215.2 73.6
210.4 78.6
213.1 92.7
218.0 110.0
222.4 128.6
222.6 146.7
215.3 163.5
205.4 177.7
192.1 188.6
180.7 196.8
171.6 204.4
163.7 213.9
158.2 227.8
154.9 240.6
152.9 250.4
142.2 254.7
130.1 252.2
126.2 245.9
133.7 238.6
155.2 232.0
190.5 229.5
220.6 227.6
244.7 225.1
263.6 215.9
277.7 200.8
285.6 175.7
287.9 149.4
286.1 122.3
279.3 97.0
271.3 76.9
260.8 58.3
247.1 43.1
216.1 35.3
175.8 37.2
142.6 41.5
138.1 55.2
154.1 72.2
173.4 87.9
168.1 101.8
137.9 112.6
96.0 119.0
60.0 125.1
33.5 133.9
24.0 149.7
34.2 169.6
71.6 195.8
104.6 217.0
118.1 233.7
121.1 246.1
120.0 255.7
125.2 262.0
159.9 263.3
198.6 259.9
239.4 249.5
273.1 232.8
295.2 202.4
302.1 163.2
302.8 127.2
298.4 96.9
288.7 73.4
276.5 58.2
267.9 52.4
265.8 55.4
285.4 72.4
303.0 90.7
312.1 112.0
310.3 135.4
302.9 159.0
297.8 181.6
299.0 203.7
302.3 224.5
305.7 242.6
307.3 259.2
297.8 273.9
278.8 284.4
250.1 289.8
205.8 280.8
167.6 266.7
137.8 248.6
114.7 228.5
98.7 205.1
89.0 179.4
84.6 151.1
81.5 121.8
78.0 95.3
74.9 74.9
69.6 62.1
60.5 60.0
47.7 70.3
38.6 89.7
42.0 118.4
52.3 149.3
65.1 177.8
76.5 202.0
83.9 221.8
86.5 237.1
86.5 248.2
86.3 255.8
89.8 258.0
115.7 244.8
145.0 226.6
167.8 204.0
179.6 178.7
180.3 153.8
173.8 133.1
162.5 118.2
151.2 108.4
145.0 106.5
146.6 112.4
160.0 128.8
173.7 149.1
178.0 169.9
173.2 188.1
158.2 203.1
143.6 214.7
131.9 222.3
133.4 220.8
145.6 214.6
173.5 205.0
211.7 189.8
239.5 169.0
253.6 147.9
251.4 128.7
244.2 113.8
235.3 104.8
227.6 103.8
228.6 110.5
246.7 127.1
269.4 148.4
287.1 172.5
296.1 197.0
294.7 218.6
280.0 237.1
255.0 252.9
226.0 264.5
198.4 272.6
174.7 277.9
156.2 281.0
147.6 282.6
157.1 284.6
184.7 287.5
211.4 288.1
235.9 274.1
253.3 250.3
266.4 220.3
276.3 183.9
284.0 147.2
289.4 117.2
292.6 94.3
294.3 77.5
296.0 67.3
305.6 68.6
325.9 84.4
343.9 106.2
352.2 136.2
356.6 165.0
358.6 194.1
359.2 218.7
358.9 238.2
357.9 252.8
335.9 249.8
299.5 238.6
242.7 219.7
191.3 202.0
150.7 187.2
119.7 175.1
105.7 170.7
113.6 172.9
131.4 180.7
147.0 190.4
141.5 202.0
124.4 211.1
108.9 217.5
97.8 216.2
93.6 210.3
100.4 199.8
134.3 180.6
172.7 160.2
205.0 143.6
231.5 130.9
252.8 126.7
263.6 130.1
259.2 136.3
232.6 143.3
195.7 140.7
161.9 128.2
134.5 112.2
113.5 95.6
97.4 82.2
85.5 72.0
80.1 67.0
88.8 73.5
110.7 90.7
143.0 115.6
174.8 140.3
205.2 164.7
233.5 188.2
258.3 209.3
280.1 227.5
297.1 241.8
310.1 252.6
318.9 260.0
324.1 261.0
325.2 249.0
322.8 223.1
319.4 180.6
317.0 140.7
314.8 106.8
312.7 79.7
310.5 59.1
308.6 45.0
309.4 43.9
316.3 58.2
328.8 83.0
341.4 108.2
352.2 134.5
360.4 158.1
364.9 181.8
366.4 203.4
365.5 223.7
362.6 242.2
356.3 257.1
344.3 266.8
317.2 269.9
287.5 268.0
242.4 258.7
202.5 248.9
168.6 238.6
137.3 228.3
110.2 218.1
85.5 207.8
67.1 198.4
53.7 190.4
45.3 184.4
40.7 182.3
39.2 185.8
40.3 193.9
45.0 208.4
49.8 222.9
54.5 235.4
59.1 246.0
65.9 254.3
80.9 259.7
107.5 261.9
149.7 260.4
198.3 256.9
246.9 251.7
285.1 246.9
314.0 242.7
334.9 239.2
347.2 235.2
343.9 229.7
318.5 219.1
272.2 206.5
229.9 195.4
193.8 186.3
160.1 178.3
133.2 172.4
112.8 168.3
97.8 165.4
108.8 162.3
137.7 158.5
181.2 155.8
228.5 151.7
267.0 147.4
297.7 141.2
317.1 131.6
321.0 121.4
306.9 107.8
280.9 92.0
238.2 72.1
198.3 54.4
165.7 40.7
140.0 30.9
123.0 29.5
116.3 39.6
117.1 56.6
127.5 81.2
140.0 108.4
151.0 135.0
160.0 159.6
163.8 183.2
161.7 203.9
144.3 220.8
124.9 233.1
103.5 237.0
84.8 232.0
73.6 218.5
75.5 204.0
92.3 191.4
115.1 182.6
138.6 180.2
160.4 184.6
177.9 193.9
192.6 205.6
206.4 217.2
222.2 226.8
242.5 233.7
265.8 235.0
284.6 231.9
300.0 222.3
311.4 209.5
318.3 193.2
318.1 168.9
313.6 145.8
302.8 125.9
278.4 108.0
246.0 96.0
217.7 91.9
198.8 97.0
188.4 107.3
185.6 123.4
185.4 143.9
181.8 164.4
172.0 183.6
154.8 200.4
126.0 212.4
98.5 219.2
75.8 217.7
59.4 213.1
50.4 207.6
61.6 208.5
79.4 213.8
101.9 224.8
123.9 236.3
147.4 247.3
178.7 256.9
207.8 263.6
234.1 264.9
257.1 260.4
274.6 250.2
275.9 226.4
266.5 201.2
250.4 179.5
234.1 164.2
220.0 155.5
215.0 160.9
211.8 170.1
203.6 180.2
184.5 188.6
162.4 193.1
138.7 190.7
120.7 184.3
115.7 174.6
128.6 166.6
150.7 164.1
169.7 160.6
179.7 146.1
183.7 129.6
184.3 115.8
183.0 105.3
181.0 98.4
187.2 101.4
198.8 111.4
216.0 131.8
230.6 152.4
239.5 172.8
228.5 192.3
210.4 208.8
193.6 221.7
179.8 231.2
171.6 237.8
174.2 243.3
185.2 248.6
195.0 251.9
203.0 255.1
208.7 260.2
213.1 263.8
218.8 263.2
228.5 253.2
238.9 235.6
248.5 214.8
256.0 194.1
261.2 175.4
265.4 157.1
269.6 139.5
273.6 125.0
276.5 113.8
278.4 106.0
279.6 100.9
283.6 102.6
290.3 111.6
295.7 124.2
298.9 141.1
300.5 158.4
301.4 176.3
301.3 192.3
300.9 205.8
300.2 216.6
299.4 224.5
