77.9 71.6
75.9 70.3
76.2 70.5
76.4 70.6
74.1 90.5
68.8 134.4
64.3 173.2
61.7 196.8
60.2 206.0
64.4 188.7
71.0 165.8
77.6 144.1
82.6 127.2
88.0 120.2
95.0 135.5
101.6 156.8
106.9 175.6
110.8 190.3
119.8 183.0
129.3 171.3
138.3 156.7
145.7 144.1
151.6 140.0
157.6 152.2
164.7 172.3
170.7 190.3
174.9 204.6
184.4 202.6
200.0 184.3
212.9 166.1
222.6 150.7
230.2 140.6
237.1 147.1
243.9 159.7
249.1 170.9
253.6 178.4
264.7 166.1
276.7 148.8
287.2 133.2
294.8 120.7
303.6 125.4
312.7 145.4
320.7 168.1
326.6 187.1
331.3 193.7
335.1 189.4
337.4 177.3
338.5 165.8
338.7 157.1
338.5 160.8
339.9 177.0
341.8 195.9
343.0 217.0
342.7 235.2
340.7 249.6
323.2 256.9
297.0 258.9
271.0 258.0
247.4 255.4
216.4 250.0
190.5 244.3
169.1 239.0
149.0 233.2
133.6 228.4
122.5 224.5
115.4 221.3
111.4 218.9
109.7 217.1
109.8 215.9
107.3 214.7
103.4 213.4
99.3 211.9
96.9 210.8
95.7 209.8
97.7 207.7
108.5 204.7
134.8 200.6
167.5 197.5
201.8 195.1
232.6 192.9
259.1 190.7
279.5 189.2
294.4 188.2
304.6 187.7
300.0 188.0
273.6 187.3
233.7 186.0
198.5 184.5
167.5 183.1
142.8 182.1
123.8 181.5
111.6 180.5
120.8 179.2
140.9 177.5
163.2 175.3
190.5 171.6
215.2 168.1
238.6 164.9
260.7 161.0
280.4 156.9
296.4 152.9
308.9 147.9
318.6 141.3
324.7 134.7
325.1 128.6
315.3 123.1
298.0 118.9
278.1 115.4
252.1 112.7
225.0 110.8
201.9 108.7
180.7 106.9
158.1 104.3
138.3 102.0
121.0 100.2
101.5 99.0
84.6 98.3
71.6 99.0
61.3 101.5
53.7 106.7
48.3 117.9
45.4 131.4
47.3 151.4
50.1 169.9
51.9 189.5
53.2 206.0
54.7 219.0
56.3 228.4
64.9 228.1
79.2 223.7
99.5 218.8
118.9 216.1
136.0 216.5
149.9 220.2
160.9 224.9
171.8 228.7
195.4 226.6
223.4 220.8
247.6 208.3
264.9 187.7
276.4 167.2
277.2 144.3
271.5 123.7
264.5 107.9
256.1 98.8
248.2 100.5
246.7 108.8
253.0 121.3
264.8 136.0
276.1 151.1
285.4 166.8
289.8 185.0
286.6 202.9
262.2 220.1
216.9 230.9
178.6 236.9
142.8 231.4
111.4 219.7
91.3 205.0
80.7 190.4
86.4 176.4
107.4 164.1
133.4 154.5
165.3 145.7
196.9 137.1
225.8 127.5
249.2 114.5
265.1 99.6
272.3 83.7
275.9 71.1
277.1 61.6
276.9 55.0
279.0 53.1
285.9 56.1
295.2 63.7
306.2 76.2
314.9 91.6
321.2 109.7
326.0 127.0
329.1 144.9
331.1 167.1
333.2 187.3
336.0 206.3
340.6 224.3
344.5 238.8
347.1 249.7
346.0 258.6
336.8 266.2
317.1 271.5
294.6 274.9
273.8 276.7
249.8 276.6
229.2 275.5
210.2 273.6
191.0 271.6
173.3 270.4
157.3 269.3
140.4 268.4
124.3 267.4
105.8 265.9
88.9 264.4
73.8 262.9
59.2 259.8
48.1 256.4
41.0 251.8
38.4 242.4
39.2 225.1
41.5 207.5
43.4 183.0
45.4 158.6
47.0 133.4
47.6 103.4
48.1 77.7
48.8 57.7
49.6 42.5
50.6 32.1
51.6 25.5
61.3 27.9
77.3 36.5
92.3 46.1
105.2 55.8
115.4 68.3
121.6 85.3
124.8 105.0
126.6 124.9
133.0 145.2
141.9 163.3
150.1 180.0
153.5 197.2
151.2 214.2
144.2 229.5
135.9 242.4
126.1 251.8
113.6 255.3
104.9 250.3
101.3 240.8
100.8 230.3
111.9 218.2
129.9 206.7
157.5 196.9
193.1 188.2
230.6 181.3
264.5 176.0
292.9 170.7
315.9 162.7
332.0 151.7
337.6 137.0
337.0 124.6
329.4 115.1
313.6 110.1
297.4 109.6
282.8 114.7
277.3 127.5
279.7 144.1
284.1 161.7
286.6 178.4
276.5 197.5
256.7 214.9
225.7 229.4
196.0 240.8
167.0 248.7
132.6 248.8
103.7 240.4
82.0 228.5
68.7 213.7
72.9 195.7
83.4 177.8
106.6 162.5
134.1 151.7
165.2 145.2
194.2 138.8
216.5 129.5
229.7 117.3
237.6 107.0
234.3 97.2
230.1 90.1
225.5 87.3
221.9 90.4
223.4 99.6
228.4 111.9
238.3 130.8
247.4 148.8
253.3 167.1
254.6 183.6
245.1 198.4
224.7 210.4
205.8 219.0
189.6 223.7
176.1 224.4
168.4 221.4
171.4 216.6
180.3 210.6
198.4 203.8
218.2 196.1
235.7 187.7
250.5 178.1
262.8 165.8
273.4 153.4
282.3 140.6
289.8 126.8
296.8 112.0
302.8 97.4
308.9 83.0
316.3 69.4
322.3 58.0
327.6 47.8
332.6 37.8
336.5 29.9
340.1 23.2
343.6 18.6
346.4 15.9
349.2 16.2
351.8 19.3
354.7 27.3
356.2 38.3
356.1 50.5
354.7 63.8
353.9 77.8
354.9 94.2
358.8 112.6
363.0 131.4
367.3 153.1
371.2 173.5
373.2 193.9
369.8 213.8
364.7 230.8
359.4 243.9
354.4 254.9
348.3 267.6
340.5 279.2
333.1 287.7
321.8 293.8
304.8 296.4
288.4 295.4
269.6 290.5
246.3 282.6
226.0 273.4
205.5 261.9
183.4 248.7
167.0 237.6
151.7 226.7
135.4 215.0
123.6 205.6
112.4 196.8
88.2 183.0
67.7 171.6
51.3 161.9
36.5 152.6
26.2 146.0
19.6 141.5
15.4 136.5
13.5 132.6
14.8 127.0
22.0 118.8
35.1 110.5
53.9 103.0
81.0 95.9
109.9 90.3
141.3 85.3
178.7 81.2
214.7 77.9
246.5 74.4
282.1 70.5
312.7 67.0
337.4 63.5
358.8 59.8
374.1 56.9
383.9 55.1
389.5 54.1
391.1 56.1
388.9 62.7
383.1 73.7
375.4 89.3
368.0 106.4
362.9 126.8
359.7 148.4
357.5 168.2
356.4 187.7
355.3 205.2
354.3 220.9
353.4 232.4
352.0 240.9
343.8 245.2
332.1 245.6
317.7 242.2
300.9 235.2
284.0 226.9
268.5 218.6
253.5 210.5
237.6 203.5
220.1 197.2
206.2 192.2
193.2 187.7
182.3 184.4
173.5 181.6
163.0 178.8
154.6 176.6
148.4 174.7
138.1 170.6
127.0 164.6
117.3 156.5
110.5 149.0
107.6 141.9
112.7 133.4
127.9 123.2
150.9 113.4
183.4 105.8
212.7 100.3
236.9 96.4
256.6 93.3
271.6 90.0
280.0 87.0
274.6 82.9
260.3 78.6
246.8 75.6
234.3 77.3
223.7 85.5
215.9 96.5
210.2 111.3
205.2 126.2
197.6 141.1
190.9 154.2
185.6 169.0
185.5 185.8
188.8 203.6
192.5 218.6
191.8 231.0
182.9 238.5
171.9 240.0
162.7 238.0
160.0 229.4
166.5 219.8
182.3 209.8
199.6 200.5
217.0 191.6
237.4 180.6
254.9 170.6
271.1 159.6
285.9 147.1
297.2 136.2
305.8 126.9
312.2 119.8
316.3 114.8
318.5 111.6
319.3 109.7
