61.1 73.6
58.8 72.3
59.1 72.5
59.3 72.6
59.5 72.7
59.5 72.8
59.6 73.3
58.8 85.6
54.7 117.3
50.9 156.2
48.5 193.1
46.9 220.3
45.8 239.6
45.1 252.9
44.7 261.6
44.5 266.8
44.4 269.3
44.5 269.8
45.0 268.2
49.9 259.5
58.6 242.9
73.7 210.2
87.5 179.0
98.8 153.0
107.7 132.5
114.2 116.9
119.5 104.9
123.0 96.4
125.2 90.9
126.3 87.7
126.6 86.2
126.3 87.9
125.6 103.4
125.9 125.6
127.6 154.1
129.3 178.9
130.4 198.5
131.1 213.9
132.3 226.1
133.1 234.7
136.2 238.3
155.6 228.3
181.8 213.4
212.2 195.0
242.5 174.5
268.7 154.9
289.1 139.0
304.0 126.3
314.3 116.8
320.9 109.9
324.5 105.2
325.9 102.4
326.2 105.8
325.3 124.7
324.7 153.6
323.9 181.3
322.6 203.6
320.9 221.0
319.1 234.2
317.3 243.8
315.5 250.4
310.9 254.3
290.9 251.9
229.6 233.7
174.6 215.9
120.6 197.5
77.6 182.1
45.2 169.9
21.2 160.4
4.3 153.3
-6.4 148.2
-12.3 144.8
-8.3 139.5
22.1 130.5
60.9 122.1
108.7 114.1
155.3 108.4
196.8 104.4
230.9 101.9
259.8 99.7
282.8 97.3
301.2 94.8
315.4 91.8
325.8 87.5
332.2 82.0
330.3 72.2
322.8 62.6
307.0 52.9
280.0 42.5
249.0 33.5
219.1 26.1
189.0 20.2
162.6 15.7
137.0 13.9
113.2 15.0
92.6 18.3
72.4 25.7
55.7 36.8
42.0 51.9
31.4 69.6
23.7 89.0
17.7 111.4
14.5 132.5
14.2 152.1
16.8 171.9
21.1 190.2
26.8 208.1
33.8 225.1
40.4 239.2
47.2 252.8
53.7 263.7
59.6 271.2
67.6 277.0
78.0 280.2
94.1 281.0
114.1 280.4
132.5 278.8
151.9 275.9
177.8 271.9
203.9 268.1
229.0 264.7
254.3 262.5
276.9 260.8
293.9 259.4
313.0 258.2
330.4 257.2
346.9 256.1
359.8 254.6
369.0 253.1
375.4 250.8
380.0 246.7
384.2 238.1
387.4 226.6
390.1 211.3
391.2 194.2
391.4 177.1
391.0 160.1
390.2 141.6
389.0 123.0
387.4 107.3
384.6 93.8
381.1 83.3
377.1 75.3
371.1 68.5
363.2 63.1
352.2 58.7
339.8 56.0
324.2 54.5
305.2 53.3
283.1 52.0
260.3 51.7
236.1 52.0
216.0 52.7
196.7 53.8
178.8 55.0
159.8 55.7
141.3 56.2
124.6 56.8
103.4 57.7
85.0 58.8
71.3 60.4
60.0 64.9
49.8 73.6
41.7 86.0
34.8 107.0
29.5 131.7
26.3 153.0
24.7 171.4
24.6 191.1
25.5 208.5
28.5 228.3
32.6 246.4
37.7 262.5
43.0 276.0
48.8 287.1
54.9 295.6
63.9 302.1
74.4 305.9
96.8 306.5
124.1 305.4
149.2 303.5
176.9 299.9
207.5 295.6
235.6 291.6
260.0 288.0
283.3 285.0
301.4 282.5
317.5 280.4
332.5 278.6
342.6 277.2
348.8 276.1
353.1 274.7
355.5 271.0
357.1 260.7
358.2 240.7
358.3 216.7
357.4 186.6
354.9 157.2
351.0 129.9
346.7 104.4
341.6 81.3
336.3 63.6
330.7 49.1
324.9 38.1
319.1 30.3
310.1 24.8
297.2 20.7
282.0 18.5
263.6 18.1
239.7 18.7
213.9 20.2
188.8 22.2
155.4 24.6
128.2 27.4
106.8 30.3
90.6 33.1
78.9 35.8
69.7 39.9
61.6 48.3
53.6 72.2
47.2 106.5
43.6 138.7
42.1 167.2
42.4 190.8
44.4 212.2
47.5 230.7
50.8 243.9
