69.0 62.7
66.9 61.2
67.2 61.4
66.7 66.4
60.5 88.5
55.8 136.0
49.9 188.6
45.2 227.4
42.3 251.8
42.0 265.1
54.1 261.8
81.5 241.4
112.5 216.1
138.8 193.6
158.8 175.2
172.3 162.4
177.8 156.6
173.6 158.0
165.9 165.1
166.7 179.6
180.1 193.9
200.4 207.1
218.9 218.7
232.1 229.3
240.7 239.1
247.3 247.5
263.3 253.3
285.2 255.1
304.9 249.0
318.5 234.8
325.4 216.6
322.4 194.7
307.5 171.2
288.6 150.4
271.2 135.1
257.1 126.1
251.2 127.5
250.8 134.2
252.9 144.2
254.3 157.1
254.6 170.7
248.8 183.5
231.0 194.0
202.1 201.2
166.5 204.8
135.5 206.0
109.7 205.3
88.0 201.1
71.5 193.2
61.0 182.4
58.7 168.2
66.9 155.5
101.8 141.7
146.9 128.9
189.7 117.1
226.4 105.6
255.8 94.1
278.0 82.4
292.5 70.4
297.4 60.4
283.7 50.7
260.2 42.6
234.3 37.8
206.3 36.9
178.4 38.9
151.6 44.0
125.8 53.0
103.1 65.2
85.6 78.1
78.2 95.4
80.1 116.6
85.2 136.5
90.6 154.2
90.2 171.8
79.1 186.2
66.3 196.5
55.1 198.2
45.8 191.5
39.2 181.2
35.5 165.1
34.9 149.7
37.5 136.6
46.3 131.0
57.2 134.1
66.1 140.5
73.5 147.3
79.4 153.2
88.7 162.1
99.9 171.9
115.9 185.3
136.2 200.5
156.4 213.8
175.7 224.3
198.0 231.8
225.2 231.9
252.1 228.8
287.9 223.5
326.4 217.4
359.7 209.9
383.2 198.0
396.7 184.1
399.7 162.6
398.8 139.8
394.7 115.2
389.2 91.8
383.2 70.5
376.8 51.9
371.4 35.9
367.2 23.1
365.4 12.8
364.5 5.2
364.8 0.3
364.8 -2.3
364.7 -3.1
355.4 -2.6
336.9 -1.2
307.7 0.8
275.8 3.1
244.6 6.0
214.5 9.5
187.4 12.6
159.2 15.3
135.8 17.9
116.6 20.7
99.4 23.5
86.4 26.3
77.7 30.0
73.8 36.4
78.4 45.9
87.7 56.0
96.6 64.5
103.4 73.0
105.0 81.7
106.7 89.1
116.0 97.0
128.0 105.5
137.0 112.9
141.2 120.5
143.0 129.4
147.8 141.0
160.6 155.7
172.2 169.6
178.2 182.8
176.7 197.8
173.0 214.5
168.3 227.8
157.0 237.7
139.4 241.1
122.3 237.4
108.7 229.0
98.1 217.2
90.7 202.7
85.4 187.4
81.7 172.2
78.4 156.1
75.3 138.2
72.3 119.3
69.2 102.4
66.4 88.4
64.3 77.9
63.1 70.6
62.3 65.8
62.0 68.4
62.7 85.4
64.5 113.4
66.2 145.2
68.0 176.9
69.7 204.6
71.4 226.7
72.8 243.3
79.8 250.1
92.5 247.5
119.5 236.0
151.8 223.0
179.8 210.7
201.5 200.2
216.0 192.5
216.5 192.2
211.7 194.4
206.4 196.4
201.0 195.8
194.3 190.6
182.0 176.7
167.5 162.3
155.8 151.7
152.5 150.3
155.2 154.5
164.1 168.2
172.6 182.5
179.0 195.4
182.9 206.7
185.9 216.2
194.0 224.0
212.7 227.1
232.6 222.9
246.2 197.8
251.5 172.1
248.1 150.6
241.2 136.4
234.2 129.5
237.7 131.5
248.2 139.0
259.1 148.5
270.8 160.3
281.0 170.8
290.5 177.6
300.7 171.0
306.7 157.1
309.4 136.5
310.8 116.9
311.1 101.3
310.8 89.3
314.3 85.3
321.2 89.0
331.6 102.2
342.9 120.2
353.0 141.7
359.3 163.7
362.0 184.5
362.3 201.7
359.8 215.6
349.8 228.0
323.6 236.0
285.8 237.6
245.5 235.0
211.9 231.0
184.5 225.8
167.4 220.0
165.1 213.7
180.2 208.9
200.2 206.0
217.7 203.6
223.9 200.6
220.7 192.9
218.1 182.6
223.2 167.7
237.5 148.8
253.7 131.0
265.5 115.6
271.8 103.0
260.5 91.5
231.0 82.4
203.3 76.4
179.8 73.9
163.8 77.8
156.7 89.1
153.8 104.6
150.8 120.3
140.4 136.8
129.6 150.9
119.3 163.8
112.1 176.6
109.2 192.5
108.4 208.2
107.8 221.1
104.7 230.9
96.1 232.5
86.4 217.0
80.0 192.8
77.3 164.5
77.2 136.6
78.6 112.8
87.7 93.5
105.3 80.7
124.5 73.0
141.6 69.1
156.0 69.6
168.0 75.2
178.4 89.3
185.5 109.6
188.8 134.6
190.4 160.2
192.3 182.1
196.9 200.6
205.3 215.8
215.7 227.3
230.8 233.3
250.3 232.1
268.7 226.2
283.1 210.9
293.7 192.4
302.3 174.3
309.1 154.5
313.5 135.1
315.9 117.5
315.7 103.4
307.0 94.1
274.7 91.7
234.6 92.6
195.1 96.1
162.8 101.2
136.9 107.5
116.9 114.3
105.6 125.3
102.1 138.0
102.4 151.1
100.9 167.2
91.5 183.6
79.3 198.1
70.2 211.1
63.7 224.3
61.8 236.7
66.1 247.4
78.2 258.3
105.5 267.7
141.2 273.7
178.4 276.3
225.4 275.5
278.7 273.6
321.6 270.1
354.2 264.6
379.1 254.9
395.6 241.1
395.3 215.9
389.0 190.2
379.4 163.0
365.9 136.5
351.1 111.6
337.2 91.9
323.8 77.6
309.4 70.2
297.4 68.4
290.5 74.9
289.7 85.5
289.9 96.7
284.9 109.5
273.9 122.1
255.0 136.9
227.2 155.4
202.0 173.7
181.6 193.0
170.5 214.7
166.4 233.7
167.2 250.3
166.9 263.4
157.4 272.6
142.4 273.1
127.9 263.1
111.5 244.8
97.8 223.8
88.4 199.2
83.5 173.2
81.9 149.0
84.7 125.8
94.7 106.9
111.4 92.8
148.6 84.8
184.2 80.6
215.7 77.7
241.2 75.8
264.5 71.7
284.8 66.8
300.4 60.9
311.0 56.1
315.4 51.8
309.1 47.9
288.9 45.1
267.9 43.5
245.1 43.1
218.0 43.3
193.2 44.0
166.5 44.9
138.0 46.0
115.8 47.1
98.3 48.5
85.5 49.8
76.7 51.8
71.3 54.7
69.1 59.8
70.8 68.8
74.8 80.8
83.3 95.3
94.9 111.2
108.1 127.6
124.1 146.4
141.6 165.9
158.8 183.3
174.1 198.5
189.6 212.6
202.8 223.8
213.8 232.0
221.9 237.4
229.5 238.6
237.8 234.9
247.4 227.3
258.0 216.4
270.6 202.3
283.7 184.2
294.1 167.4
301.5 152.6
306.4 140.7
309.3 131.7
315.0 129.0
323.2 132.6
331.0 140.1
337.4 151.6
343.0 164.2
347.6 179.1
350.8 193.2
353.6 208.1
355.7 224.2
357.4 240.4
358.5 255.2
356.8 267.6
353.0 277.3
340.9 282.8
323.0 283.8
305.3 282.1
285.4 275.7
255.0 263.5
228.6 250.7
204.7 236.5
178.5 216.7
158.5 200.4
144.0 187.7
134.0 177.6
129.0 166.9
127.8 152.0
129.2 139.3
134.7 128.6
148.5 119.7
171.0 113.3
193.0 109.5
214.5 107.4
234.7 105.8
253.7 104.1
272.4 102.3
291.6 98.0
306.3 94.7
316.9 92.6
324.7 92.6
330.8 104.2
336.0 119.7
340.5 135.4
343.9 149.3
345.7 160.8
345.0 170.9
339.3 179.0
321.0 184.3
303.3 187.5
288.1 189.4
275.9 190.3
266.5 190.3
259.3 189.9
251.0 189.1
231.0 189.8
207.5 190.3
182.8 190.8
155.1 191.9
128.8 191.7
107.4 191.0
91.7 190.3
80.9 189.6
81.3 187.8
98.1 184.7
133.1 180.8
163.3 177.0
191.4 172.8
216.2 169.3
239.5 164.8
259.8 158.7
275.1 147.6
284.9 136.4
288.9 126.9
276.5 118.6
254.6 112.1
221.7 107.6
191.0 104.5
166.1 102.8
149.1 101.9
151.9 104.1
159.8 107.6
167.2 110.8
174.0 115.2
169.4 125.3
156.3 138.4
139.9 156.0
127.4 170.9
123.0 183.4
125.3 194.9
133.4 207.6
142.5 219.7
149.9 232.1
156.5 242.3
164.2 250.2
180.6 255.5
202.0 257.0
224.0 254.6
247.4 248.8
264.0 239.0
266.3 223.8
255.4 208.4
235.9 197.4
210.9 190.8
189.8 186.1
182.3 182.8
191.1 179.5
212.9 176.9
230.7 175.0
234.9 173.0
211.3 173.8
187.7 175.8
168.1 177.7
157.3 178.8
166.2 178.2
184.2 177.2
194.8 175.0
200.1 172.2
199.0 164.4
196.2 149.7
193.3 130.8
190.8 113.6
189.3 99.6
196.4 87.1
204.0 77.8
214.0 70.5
225.2 65.5
236.4 63.1
250.7 67.4
264.6 74.3
275.3 80.7
283.2 86.3
