99.8 77.6
98.1 76.4
98.4 76.5
98.5 120.5
98.6 157.0
100.8 183.3
103.4 196.8
124.8 183.8
146.5 168.1
163.0 155.3
176.7 154.1
188.4 167.4
199.0 179.1
211.0 183.0
230.1 176.0
249.4 170.2
264.5 167.4
278.1 171.2
293.2 170.8
309.6 164.1
325.9 157.0
342.1 153.5
359.3 157.7
374.0 163.1
384.4 167.6
382.1 170.8
351.1 171.3
312.3 169.5
265.7 164.1
216.6 155.5
170.7 147.2
134.6 140.7
107.0 135.6
86.9 131.8
78.7 129.6
96.8 137.7
116.5 149.9
124.6 168.5
118.7 188.4
104.7 204.3
93.6 216.7
88.0 227.9
101.9 240.4
115.0 250.7
120.1 258.1
117.1 259.9
111.4 245.4
114.3 222.0
135.8 194.2
169.4 164.1
196.5 134.4
208.3 102.6
208.2 75.4
202.2 56.9
198.1 50.2
209.2 58.8
228.0 76.1
241.6 99.8
240.0 122.0
227.5 141.1
210.3 155.8
192.9 167.2
174.7 176.4
157.4 187.8
144.4 203.7
138.0 220.2
137.7 236.8
139.2 250.1
141.1 259.8
148.2 262.8
162.4 256.8
176.0 243.1
187.1 228.4
197.1 211.8
204.9 198.1
216.2 190.6
232.3 188.3
254.7 190.2
276.0 190.7
294.6 184.7
312.4 172.4
325.2 157.4
332.6 143.9
334.6 132.9
330.7 124.7
325.1 119.5
319.3 117.0
315.6 120.2
314.7 126.8
314.5 137.4
310.8 151.5
301.5 169.8
283.1 191.8
257.9 214.5
225.0 236.2
196.5 253.5
172.3 267.0
146.1 276.1
119.4 280.9
98.0 283.0
81.3 279.4
70.1 272.2
63.9 263.1
62.8 251.9
66.9 240.3
75.5 229.3
89.4 218.1
113.5 201.4
140.3 183.4
168.8 165.1
199.6 146.2
228.3 127.8
254.3 111.0
276.0 96.5
293.9 80.6
308.2 65.8
319.7 52.0
327.3 39.3
330.2 28.1
328.6 20.2
320.0 16.0
307.7 15.2
291.0 18.1
271.2 23.6
253.1 30.1
233.9 38.1
214.6 46.5
196.1 55.6
177.2 64.9
155.9 77.6
132.5 92.9
108.9 107.7
88.4 120.0
70.7 130.1
56.1 138.4
45.2 145.1
37.2 151.4
32.5 157.7
32.5 164.9
36.7 172.3
45.1 179.0
55.3 184.5
71.0 189.7
87.2 194.3
101.6 198.5
114.4 201.7
125.2 203.8
138.5 206.2
150.9 208.6
161.5 210.6
176.2 213.5
189.1 216.0
201.2 218.8
217.0 222.5
232.9 226.3
253.1 229.6
274.5 232.8
294.3 235.3
310.1 235.2
323.6 232.1
334.2 224.9
341.1 214.3
345.4 200.1
347.8 185.1
349.0 168.8
348.9 151.6
349.2 134.9
349.2 120.0
348.5 108.4
344.2 99.8
336.6 94.8
323.9 93.4
308.3 93.8
286.9 94.6
260.4 95.9
235.8 97.7
210.0 99.6
185.8 101.3
162.0 102.7
140.4 104.1
120.5 106.3
100.3 109.9
85.0 113.3
71.8 117.5
62.4 121.4
55.7 126.5
51.5 134.4
50.8 146.4
52.5 160.9
54.8 176.6
57.2 191.5
59.3 206.3
61.6 217.5
64.9 225.5
75.1 229.8
93.0 230.8
117.3 228.9
145.8 225.0
180.7 219.1
217.1 212.3
250.6 204.3
276.6 197.1
296.9 190.3
310.7 184.3
314.6 179.1
303.6 174.2
283.1 170.6
256.1 166.8
228.1 162.3
202.4 157.9
176.7 153.2
156.4 149.8
140.2 146.8
127.3 144.3
118.1 142.6
111.9 141.6
112.2 139.7
122.2 137.3
135.2 135.6
152.4 135.1
177.3 136.2
204.4 137.3
233.8 138.4
263.7 139.4
288.4 139.8
310.0 138.9
326.2 137.1
336.7 133.1
340.5 125.7
333.4 116.4
322.8 108.0
307.4 101.0
286.1 94.3
264.1 89.0
240.9 85.2
217.1 82.3
194.5 80.5
170.1 80.4
146.4 81.1
125.9 82.0
107.8 83.1
93.4 86.0
81.4 90.3
71.0 97.7
64.2 105.9
62.3 117.4
64.3 130.5
69.6 145.7
76.1 161.4
81.9 177.0
81.4 194.4
78.7 209.7
74.8 222.8
70.7 233.4
66.8 242.0
64.2 250.3
63.4 257.4
66.0 264.1
74.0 271.1
88.1 276.6
103.2 279.2
120.6 278.4
139.4 273.0
157.6 263.6
175.7 250.6
193.0 231.6
210.0 209.5
225.2 189.2
240.0 169.5
253.9 148.4
266.4 129.6
279.2 111.2
289.7 96.4
302.7 82.0
313.9 70.3
323.4 60.9
329.8 54.3
334.0 50.5
334.4 49.5
326.5 51.4
308.6 54.2
285.7 58.3
255.8 65.2
222.7 74.5
189.0 88.6
157.7 107.5
133.6 128.0
120.1 150.0
117.0 172.4
129.2 196.4
143.9 217.8
158.2 235.2
172.2 249.9
183.4 261.1
184.4 270.4
180.1 277.6
166.5 282.5
147.5 284.2
128.5 284.1
107.7 281.1
90.3 276.9
76.1 271.5
65.7 265.7
61.6 259.2
65.0 251.5
78.3 241.4
100.0 231.5
131.5 221.5
163.7 212.6
193.1 204.7
216.4 196.7
232.6 186.1
243.4 174.0
249.0 157.5
242.8 134.0
232.6 113.7
218.5 96.3
204.2 83.2
192.1 74.0
183.7 71.4
181.6 75.8
189.0 92.6
202.1 117.0
217.6 141.8
236.6 171.0
253.5 198.0
267.6 220.9
280.9 241.4
292.0 257.9
300.3 270.1
306.3 279.1
310.2 284.9
312.9 286.5
315.1 283.1
316.8 269.3
316.2 246.5
316.2 219.6
317.2 190.6
318.8 162.0
320.5 137.7
321.9 118.5
322.7 104.3
323.0 94.2
311.9 89.0
295.2 87.4
275.7 88.9
241.8 92.2
209.5 96.8
183.5 102.1
163.1 107.1
148.1 112.9
139.5 120.6
139.4 132.5
144.8 146.7
151.6 160.3
157.2 172.1
156.8 183.8
154.7 193.8
151.7 201.8
146.4 208.9
142.6 215.3
139.3 224.9
134.7 236.1
130.7 245.2
124.8 251.7
117.4 255.3
111.2 254.0
104.4 245.4
97.9 233.3
93.2 217.4
89.9 200.7
87.8 182.5
87.6 164.9
89.1 148.2
91.9 132.1
98.6 117.2
105.6 104.9
116.0 94.9
133.9 86.8
152.7 82.3
171.6 82.7
196.1 87.7
219.8 94.9
240.6 106.0
257.9 119.0
271.7 133.3
280.7 149.6
285.8 169.1
287.9 188.6
287.6 206.4
285.9 221.3
287.3 234.2
290.0 243.7
293.2 249.7
295.5 252.1
293.6 251.8
285.6 250.2
267.7 249.5
247.6 249.2
228.1 249.2
208.2 249.6
187.9 250.4
169.7 251.3
154.7 251.8
143.2 251.9
135.2 251.1
130.0 247.4
127.3 242.1
129.1 236.3
134.9 230.4
144.3 225.4
156.1 221.2
173.2 216.6
191.9 212.8
211.4 209.2
228.8 205.4
244.4 201.8
260.9 197.4
274.1 193.4
285.5 189.0
296.5 182.5
306.3 172.1
314.3 161.4
321.0 150.0
326.9 136.9
330.8 125.8
333.9 116.8
336.6 107.9
338.3 101.0
340.4 94.0
343.0 85.9
345.3 79.1
347.2 72.6
348.6 66.7
349.3 61.9
349.4 57.3
348.9 53.4
347.3 49.8
344.8 46.4
342.0 43.3
338.2 40.8
334.1 38.5
329.6 36.8
322.3 35.6
312.3 34.8
303.5 34.4
294.7 35.4
287.4 36.8
279.3 39.0
271.6 41.6
265.0 44.1
259.4 46.5
254.4 49.3
250.1 51.8
244.6 55.6
239.8 58.8
234.2 62.2
227.0 65.9
219.4 69.9
212.9 73.8
205.1 78.2
198.2 82.3
192.4 86.2
186.0 90.3
180.6 94.1
176.0 97.7
169.8 101.7
163.8 105.8
158.2 110.2
151.0 115.5
144.3 120.5
136.6 126.5
125.7 134.2
115.1 141.5
105.3 148.9
95.7 156.5
87.9 162.9
81.2 168.7
75.5 174.2
70.9 178.9
66.5 184.4
62.5 191.3
58.2 198.3
54.5 205.1
52.1 211.8
50.8 217.5
51.2 222.6
53.2 226.9
56.4 230.7
62.9 234.9
69.3 238.7
76.0 241.7
83.3 243.9
90.2 245.8
97.0 247.5
107.6 249.9
116.3 251.4
123.3 252.3
134.5 254.4
144.6 256.2
153.2 257.3
163.3 258.0
171.4 258.2
179.7 258.2
190.1 257.2
202.1 256.1
215.4 254.5
230.5 252.6
244.8 250.7
258.2 247.9
271.5 244.5
283.5 240.4
294.3 235.3
304.5 229.6
314.7 222.8
323.9 215.8
331.0 208.4
337.7 199.0
343.2 190.3
347.5 181.1
349.4 168.7
345.4 157.2
314.5 150.6
268.5 147.3
224.4 145.5
184.7 144.8
149.9 144.9
123.1 145.5
102.5 146.9
87.2 149.3
76.1 152.7
68.7 156.7
64.7 160.3
63.3 163.3
63.9 165.8
65.7 167.7
68.5 169.2
71.7 170.2
75.1 171.0
78.4 171.5
81.9 172.3
85.6 173.8
91.3 176.7
97.4 179.8
106.0 184.2
116.1 189.7
124.7 194.3
132.2 198.0
138.5 201.0
143.6 203.5
150.2 206.6
157.4 209.7
168.6 213.9
180.0 217.4
190.4 219.9
201.1 221.5
210.7 222.5
219.9 222.7
231.0 221.7
246.4 220.1
261.6 218.0
274.0 215.8
283.0 214.0
