317.1 51.8
319.0 46.3
318.7 44.0
318.6 45.0
319.1 44.9
320.9 45.0
323.3 48.0
326.9 52.0
330.7 53.0
333.3 55.0
333.6 56.0
318.4 61.1
290.2 72.2
264.1 81.1
246.9 98.3
243.1 117.3
250.2 140.4
258.9 153.2
266.4 170.3
271.8 187.3
274.9 205.3
276.4 214.1
275.7 231.3
271.2 236.0
256.2 239.0
222.6 233.9
184.0 209.5
149.1 194.7
117.4 165.4
93.2 138.4
78.2 123.7
79.5 94.4
88.5 87.8
104.1 84.9
125.5 80.9
145.6 70.8
161.2 51.6
167.7 36.7
159.5 31.9
147.1 36.0
132.6 44.1
118.8 61.3
108.7 82.3
107.1 109.5
121.9 151.7
145.4 182.5
167.4 208.4
185.2 216.1
192.4 241.4
183.1 248.1
160.6 239.8
134.6 223.6
112.4 204.6
95.3 192.7
92.6 183.8
103.0 178.8
127.9 172.8
159.9 161.7
187.3 142.6
204.1 100.1
211.4 81.6
210.1 74.8
198.5 73.9
183.2 76.0
169.0 79.0
155.8 92.2
146.8 112.3
150.0 144.5
155.4 161.3
157.5 168.1
153.5 167.9
135.1 157.7
112.3 150.8
90.8 132.6
73.1 101.3
60.9 84.6
53.3 78.8
48.2 78.9
45.2 89.1
42.4 136.8
41.3 168.5
43.0 176.1
51.9 179.0
64.4 183.0
76.5 187.0
87.3 199.2
98.1 208.1
110.1 211.0
130.9 217.0
156.6 224.1
181.3 224.9
209.0 228.0
235.9 226.9
258.8 211.6
278.0 199.7
300.2 169.4
320.5 152.6
337.6 121.3
350.1 97.5
357.3 91.8
359.8 78.7
358.9 76.9
355.7 74.9
351.5 75.9
348.7 93.3
350.4 116.4
354.4 147.5
358.6 193.8
360.6 213.3
361.4 236.4
362.4 250.2
362.9 253.0
362.9 257.0
362.6 260.0
360.9 260.9
353.4 257.9
338.3 240.6
316.9 222.6
287.0 195.4
253.5 171.5
216.6 132.2
179.6 94.2
147.7 82.7
122.0 76.8
101.2 70.8
84.5 67.9
71.9 63.8
63.4 62.9
57.5 61.9
53.5 62.9
51.5 75.1
52.6 130.0
58.3 171.7
64.8 204.5
71.0 238.6
74.9 258.3
78.4 259.9
81.4 259.9
86.8 250.7
100.5 225.4
121.3 198.4
152.5 176.5
190.3 152.5
228.1 136.6
266.0 120.6
300.4 111.7
326.5 110.9
345.2 110.9
357.7 110.9
363.0 112.9
363.2 120.0
357.0 138.3
348.0 155.2
339.1 171.2
331.9 186.2
330.1 206.3
330.8 211.0
331.6 214.0
331.9 215.9
328.4 214.9
318.0 209.8
307.6 209.9
298.8 209.9
291.9 209.9
289.3 217.0
287.8 221.0
283.5 227.0
266.8 232.0
240.7 222.7
213.2 217.8
187.5 206.7
163.2 186.5
143.3 173.7
127.9 159.6
116.3 145.6
107.9 133.7
101.7 120.7
98.1 105.6
96.4 92.7
96.0 80.7
96.1 70.7
96.6 65.8
97.8 61.8
99.5 60.9
101.4 60.9
103.6 60.9
110.5 64.0
123.4 72.0
136.9 79.0
151.3 85.0
166.0 90.0
181.8 96.0
197.5 101.0
214.5 106.0
231.7 110.0
251.1 110.9
268.9 108.9
285.3 104.8
300.7 100.8
314.1 96.8
324.9 92.8
333.4 84.7
338.5 66.5
337.7 48.6
332.6 41.8
326.4 38.8
317.6 38.9
304.9 44.0
290.0 55.1
272.5 72.2
251.4 99.4
231.1 114.2
207.6 137.3
185.9 153.2
167.6 163.1
147.4 187.3
127.1 201.1
108.7 211.1
92.9 213.9
79.3 214.9
66.3 204.7
55.4 185.5
47.1 161.4
43.6 140.5
44.6 132.7
53.0 123.7
65.6 123.9
82.3 133.1
100.7 146.1
123.6 174.4
146.4 192.2
169.7 209.2
194.6 225.2
217.9 227.9
246.1 229.9
272.5 223.8
296.1 208.6
315.4 183.4
330.9 159.4
341.9 147.7
348.9 126.5
351.6 107.5
350.5 101.8
344.0 94.7
333.0 89.8
319.3 86.8
305.9 86.9
291.5 89.9
275.4 110.3
260.9 122.1
248.2 138.2
237.2 155.2
227.9 165.1
219.3 179.1
209.7 187.0
199.2 190.9
187.2 193.9
174.5 193.9
161.9 191.8
151.2 176.6
144.2 162.6
140.4 160.8
139.7 161.9
141.8 172.1
144.9 186.1
146.1 192.0
143.2 198.0
138.6 198.9
134.0 188.7
130.7 178.7
129.0 176.8
128.0 176.9
127.6 183.0
124.4 202.2
115.3 211.0
105.6 207.8
96.2 189.5
89.1 187.8
85.1 184.8
84.1 184.9
85.5 192.0
87.4 197.0
88.4 202.0
88.5 201.9
88.2 195.7
89.0 180.6
92.5 173.7
102.0 166.7
113.6 166.9
127.4 167.9
143.0 167.9
159.2 165.8
177.8 159.7
194.9 154.8
208.3 145.7
218.2 134.7
222.6 126.7
222.7 122.8
220.5 122.9
216.9 123.9
213.1 125.9
209.5 127.9
205.9 131.9
202.9 145.1
201.2 155.0
202.0 172.2
205.0 183.1
208.9 199.2
211.3 203.9
209.7 210.0
201.7 213.9
191.8 216.9
176.8 214.8
160.8 202.6
146.8 187.6
136.8 177.7
133.0 172.8
136.0 172.9
146.8 179.0
165.4 183.9
190.8 182.8
216.0 175.7
239.1 165.7
258.8 150.6
273.3 119.3
282.6 107.6
286.9 100.7
285.2 94.7
278.0 89.8
269.4 86.8
260.8 86.8
251.9 86.8
243.5 89.9
236.1 94.9
230.4 107.1
227.2 119.1
226.3 135.2
227.1 150.1
230.6 170.2
235.5 183.1
240.8 195.1
244.6 203.0
244.7 209.0
240.2 212.9
230.0 217.9
219.5 217.8
195.9 197.5
175.5 181.5
158.8 168.6
146.4 159.7
138.0 158.8
137.7 159.9
153.0 161.9
179.7 159.8
212.2 151.7
242.7 139.6
268.1 126.6
286.7 98.3
297.4 84.6
299.8 69.6
295.6 63.7
274.8 57.7
255.1 60.9
237.6 64.9
219.8 86.2
204.9 97.0
196.2 122.3
195.4 142.2
202.2 166.3
212.6 183.2
223.6 203.2
233.6 224.2
240.3 232.0
241.5 235.9
230.1 244.0
211.8 241.8
192.4 238.8
169.7 226.6
148.0 209.5
130.2 196.6
118.3 192.8
115.3 183.7
117.7 179.8
125.5 179.8
144.3 178.8
168.7 173.7
193.9 163.6
219.0 146.5
241.7 132.6
259.9 111.4
270.7 92.5
273.7 80.6
267.8 76.8
255.9 77.8
239.4 79.9
219.2 85.9
200.2 96.0
184.6 111.1
174.3 125.1
171.1 145.2
170.3 159.1
171.1 173.1
172.2 194.2
172.6 205.0
167.6 214.0
154.9 217.9
139.8 217.8
123.9 209.7
106.9 185.4
93.9 175.6
84.2 169.7
79.2 165.7
80.1 161.7
85.0 156.7
93.7 152.7
102.0 151.8
109.1 151.8
115.2 151.8
120.1 151.8
