88.9 83.5
87.0 82.4
87.3 82.6
87.5 82.7
87.6 82.7
87.6 82.8
91.5 93.2
95.1 115.0
96.3 133.5
96.6 145.8
99.2 142.6
104.7 131.6
109.1 122.2
112.6 115.5
116.3 118.9
119.4 122.7
126.3 122.1
134.9 120.0
141.4 118.1
146.9 122.1
150.9 126.8
158.3 127.9
171.2 124.0
187.6 119.4
201.8 117.9
213.4 117.9
223.1 118.0
234.4 115.4
248.8 110.4
261.2 107.0
272.5 109.1
282.4 112.1
291.6 114.4
299.7 115.2
304.8 118.1
303.5 125.2
285.3 138.3
257.5 153.2
214.5 162.4
167.1 167.0
128.6 169.8
98.7 171.2
78.8 173.2
70.4 179.9
67.8 192.6
69.1 203.6
76.3 211.9
88.1 217.5
107.9 221.2
132.1 227.6
153.1 234.2
157.4 241.2
138.7 246.0
114.7 247.4
93.1 245.3
78.7 236.8
75.8 221.7
87.4 207.6
108.5 196.8
143.1 192.6
182.6 190.2
222.7 184.0
255.8 175.8
282.1 153.7
297.7 124.5
305.3 98.7
300.1 76.8
281.5 61.0
264.6 51.7
251.8 52.5
248.7 66.4
253.4 90.8
255.3 119.9
251.4 146.6
242.7 169.6
217.4 189.2
184.7 204.5
152.3 214.2
126.8 216.4
108.0 214.6
95.6 207.7
89.0 198.5
96.7 188.3
121.8 175.8
158.5 159.9
192.8 144.3
222.4 129.9
248.5 114.0
269.0 99.4
282.2 86.4
278.9 77.0
255.2 73.0
229.3 71.8
201.3 73.5
176.9 76.6
158.5 83.7
157.1 102.6
169.0 125.7
196.5 155.4
222.0 182.8
238.0 205.1
232.8 221.0
207.5 231.6
173.2 234.2
142.5 231.0
115.9 221.6
94.1 209.6
78.2 196.2
68.5 181.9
66.8 167.3
70.7 155.2
89.3 145.7
124.2 139.9
162.8 132.9
198.2 123.2
234.9 106.5
266.9 90.6
292.1 75.0
310.2 62.7
320.2 55.0
312.4 65.4
292.9 87.3
262.9 117.8
224.1 154.1
187.8 186.5
150.3 213.5
117.4 235.5
91.4 251.9
70.8 263.0
54.3 264.1
42.8 249.4
35.4 222.4
32.8 192.0
33.5 161.0
35.6 133.8
38.9 111.8
42.6 94.9
52.6 86.8
77.6 94.2
119.7 120.0
163.7 150.4
206.2 181.2
242.6 209.2
273.1 232.8
297.2 250.7
315.8 260.5
330.0 256.5
339.7 237.3
344.2 201.6
344.9 166.9
342.7 133.9
339.0 107.0
334.3 86.2
329.0 71.3
315.0 71.2
289.8 88.6
258.9 114.2
226.0 140.6
195.2 165.2
164.1 190.0
134.4 213.2
107.2 230.6
82.7 239.5
63.7 236.7
51.1 214.6
44.2 189.6
43.6 166.6
53.3 149.6
77.8 151.7
125.8 179.3
175.0 205.9
218.4 227.0
257.5 238.5
290.9 232.5
309.7 215.8
313.2 196.2
306.2 178.6
293.1 164.8
274.9 164.5
252.8 178.1
225.5 199.1
191.1 222.1
154.2 239.8
119.9 247.6
91.5 244.9
72.8 237.2
71.4 221.2
87.3 207.1
124.3 200.2
166.0 196.6
207.9 193.8
246.0 189.0
277.9 181.8
303.3 170.7
317.1 153.3
320.8 136.3
317.5 122.6
301.0 113.8
275.8 113.2
250.5 116.1
223.4 120.2
197.6 124.3
171.2 127.2
143.6 128.5
117.0 128.7
92.4 127.5
72.6 125.8
57.8 121.9
49.1 115.4
49.2 108.8
64.9 102.8
95.6 98.8
135.2 96.3
181.7 93.7
229.0 90.9
269.4 88.3
303.8 84.5
331.8 79.7
350.7 72.6
357.4 64.6
354.3 57.0
339.4 50.4
318.7 46.8
291.4 45.6
262.8 45.5
231.9 45.0
202.3 44.7
171.1 44.3
140.9 43.7
115.8 43.1
94.5 43.2
76.1 45.3
62.3 50.1
52.8 59.6
47.0 76.0
44.1 93.1
42.3 115.1
39.2 138.0
36.8 156.4
36.0 170.6
38.9 178.8
52.7 178.9
77.2 176.2
126.3 171.1
174.9 166.1
215.3 161.3
247.0 159.0
264.0 159.2
262.1 161.8
244.2 169.3
224.4 178.4
212.5 189.7
206.7 200.6
199.5 211.3
187.3 221.7
172.4 234.2
164.0 247.5
172.1 259.2
187.5 267.8
207.9 269.6
236.9 263.7
260.8 251.2
278.0 224.8
288.9 192.9
292.8 159.6
288.5 124.9
278.1 93.9
259.2 68.1
238.9 48.3
212.2 35.3
181.7 29.4
153.4 30.1
126.9 37.4
97.3 59.8
73.6 84.2
56.1 116.2
48.8 150.9
56.3 184.6
81.2 215.0
116.6 238.3
163.8 254.8
210.1 268.4
247.5 277.3
280.4 278.3
306.8 271.6
327.1 255.9
342.0 225.8
351.9 197.3
355.4 170.1
354.2 147.5
344.7 130.4
328.8 119.4
310.8 118.3
293.7 128.1
280.7 144.0
271.0 160.9
260.8 176.5
233.0 190.5
198.2 201.0
159.5 207.7
122.5 211.1
93.0 211.8
73.1 207.7
64.8 196.2
63.0 183.6
71.0 167.5
87.0 153.4
106.8 142.8
140.6 141.5
181.0 149.0
217.6 162.2
242.8 179.2
251.2 196.7
245.6 211.4
223.0 216.5
200.4 212.4
180.5 200.4
165.5 184.8
165.0 163.7
175.0 144.4
194.1 127.7
223.1 113.8
252.6 101.3
278.6 90.6
303.5 78.3
323.2 65.4
336.4 52.8
344.2 42.5
346.5 35.0
342.7 33.0
326.3 42.5
294.5 68.3
251.2 105.6
206.4 143.5
158.3 181.7
116.3 214.7
81.6 242.1
54.3 263.7
34.4 279.3
20.8 289.9
12.4 296.5
8.0 299.9
6.6 300.9
7.5 300.2
18.4 293.7
53.1 269.9
97.7 235.5
146.1 198.3
193.6 162.7
234.1 131.7
266.2 106.5
290.6 87.1
308.0 72.8
319.7 63.1
326.7 57.1
330.2 54.0
331.0 53.0
329.8 53.6
327.3 55.3
324.0 57.7
320.3 60.4
316.5 63.3
312.7 66.2
309.2 68.9
306.0 71.4
303.2 73.6
