117.6 97.4
116.3 96.5
116.5 96.7
115.9 96.7
110.9 90.8
106.2 83.0
103.7 78.2
101.4 76.3
93.3 100.1
85.3 136.4
78.8 169.2
74.4 192.7
72.0 198.4
70.5 192.6
69.2 177.2
67.6 162.2
66.6 149.7
67.4 146.6
74.5 157.7
87.0 168.5
106.4 169.0
126.8 161.1
143.3 154.1
156.1 148.2
169.7 154.3
184.9 163.3
197.7 169.7
211.3 168.4
225.7 163.0
238.3 156.9
248.1 151.6
256.8 149.3
266.5 154.9
274.7 168.2
283.7 189.4
296.3 210.3
308.7 228.0
322.6 242.9
334.3 254.7
342.6 263.2
345.7 261.7
337.7 236.1
328.0 205.0
315.5 174.8
303.6 149.7
293.7 130.0
285.7 115.0
289.0 112.1
299.6 117.3
305.3 128.0
290.3 141.1
275.1 153.3
261.0 166.2
248.7 180.2
240.1 197.0
234.7 212.7
231.0 226.6
219.9 239.8
209.8 250.8
209.3 262.6
214.1 272.9
217.6 281.2
201.3 287.7
177.2 290.5
154.0 288.5
131.8 278.9
114.8 261.3
105.3 243.4
121.8 222.9
148.1 204.6
176.5 189.7
204.9 176.7
230.6 164.8
249.1 148.7
260.3 129.2
266.2 110.1
263.3 90.8
254.6 75.0
243.6 63.7
233.4 57.2
225.6 56.6
229.4 67.0
245.8 82.8
261.8 100.1
273.8 120.6
278.9 142.1
277.8 162.8
268.2 184.5
253.2 204.5
232.7 222.9
213.3 241.1
197.8 258.4
190.2 275.1
188.7 290.4
188.5 301.6
188.3 309.1
177.8 313.7
158.9 312.1
139.1 304.8
120.3 290.5
104.2 271.5
90.7 247.7
81.1 220.5
75.4 194.6
72.4 168.1
72.2 144.3
74.7 124.2
79.9 108.5
101.9 94.8
131.3 83.5
169.2 74.8
202.3 68.7
229.5 63.5
251.4 58.9
268.6 55.5
281.9 52.6
291.0 50.5
291.6 47.9
279.6 45.1
256.3 42.0
223.1 38.5
192.9 35.5
164.0 32.9
133.4 29.2
104.6 25.4
80.4 22.6
61.2 20.5
45.6 19.1
33.0 19.4
24.4 21.7
18.5 27.1
14.5 41.2
12.8 58.6
12.8 77.7
13.6 99.1
14.1 125.8
15.0 153.7
15.6 179.0
16.0 203.8
16.8 223.4
17.9 238.1
19.0 248.8
21.1 255.6
30.3 257.0
43.5 253.6
65.1 243.6
91.9 230.1
118.2 216.0
144.8 200.5
176.5 182.7
207.6 164.6
234.1 145.8
259.8 126.4
288.5 106.3
312.3 88.0
329.9 71.6
343.0 57.9
351.2 47.6
356.0 39.5
356.7 32.8
348.7 27.9
331.5 25.0
308.4 24.5
279.4 25.0
247.9 26.0
216.3 27.6
184.6 30.0
153.8 33.1
126.7 36.2
102.1 40.8
81.9 45.8
67.4 50.6
58.0 58.0
54.7 67.7
60.2 81.3
72.8 98.2
89.7 115.8
113.3 136.6
137.4 157.0
162.1 177.8
189.8 201.1
217.8 225.2
241.0 245.5
260.3 263.3
274.7 277.1
284.7 287.3
291.0 294.1
293.6 298.0
293.9 299.3
294.1 287.5
293.2 269.9
294.1 233.0
297.1 190.4
301.2 146.2
305.1 106.7
308.6 74.5
310.9 50.0
313.5 38.1
314.8 35.7
311.8 41.3
302.9 53.9
284.4 73.7
267.8 93.5
255.8 114.1
253.3 136.1
253.7 157.0
255.1 177.6
256.5 196.2
256.8 211.7
253.9 224.7
237.6 235.4
214.3 242.8
192.2 248.2
167.1 251.3
140.3 251.5
115.0 250.7
91.8 248.5
66.4 242.0
40.3 231.9
17.4 216.0
4.5 195.9
1.4 176.9
4.2 161.0
23.3 152.3
46.3 152.8
69.9 160.3
101.3 170.1
138.7 180.7
179.7 190.3
217.7 195.2
251.1 185.6
275.8 166.9
287.8 144.1
286.6 120.4
281.1 101.4
273.8 88.4
265.7 83.5
262.1 89.6
265.1 105.9
271.3 125.3
275.9 146.0
276.9 166.5
271.9 187.3
254.7 206.9
231.5 223.4
204.9 237.0
178.6 246.9
151.8 252.5
124.5 251.8
102.4 246.5
87.6 233.0
79.0 216.2
77.8 200.7
83.5 189.8
91.4 184.9
101.3 183.9
115.1 184.4
138.4 179.7
167.2 170.0
195.0 154.4
216.4 138.1
230.7 122.4
235.3 109.3
234.1 99.8
230.8 94.6
229.7 100.5
232.4 110.7
242.5 126.2
258.4 144.6
273.9 161.6
286.6 179.5
296.4 196.1
298.6 211.0
287.9 224.0
274.1 233.6
253.2 238.9
229.6 241.0
205.5 240.5
176.0 237.7
150.1 233.5
125.3 228.1
98.5 221.1
77.1 214.3
59.5 205.2
46.2 193.6
36.4 180.5
28.5 165.8
22.7 150.2
19.6 136.6
20.2 124.7
30.3 114.4
46.7 107.9
65.8 106.9
97.9 113.8
136.1 121.8
174.7 128.3
213.3 132.3
245.2 134.2
267.2 127.7
278.2 116.6
280.7 105.5
269.8 94.2
256.9 85.4
244.4 79.7
233.6 78.9
234.9 89.7
237.2 102.4
242.4 120.3
246.6 139.5
247.7 156.8
246.5 171.7
240.2 187.4
229.9 203.1
215.4 216.1
194.1 227.9
174.6 236.3
153.1 241.1
131.5 242.4
113.2 240.6
98.1 236.7
86.3 231.6
78.1 226.8
72.9 222.6
70.0 218.8
68.9 215.6
68.8 213.3
67.6 213.4
66.2 213.9
64.3 212.3
62.0 202.2
60.5 189.3
60.8 176.0
62.9 165.6
71.1 159.4
81.7 157.6
90.7 160.4
98.8 165.0
105.2 169.2
112.5 172.4
123.8 174.3
142.6 178.0
170.9 182.3
198.8 185.1
223.3 186.2
246.6 185.2
264.2 180.5
271.5 168.5
275.4 158.2
276.8 150.0
278.8 143.0
284.8 136.3
295.0 127.8
304.1 117.6
311.6 105.1
318.2 90.9
323.7 76.3
329.3 62.0
333.9 50.5
337.6 41.0
341.3 33.2
344.5 27.7
346.4 24.3
347.8 24.6
348.5 30.1
348.2 40.6
348.4 51.6
352.3 65.5
357.3 80.2
361.3 94.9
363.6 113.9
365.1 134.0
366.9 153.8
368.3 171.2
366.5 185.9
360.9 198.1
352.4 207.8
342.6 215.0
334.4 219.5
322.7 222.2
292.7 222.1
261.5 219.8
229.7 213.6
187.4 205.2
147.1 194.0
116.6 182.0
93.6 167.8
77.2 155.5
66.4 145.9
60.1 138.5
74.9 133.8
108.9 132.9
145.0 134.0
179.6 136.7
207.8 139.3
226.1 142.7
235.3 147.5
238.7 155.9
240.8 166.3
243.3 178.6
244.4 190.4
243.2 200.5
236.0 209.3
226.0 216.7
208.4 221.2
184.7 222.4
164.7 222.6
146.8 221.6
128.7 218.8
113.1 215.2
95.0 210.5
77.1 205.3
63.9 201.0
54.5 197.4
58.0 193.8
78.4 190.9
110.3 189.3
151.4 187.1
194.3 184.3
233.6 181.9
268.2 179.8
297.9 178.1
320.5 177.0
337.6 175.3
350.3 173.7
358.4 172.5
362.9 171.7
364.6 171.3
364.2 171.1
362.4 171.1
359.7 171.2
356.4 171.5
353.0 171.7
349.5 172.0
