80.9 49.8
79.0 48.1
79.2 48.4
81.5 56.2
103.5 96.8
134.3 141.7
169.8 184.9
195.7 216.4
220.9 247.2
245.4 274.4
262.4 292.7
275.3 305.0
287.7 313.8
295.9 318.5
302.3 320.0
306.0 317.8
308.6 302.8
311.1 272.1
313.7 231.4
316.4 186.2
318.8 145.6
320.4 112.5
321.0 87.0
320.7 67.6
319.3 53.5
313.5 43.9
300.8 41.3
272.8 56.0
218.3 94.1
168.6 131.0
120.0 168.2
77.5 200.9
45.1 226.9
21.5 246.8
5.2 260.6
-4.9 265.4
-8.0 245.9
-7.2 216.1
-4.0 180.3
1.6 142.4
7.3 108.1
12.6 79.8
17.5 56.9
21.8 40.0
25.8 27.9
29.4 19.9
32.5 15.1
35.1 12.9
37.3 12.5
41.4 14.0
52.1 20.1
71.5 31.0
97.0 42.6
127.3 53.9
149.7 68.2
160.0 87.2
152.8 115.5
140.7 141.8
133.0 162.9
140.9 182.1
154.6 199.2
166.1 214.3
176.0 232.9
179.8 250.8
180.3 265.6
181.5 275.9
192.9 281.7
217.8 280.1
243.9 272.3
266.9 258.8
285.3 239.0
298.0 216.1
305.3 192.6
308.5 168.7
307.9 146.3
303.9 127.5
288.0 111.6
270.4 100.0
254.4 92.5
238.1 89.0
224.4 88.3
211.6 92.7
196.8 101.4
181.4 113.1
166.2 126.4
151.2 140.1
133.4 157.5
112.4 177.8
93.7 195.4
76.6 209.5
63.1 214.5
53.1 212.8
45.9 205.5
41.3 195.1
39.8 181.6
41.7 169.2
50.4 158.1
62.6 151.3
79.6 147.3
99.1 145.6
119.7 146.7
143.8 149.8
170.4 154.4
198.0 159.2
224.2 163.3
254.6 165.7
280.3 166.8
300.5 165.7
316.0 163.9
327.4 160.9
334.9 158.1
339.0 155.6
335.0 153.0
320.2 150.1
298.0 147.8
274.3 145.3
249.1 143.1
225.7 141.2
198.3 140.7
170.7 141.1
144.1 141.9
121.5 142.4
103.2 140.6
88.5 137.7
77.1 132.3
70.3 123.5
67.3 113.6
72.1 103.8
86.5 95.7
114.9 90.2
145.3 86.8
179.0 86.2
210.5 87.1
241.2 91.9
265.2 101.2
281.0 114.9
291.0 131.7
293.5 152.0
287.0 175.2
278.2 198.8
269.2 221.7
264.9 243.5
268.4 264.6
278.0 283.1
289.0 297.4
298.7 307.6
307.1 312.7
315.2 310.0
320.4 292.7
323.1 270.7
322.0 243.1
317.7 215.6
311.6 188.8
303.1 164.6
293.8 144.8
285.9 128.7
279.0 115.5
273.7 104.3
269.6 92.2
267.8 79.4
267.9 68.0
271.0 57.2
275.3 48.3
279.6 41.3
283.2 36.3
286.2 32.5
288.5 30.3
291.0 30.1
294.3 32.3
296.8 35.4
296.1 40.0
288.9 46.3
273.4 55.3
251.0 67.5
222.8 79.8
194.7 92.2
164.8 106.6
132.9 121.7
105.8 136.2
81.5 153.3
64.1 170.8
55.8 187.4
66.5 207.1
90.1 227.1
114.1 243.1
134.9 255.5
149.6 265.2
144.4 273.9
127.2 280.6
109.1 284.7
92.9 283.5
82.2 270.5
79.6 254.5
99.6 231.1
125.4 207.7
151.7 187.8
183.5 170.7
215.6 156.1
250.4 141.4
278.2 129.2
299.3 119.7
314.5 112.7
324.8 108.3
