100.8 69.6
99.8 69.7
103.8 81.3
104.6 86.5
104.3 86.2
115.5 83.2
127.0 83.3
128.9 86.4
123.2 89.4
113.4 84.1
87.9 58.4
66.7 49.0
52.0 32.7
42.8 28.1
37.7 28.3
34.7 28.3
35.0 34.5
47.6 62.2
63.9 84.0
76.2 91.5
87.3 101.6
98.6 109.5
113.4 123.7
135.0 149.1
153.1 160.6
166.2 164.4
174.8 165.3
180.4 165.3
182.9 165.3
181.8 161.1
168.9 131.3
153.8 113.7
135.1 87.4
114.8 70.7
99.8 66.1
85.9 59.0
76.0 58.2
69.6 58.3
69.4 71.7
95.1 121.9
126.2 152.2
150.3 163.6
167.4 167.4
179.8 170.4
186.0 164.1
176.8 131.2
164.8 118.9
148.1 101.7
131.7 95.0
120.9 95.3
113.7 95.3
112.8 101.5
128.5 132.3
149.9 159.1
171.7 178.9
188.7 185.5
201.0 187.3
212.4 197.6
220.2 197.2
227.8 202.4
238.0 210.5
244.5 210.2
248.7 210.3
242.9 197.8
233.2 192.1
214.5 189.2
194.0 191.3
175.1 203.6
161.1 219.8
152.5 240.9
148.5 253.7
145.9 257.4
143.8 257.2
144.5 250.0
171.8 189.3
203.6 161.3
250.7 101.3
287.1 85.7
312.2 75.9
328.5 75.2
338.9 75.2
345.1 77.3
345.5 83.4
313.2 139.0
275.0 170.3
240.7 197.1
209.2 214.8
185.3 218.4
163.6 222.4
143.6 227.4
129.8 229.3
120.9 229.2
116.4 224.1
120.4 193.2
129.8 172.6
144.9 154.7
159.2 150.1
174.1 145.1
184.1 144.2
185.4 150.4
172.7 160.6
156.3 150.9
139.5 130.6
128.0 122.0
121.0 120.2
121.7 119.2
144.3 137.8
177.5 173.4
198.0 200.1
194.6 220.9
161.6 199.5
130.7 169.3
109.1 148.6
99.4 140.0
99.6 130.9
109.4 121.9
128.5 117.1
162.4 114.1
191.0 115.3
211.4 115.2
224.8 115.2
233.9 115.2
240.2 115.2
244.1 115.2
246.5 115.2
248.0 115.2
248.7 115.2
240.4 114.2
219.5 114.2
170.9 126.6
126.5 126.2
96.8 126.2
76.5 126.2
63.0 126.2
54.3 126.2
50.7 131.4
55.5 145.7
65.7 160.7
79.5 173.7
95.7 188.7
110.3 199.6
123.2 211.6
136.7 226.7
149.8 228.3
160.7 222.0
181.1 200.5
205.5 180.6
225.7 155.4
241.6 108.7
254.5 88.6
264.4 75.8
270.2 64.9
273.8 60.1
276.0 58.2
277.1 57.2
279.2 60.3
294.3 117.1
309.7 160.6
321.6 200.5
331.1 226.1
339.0 241.7
345.0 249.5
348.7 249.2
350.1 249.2
342.9 233.7
318.1 196.0
285.3 173.5
254.3 146.3
224.7 118.3
195.6 99.6
166.3 80.6
132.7 55.4
105.8 50.0
87.5 49.2
74.6 47.2
66.5 47.2
61.1 57.6
58.7 87.2
64.6 182.3
68.5 228.7
69.5 258.2
70.5 263.4
71.4 265.3
72.2 265.2
73.0 265.2
81.3 245.6
108.6 198.7
141.5 170.3
192.5 113.4
234.2 99.8
266.9 86.8
288.3 87.2
302.2 87.2
311.1 87.2
316.6 87.2
319.8 87.2
321.7 87.2
321.8 87.2
315.9 86.2
292.8 88.3
237.9 93.4
196.9 93.2
169.7 93.2
154.4 103.6
156.1 136.3
170.3 174.5
177.2 179.4
169.8 183.3
159.7 183.2
151.9 183.2
146.9 185.3
147.9 205.9
152.4 218.6
154.8 223.4
142.1 223.2
125.9 202.5
116.0 188.8
113.0 182.0
115.4 177.1
137.5 167.9
166.3 166.2
194.9 166.2
228.2 162.1
255.8 157.0
277.0 141.7
291.5 114.3
298.3 95.6
299.0 84.9
287.5 66.6
273.6 61.0
262.0 60.2
246.1 65.4
227.6 77.6
214.8 83.4
208.3 104.9
210.4 128.0
221.3 153.0
233.0 175.9
241.5 189.7
246.0 202.6
241.4 217.7
231.8 221.3
211.8 225.3
191.7 221.1
172.0 203.6
156.1 183.6
144.5 174.9
135.1 155.6
128.7 151.1
124.6 146.0
125.2 140.0
129.1 136.1
132.3 135.2
135.7 133.1
139.2 130.1
143.2 126.1
148.2 123.1
159.9 125.3
176.8 133.5
198.6 152.8
217.1 165.6
231.3 182.8
240.9 199.8
245.2 212.6
239.2 228.7
228.3 233.3
213.8 239.4
198.0 239.2
180.3 233.0
165.2 224.9
147.7 207.6
134.7 201.0
125.0 182.6
118.0 157.4
113.6 144.8
111.2 126.6
111.6 114.8
114.7 106.9
121.8 101.0
132.4 95.0
142.4 93.1
150.7 92.2
159.6 93.2
170.8 96.3
182.8 99.3
195.9 104.4
207.6 107.3
219.0 110.3
229.9 114.3
238.8 119.4
249.1 130.6
259.1 142.6
266.4 156.6
271.3 169.6
276.7 198.1
280.0 214.7
280.1 226.6
271.6 242.7
257.5 251.5
241.3 255.3
223.6 256.2
208.0 256.2
195.4 255.2
181.1 249.0
169.4 246.1
160.2 244.1
151.6 241.1
146.1 241.2
142.6 241.2
140.4 241.2
139.1 241.2
138.4 241.2
143.0 248.4
153.3 254.4
168.2 256.2
181.6 256.2
196.1 253.1
215.6 247.0
230.7 244.1
245.1 234.9
264.0 214.5
278.3 204.9
290.5 186.6
299.6 164.5
305.3 144.5
307.0 112.1
304.1 94.6
296.7 76.6
286.2 64.8
270.5 55.9
248.2 50.0
216.3 52.3
190.7 55.3
165.1 62.4
136.5 80.8
111.8 94.6
91.5 111.7
76.4 119.4
63.8 134.7
54.6 142.4
48.1 154.6
45.0 174.8
45.5 192.8
47.3 200.4
51.8 215.7
59.6 226.5
66.6 231.3
75.9 241.5
87.2 249.4
99.7 258.5
114.6 263.3
135.8 266.3
154.8 266.2
170.0 266.2
189.1 261.0
210.3 256.0
226.8 253.1
244.4 245.9
259.2 242.1
270.2 238.0
285.2 229.9
297.1 225.0
305.0 213.8
311.5 193.5
315.4 188.0
315.8 164.4
313.5 136.3
311.0 126.9
307.5 119.9
302.3 114.0
294.9 106.9
286.4 101.0
274.9 95.0
263.8 92.1
251.9 90.1
237.5 87.1
222.6 86.1
204.1 83.1
188.9 80.1
176.3 80.2
162.4 80.2
152.2 80.2
142.6 80.2
136.1 81.2
132.0 81.2
129.5 81.2
128.1 81.2
