72.0 72.6
69.9 70.4
70.2 70.3
70.4 70.4
69.9 78.3
69.7 101.9
72.4 142.5
74.1 184.7
75.2 218.6
75.9 245.5
76.4 263.2
77.4 271.3
79.3 268.0
83.9 248.9
89.8 218.3
95.6 187.6
100.0 161.5
103.3 139.7
105.7 122.4
107.2 109.2
108.2 99.4
108.7 94.8
110.6 101.5
113.7 119.7
117.7 145.9
121.0 175.8
123.5 201.5
125.2 222.1
126.3 237.9
127.5 247.5
131.8 241.2
139.2 221.8
146.4 195.6
154.3 166.3
161.2 139.5
166.3 118.1
170.0 101.0
172.4 87.2
173.9 77.3
174.7 70.5
176.3 72.4
179.3 83.9
184.0 111.6
189.3 142.9
193.6 170.8
196.7 197.2
199.1 220.6
200.6 239.1
201.5 252.7
204.5 254.4
211.0 241.0
218.4 219.1
226.7 192.9
234.5 166.7
241.9 140.5
248.8 117.9
253.8 99.7
257.2 86.0
259.4 76.2
260.7 69.5
262.9 75.1
264.5 87.6
267.5 110.7
270.1 135.0
271.5 160.2
272.3 185.1
272.1 208.6
271.6 227.9
271.2 245.9
271.3 261.5
271.2 272.7
271.3 280.4
273.6 280.1
277.7 273.2
285.6 256.7
296.1 234.2
305.5 209.9
314.5 184.9
322.6 161.6
329.5 139.5
335.3 119.9
339.7 104.9
342.7 94.1
344.4 86.7
345.3 82.1
345.5 80.5
345.2 83.7
344.5 97.0
343.7 115.8
342.7 138.3
342.0 164.8
342.2 189.0
342.5 211.9
343.5 232.4
344.3 248.6
344.8 260.3
345.1 268.4
345.3 273.6
343.6 275.2
335.1 271.8
319.6 265.3
296.5 259.1
275.4 253.4
252.3 247.8
228.9 241.7
205.6 236.7
186.0 232.6
167.5 228.8
150.3 225.2
136.5 221.9
122.3 218.6
107.1 214.0
92.1 209.1
77.9 203.1
62.2 193.5
49.3 183.4
40.5 174.8
35.2 167.1
33.6 160.4
36.9 154.7
44.9 149.2
55.6 144.9
68.6 142.3
83.7 141.1
100.0 140.7
119.5 141.5
138.3 142.6
156.2 143.6
175.7 144.6
193.3 145.7
207.2 146.8
222.0 147.5
237.3 147.0
250.1 146.3
265.0 143.8
278.1 141.2
292.6 137.7
304.7 134.1
313.6 130.7
320.3 127.9
324.4 125.8
326.5 124.3
