122.6 91.4
121.9 89.5
121.8 88.9
121.7 89.2
141.4 85.0
169.3 85.2
227.6 85.1
269.3 85.2
295.9 82.0
311.3 79.1
317.3 79.2
320.2 79.1
321.9 79.1
322.4 79.1
303.1 77.1
257.9 86.5
214.2 95.4
168.2 111.7
134.8 116.3
109.7 122.3
93.6 126.3
89.1 134.4
102.0 142.4
142.2 156.6
183.0 171.6
211.6 175.3
230.9 181.3
237.5 190.4
219.1 210.8
187.5 216.3
152.6 227.5
122.6 232.3
101.1 236.3
85.8 241.3
75.6 245.3
75.1 250.3
103.8 261.5
140.4 270.4
169.7 274.3
200.5 280.3
225.8 280.1
246.2 278.1
267.1 273.0
292.4 266.9
312.7 258.9
328.1 240.6
339.2 198.8
345.3 163.0
345.3 131.1
343.4 103.2
341.5 91.8
338.7 82.9
337.8 80.1
338.4 79.1
348.1 103.9
359.5 112.4
368.8 135.9
373.9 152.7
369.9 176.9
361.3 192.7
355.0 205.6
355.2 217.5
357.8 223.3
360.9 230.4
363.2 238.4
363.4 242.3
363.0 246.3
362.7 251.3
361.9 255.3
357.5 256.2
338.6 255.1
308.3 245.8
269.2 221.3
241.2 206.7
220.5 195.8
196.8 170.3
176.8 159.8
159.7 151.9
144.2 135.6
135.1 114.5
129.7 98.6
128.1 83.7
127.7 83.1
126.3 83.1
119.6 83.1
109.5 84.2
98.1 91.4
90.2 100.4
94.3 131.1
103.4 151.8
112.7 165.6
118.0 175.5
116.8 184.4
114.6 192.4
113.0 204.5
112.1 219.6
110.1 225.3
103.7 226.2
94.3 215.8
88.2 200.6
86.6 190.8
91.4 177.7
99.6 177.1
107.9 177.1
117.6 189.5
127.5 197.4
137.2 204.4
148.1 210.3
164.4 212.2
189.6 207.0
211.8 197.8
228.7 171.3
239.6 149.4
244.4 136.7
244.3 133.0
242.9 133.1
241.8 143.5
248.4 169.0
264.7 188.8
282.5 200.5
297.1 205.3
308.4 210.3
315.6 215.3
321.2 217.2
325.4 217.1
327.9 217.1
329.7 220.2
327.6 231.5
313.8 249.7
291.7 255.3
270.8 251.0
250.4 244.9
232.0 238.9
214.5 223.6
201.8 214.8
193.2 211.0
188.3 203.9
186.7 199.0
187.7 194.0
192.7 191.0
199.1 191.1
206.1 194.2
214.3 206.5
219.7 217.5
222.2 221.2
216.7 227.3
205.1 232.3
189.1 234.2
173.0 231.0
149.1 215.6
130.0 212.0
115.7 208.0
102.3 191.6
91.4 174.6
84.4 160.7
78.9 144.6
74.4 136.9
71.3 136.1
69.6 136.1
67.9 136.1
64.7 141.3
61.4 147.3
58.6 152.3
58.9 165.6
60.4 170.3
64.7 175.3
74.4 177.2
83.3 176.1
95.0 171.0
106.3 167.0
114.5 166.1
126.4 158.9
140.3 155.0
153.7 150.0
166.6 146.0
181.1 139.9
191.7 137.0
200.5 129.9
211.4 120.8
220.8 117.0
226.7 113.0
229.3 110.0
222.5 108.1
215.6 108.1
208.1 109.2
205.0 117.4
205.4 124.3
210.9 135.5
217.1 140.3
222.2 145.3
226.2 153.4
225.0 172.7
211.6 196.9
198.4 202.3
186.6 202.1
165.6 200.1
149.0 195.0
133.1 180.7
116.3 168.7
103.8 162.9
91.2 146.6
81.1 143.0
74.6 136.9
70.6 122.7
68.1 113.8
66.7 109.0
67.5 96.7
68.6 83.7
68.3 75.9
65.3 67.9
57.1 55.7
43.5 52.0
33.5 52.1
25.2 61.4
19.9 73.5
21.1 90.7
26.7 104.6
38.5 112.4
53.3 116.2
70.1 121.3
94.5 128.3
120.9 133.3
145.1 139.3
172.4 146.3
200.1 154.4
227.3 160.3
248.9 163.2
265.4 168.3
282.9 179.5
297.0 184.3
307.9 189.3
315.5 200.5
321.2 220.8
323.4 234.6
320.7 243.4
310.3 249.3
293.2 251.2
269.8 250.1
249.3 248.0
220.7 248.1
191.9 250.2
165.3 247.0
142.4 243.0
125.9 240.0
108.7 234.9
93.0 232.0
82.1 230.0
74.4 224.9
70.7 212.7
73.1 197.6
77.9 190.9
89.3 182.8
102.8 179.0
116.0 175.0
133.2 168.9
150.7 159.8
167.2 148.7
190.7 122.2
210.6 111.8
227.9 100.8
243.7 88.7
258.6 73.6
272.3 66.9
286.5 58.8
301.2 49.8
315.3 46.0
326.5 45.1
337.4 46.1
345.5 49.2
351.6 55.3
356.1 72.7
359.1 90.7
361.5 98.4
364.3 118.8
367.8 133.6
371.7 146.5
375.9 162.6
379.9 177.6
382.4 183.3
383.3 183.1
381.1 180.0
368.8 154.3
354.8 142.7
335.1 122.4
318.2 113.8
303.2 110.0
290.6 111.1
279.6 117.3
270.5 127.4
262.7 140.5
256.1 155.6
250.7 176.8
245.4 190.5
237.1 200.4
226.8 205.3
212.6 211.3
196.9 213.2
183.0 211.0
166.0 201.8
150.1 193.8
137.2 184.8
125.9 177.9
115.7 172.9
107.8 166.9
102.1 160.9
98.7 157.0
96.3 149.9
94.7 146.0
93.2 142.0
92.4 135.9
94.9 133.0
102.7 127.9
111.6 127.1
123.3 124.0
141.1 118.9
154.4 118.1
170.9 118.1
188.3 117.1
201.2 117.1
215.1 113.0
231.3 110.0
243.4 110.1
259.3 112.2
275.6 111.1
286.2 111.1
293.4 113.2
300.5 119.3
305.0 122.2
307.7 124.2
307.7 129.3
301.5 137.4
290.3 148.5
278.6 155.3
259.3 169.6
243.0 173.2
216.7 192.7
182.6 211.7
155.6 217.3
131.4 229.5
113.4 235.3
102.0 238.2
98.2 242.2
105.1 248.3
114.0 251.2
127.4 251.1
146.3 247.0
163.9 248.1
183.2 255.3
200.9 258.2
219.1 259.1
232.2 259.1
246.8 257.0
261.7 253.0
274.0 249.0
287.7 242.9
303.3 231.7
315.0 223.8
323.6 218.9
329.8 215.0
333.6 205.8
336.6 191.6
338.7 177.6
338.4 153.3
337.9 145.8
337.4 143.0
336.1 128.6
334.6 115.7
333.5 110.9
333.0 96.6
