59.1 53.7
56.8 52.2
57.1 52.4
57.3 52.5
62.3 53.2
84.3 58.9
102.5 64.9
114.6 69.8
122.0 72.9
124.4 78.6
118.9 86.2
109.7 94.3
97.5 106.1
87.8 116.1
82.8 124.9
85.9 134.3
95.9 145.9
104.3 157.7
109.3 170.4
109.0 184.7
108.2 199.2
111.4 212.6
122.6 226.5
145.1 241.3
175.1 255.0
203.9 265.5
229.9 271.8
256.5 270.4
278.6 264.1
295.9 252.1
309.3 228.4
318.6 202.6
323.7 181.1
318.8 159.8
310.9 142.9
302.0 130.5
293.8 127.0
289.4 132.8
287.2 141.2
286.7 155.3
287.6 171.2
287.6 187.1
283.6 203.8
273.3 221.8
256.0 236.7
232.9 249.4
209.8 258.7
185.2 264.2
160.6 266.1
139.7 265.3
122.5 261.1
108.2 253.2
99.2 243.3
95.2 232.8
98.3 222.1
113.3 211.5
131.7 202.1
154.8 193.8
187.8 186.9
220.4 182.1
247.8 178.8
270.8 175.8
289.6 172.2
303.9 167.5
314.1 158.5
320.6 148.2
323.0 136.5
319.7 125.0
308.4 113.7
292.0 104.1
275.2 97.2
260.1 93.4
246.3 93.8
234.4 100.9
225.6 110.3
219.8 123.4
216.1 136.5
212.6 151.2
203.0 166.2
188.7 179.2
169.8 190.9
152.2 200.3
138.6 208.2
131.5 217.1
133.7 227.8
139.3 239.8
143.3 251.9
143.5 261.0
128.6 266.0
109.8 266.1
92.2 261.3
77.1 250.4
65.8 234.5
59.1 217.3
57.5 201.2
60.4 187.1
76.1 173.8
104.3 164.3
144.8 156.3
184.5 149.6
223.1 144.3
258.8 139.4
287.3 134.7
309.0 129.0
322.3 118.6
327.3 107.9
318.3 94.9
303.1 84.0
280.7 76.6
250.8 73.2
220.9 75.3
194.8 81.6
174.7 91.6
163.3 107.3
164.1 127.7
172.6 149.0
184.1 169.2
197.5 187.1
212.6 202.2
226.5 215.2
238.3 226.0
248.4 235.7
255.9 244.1
258.1 251.3
255.5 257.4
250.0 261.9
237.5 263.9
216.7 262.9
195.6 260.0
177.7 255.2
164.1 250.1
162.3 243.8
167.1 238.5
178.6 235.8
196.8 235.1
215.6 234.9
232.7 234.2
247.8 232.5
260.1 230.1
271.8 226.7
283.7 224.9
296.6 224.8
306.7 224.5
315.4 221.0
322.6 215.5
328.9 207.7
334.5 197.2
339.3 185.9
344.0 172.2
347.7 159.0
350.1 147.7
351.4 138.7
351.7 131.7
349.1 122.5
344.1 113.3
338.5 105.5
332.2 99.7
323.7 95.9
315.3 96.1
307.5 99.4
300.8 105.7
296.0 113.4
294.6 122.1
295.0 130.8
296.4 139.6
298.1 148.5
299.8 157.4
301.7 166.1
304.2 175.9
302.6 187.8
298.6 198.0
295.1 206.4
293.5 216.9
292.4 227.3
287.8 236.4
281.8 243.7
276.9 248.8
277.8 245.0
279.8 238.4
281.3 230.8
279.0 223.0
273.3 215.2
268.9 205.9
267.0 191.5
266.2 179.1
265.9 169.5
265.2 162.1
263.4 157.4
262.1 153.3
261.3 150.4
260.7 148.6
256.4 143.6
251.8 136.0
247.9 126.7
244.4 119.2
239.8 113.3
231.6 113.0
221.7 116.1
209.6 121.0
197.6 126.9
184.7 132.2
167.5 133.8
152.3 131.6
137.1 127.2
112.2 123.6
89.1 121.6
68.9 121.6
53.5 121.4
40.9 118.5
31.1 116.0
23.0 114.0
18.0 114.6
15.7 116.5
23.3 119.9
37.2 124.3
50.6 130.2
62.9 138.5
74.3 146.9
87.0 152.9
104.8 157.4
121.0 161.2
134.7 166.6
145.9 172.0
158.5 176.5
173.7 179.8
189.5 182.5
202.0 185.8
212.2 190.3
220.5 193.9
229.8 190.5
242.6 184.1
251.9 178.6
259.5 175.9
268.3 176.1
278.2 177.7
290.8 181.1
302.6 184.5
312.0 188.3
320.2 194.8
325.8 200.3
328.4 207.5
327.1 217.4
322.5 226.9
313.2 234.8
290.8 238.3
268.9 238.2
248.1 231.9
227.9 222.2
207.4 208.6
189.6 193.6
171.2 176.3
153.8 159.8
136.5 145.8
121.6 134.6
110.1 126.4
99.0 120.3
88.6 114.9
80.4 110.2
75.2 107.3
72.3 105.7
71.1 105.1
73.9 110.3
85.3 124.8
100.7 141.2
117.8 159.3
133.9 175.1
148.7 187.5
163.2 196.0
176.5 201.3
187.4 204.5
201.0 204.6
220.3 203.6
239.1 203.1
258.0 202.5
276.1 200.1
290.4 196.0
301.7 187.7
307.9 175.6
307.4 156.9
304.6 139.5
299.8 125.7
293.1 115.3
282.6 107.6
269.1 101.6
254.9 96.2
239.8 91.7
221.7 87.2
204.1 83.6
189.6 81.2
176.0 78.7
160.9 76.1
149.8 74.5
141.8 73.7
136.5 73.6
133.4 73.9
