152 149
152 149
152 149
223 217
491 422
561 528
590 601
600 627
602 632
602 632
496 496
314 274
286 244
284 244
279 244
270 241
270 241
269 248
304 344
407 555
465 681
474 692
474 692
448 680
380 654
318 617
245 519
216 413
218 375
222 362
237 361
314 372
409 353
481 285
514 234
519 181
475 146
394 114
271 106
207 123
201 165
215 220
254 287
317 349
443 455
483 498
496 552
471 578
380 639
255 665
171 666
153 667
154 676
196 702
286 737
412 758
559 775
591 775
652 767
685 765
698 734
697 644
688 513
681 409
685 330
680 259
673 217
669 202
654 180
632 162
570 144
508 139
418 133
349 138
304 145
269 160
269 193
293 259
318 324
353 401
360 445
341 487
257 522
223 542
210 578
220 617
242 675
238 747
220 759
185 765
166 769
166 769
199 755
375 711
479 668
523 625
573 577
598 500
593 448
584 401
560 332
515 285
462 246
415 223
345 201
311 202
293 208
271 220
267 253
290 307
314 366
358 431
438 520
476 563
509 605
520 625
515 641
472 659
344 671
252 683
180 700
148 709
123 718
110 711
114 677
121 631
140 582
167 540
173 518
164 474
138 410
110 359
99 343
77 315
73 303
73 299
73 299
71 317
66 377
60 465
54 542
63 586
97 616
110 616
161 591
212 554
287 494
333 451
360 417
389 379
413 338
417 314
414 292
391 272
352 268
299 271
266 287
278 328
383 442
452 508
476 538
476 559
474 569
437 596
404 606
339 630
315 648
313 665
318 684
335 699
355 708
402 699
465 671
505 637
534 590
562 544
578 482
575 399
563 352
544 282
528 251
513 234
481 224
429 216
348 223
309 228
286 238
283 256
288 317
286 375
262 416
245 436
205 475
188 487
176 510
178 565
204 609
230 644
274 665
370 661
443 616
541 560
583 532
594 492
589 416
566 348
545 306
526 279
480 253
439 247
372 239
339 240
283 250
255 264
251 286
242 356
231 440
231 523
236 577
244 638
284 666
327 675
373 666
486 626
543 605
559 563
560 497
549 431
526 372
476 309
446 290
405 277
342 272
299 273
271 278
255 282
228 302
209 343
202 395
172 474
152 525
146 541
134 564
119 575
95 584
87 586
82 589
79 591
79 595
94 607
137 619
237 625
370 625
432 622
450 621
472 619
494 615
502 609
505 598
488 567
430 519
369 493
334 478
281 449
243 416
215 386
212 367
250 343
315 319
446 267
496 242
528 218
551 200
559 196
559 196
553 205
491 340
381 518
343 556
277 600
252 625
232 645
227 660
224 677
234 695
266 709
369 704
505 650
556 625
578 598
592 563
597 521
587 466
522 364
455 294
368 235
277 197
251 186
250 185
250 185
254 206
290 287
388 404
446 456
516 516
574 559
594 576
609 588
637 616
645 640
618 664
510 677
430 681
336 681
301 683
283 683
273 683
265 683
256 680
236 662
215 604
212 581
244 532
310 467
360 431
448 359
479 322
490 292
492 272
464 238
412 216
357 210
306 206
283 209
263 229
247 273
264 295
295 332
358 393
382 438
356 466
279 499
183 540
141 566
136 584
131 606
126 630
126 650
129 655
153 661
242 660
372 636
493 588
542 551
565 528
595 496
617 475
629 454
629 442
599 415
504 388
391 378
303 370
262 370
247 372
224 378
209 383
207 388
206 393
234 403
300 412
405 433
439 436
457 442
471 447
473 450
440 463
282 493
82 534
33 539
27 542
15 547
14 547
14 549
100 563
264 536
409 520
466 507
488 492
512 470
528 446
538 411
537 387
521 336
497 289
461 255
407 231
330 228
290 225
286 232
294 274
379 350
451 396
457 416
440 489
432 547
436 600
446 622
480 634
522 626
575 594
603 523
604 450
595 387
585 345
584 320
589 300
594 288
595 286
595 286
595 286
596 286
603 296
607 308
608 311
