58 53
58 53
58 53
58 53
66 54
103 64
115 70
118 73
118 73
112 83
93 94
79 102
64 121
64 125
73 130
96 140
121 156
122 167
116 180
102 197
101 210
115 219
145 233
191 249
232 259
249 261
261 258
284 240
291 227
295 207
299 162
300 142
298 140
273 126
265 125
261 126
261 145
271 170
277 179
282 201
287 214
285 223
272 236
248 252
218 255
187 259
171 259
149 255
130 250
123 245
117 236
111 223
114 213
120 206
136 199
174 192
191 189
216 185
263 183
283 184
288 184
294 181
299 175
301 167
302 148
301 136
297 123
284 114
259 105
238 101
229 101
225 104
220 113
217 133
218 143
221 160
222 167
218 181
193 192
169 196
142 202
132 204
131 208
141 219
164 234
173 248
168 259
155 260
102 255
78 245
68 232
63 211
63 189
68 176
77 169
88 165
130 157
180 159
238 156
261 152
285 150
304 145
308 140
310 131
303 109
291 99
254 82
234 78
205 80
169 86
152 99
146 112
148 126
162 150
192 175
215 191
227 202
238 209
251 214
256 220
258 225
261 232
260 238
249 243
236 248
227 250
201 248
166 242
152 238
149 232
150 230
179 224
197 224
220 230
248 235
260 236
266 234
271 230
273 226
281 221
292 224
306 228
308 227
313 215
317 206
322 194
327 179
331 169
337 152
339 143
340 139
340 137
340 135
332 120
324 111
320 107
315 106
304 106
299 114
295 122
293 132
294 139
301 146
305 151
307 157
308 163
308 170
309 176
312 187
299 202
290 206
289 209
293 224
293 233
280 238
272 241
271 241
287 217
290 208
289 203
276 199
263 195
263 185
268 162
270 159
270 159
268 159
263 161
263 158
263 157
263 157
249 143
245 129
244 117
242 115
235 114
219 127
207 136
192 142
183 147
170 148
145 138
138 126
125 117
79 117
65 120
56 125
54 124
48 114
44 113
38 113
38 120
39 124
67 130
89 135
93 143
96 155
100 161
112 159
138 159
145 161
149 170
152 175
167 177
187 177
202 179
205 184
209 192
213 193
226 173
248 162
248 162
252 169
265 177
278 182
297 189
306 191
309 195
315 207
315 208
312 218
304 233
295 239
279 241
230 233
219 225
209 206
196 192
180 174
173 161
156 143
143 134
128 130
120 128
117 128
106 127
96 122
92 118
92 118
92 118
92 118
101 135
129 168
147 182
161 198
168 202
174 202
184 199
191 196
194 195
213 189
244 188
258 191
274 192
288 187
291 181
295 165
290 147
276 117
273 109
268 109
262 109
247 109
232 107
222 102
210 99
189 93
178 91
175 90
166 86
149 82
149 82
149 82
149 82
149 82
