84 143
84 143
84 143
110 140
165 132
249 131
320 126
419 140
499 149
523 149
538 150
538 150
538 151
478 179
291 265
181 328
101 382
70 407
43 433
36 445
45 453
72 461
182 464
266 468
339 485
401 494
432 501
437 504
440 506
438 510
382 531
277 560
212 580
150 606
113 627
106 635
103 649
122 666
145 680
182 695
249 701
314 698
380 695
438 693
460 692
483 692
496 690
512 685
530 680
536 671
544 626
548 572
537 513
519 456
502 420
492 401
474 376
454 349
423 313
388 285
366 270
316 234
298 221
277 209
261 199
240 188
229 185
219 198
206 234
184 303
177 346
175 406
180 448
181 494
187 531
192 552
197 567
209 589
228 610
259 626
301 629
345 616
406 592
455 559
480 518
499 466
505 388
512 345
529 303
540 264
557 228
581 178
589 150
596 130
612 105
629 87
640 78
649 73
654 70
661 71
689 102
710 135
719 205
725 293
731 349
731 379
737 433
742 459
748 483
754 522
758 546
760 576
757 592
748 620
741 639
732 652
716 669
702 679
695 687
680 693
671 698
657 706
649 711
648 712
648 712
648 712
652 666
652 620
642 565
639 528
645 490
647 471
651 447
651 433
644 407
630 382
621 366
605 350
561 335
508 323
452 313
420 306
377 303
343 301
310 294
275 293
259 297
246 301
232 307
220 313
205 336
201 364
225 406
250 429
274 453
317 497
379 550
430 594
471 631
506 660
532 687
547 701
563 720
565 732
548 738
494 739
406 740
334 733
309 735
288 740
235 752
212 756
187 761
173 765
148 767
135 767
118 760
105 753
98 742
97 712
114 686
145 648
190 607
234 568
256 540
296 491
327 455
359 405
391 356
424 318
451 286
489 254
522 215
546 186
579 145
597 123
617 100
623 86
623 82
585 78
503 81
425 91
383 103
335 114
282 118
241 128
220 134
186 144
175 149
171 153
168 176
181 211
201 236
246 293
288 342
335 394
392 469
418 500
457 552
479 577
503 604
529 630
551 652
568 670
576 678
585 687
589 691
589 691
589 654
589 572
587 494
587 431
585 365
578 325
568 303
556 292
537 287
501 285
446 294
404 300
378 308
350 329
326 353
309 378
301 398
303 426
310 443
343 475
368 494
400 518
412 527
418 548
418 571
393 604
342 635
316 653
301 665
286 677
261 689
224 706
193 717
173 717
160 708
147 682
149 657
169 618
189 596
212 571
236 543
272 505
297 474
334 428
401 358
430 325
482 261
520 219
546 181
567 142
592 114
600 101
601 99
601 99
594 96
528 95
420 103
373 106
319 104
244 106
198 106
162 106
129 106
108 106
108 106
109 115
128 154
154 190
199 250
248 303
335 405
383 467
452 542
483 579
517 611
553 643
577 667
608 694
638 720
654 733
671 750
684 760
687 763
687 763
689 756
695 728
695 685
696 657
698 634
700 617
706 596
709 576
712 552
710 531
707 509
706 486
704 449
699 409
692 377
688 331
688 304
683 271
677 240
674 215
674 199
667 172
658 159
645 148
616 140
596 133
572 121
572 120
572 120
572 120
582 136
600 181
610 232
623 328
623 410
632 491
633 543
633 585
636 622
638 656
640 679
641 701
645 720
646 723
648 727
649 728
649 728
652 705
658 638
656 549
653 507
652 473
652 442
652 423
652 415
652 415
652 411
655 401
659 385
659 360
662 332
662 312
660 285
657 270
654 264
650 258
643 255
618 235
612 220
597 189
593 180
580 160
566 149
541 134
523 128
499 122
479 117
419 106
357 96
313 92
283 88
255 84
214 80
192 79
165 77
141 77
127 79
108 79
96 80
92 82
86 92
80 109
74 136
66 244
73 289
97 351
116 398
140 440
172 487
219 535
251 571
302 625
337 653
392 691
432 723
464 747
480 757
502 770
524 779
547 787
576 789
591 788
604 774
620 744
639 673
643 630
643 560
645 521
654 449
658 401
656 359
657 318
651 284
647 257
640 229
636 222
630 215
596 208
535 216
461 228
402 250
320 287
289 308
273 324
268 336
268 341
270 345
291 350
323 356
353 365
357 368
356 377
323 404
235 458
208 484
192 507
190 519
196 530
212 540
279 560
315 577
328 590
330 604
318 639
291 687
289 702
293 711
326 717
395 720
494 691
544 639
566 603
569 559
573 507
562 470
526 424
435 361
362 325
320 296
297 279
285 273
285 271
305 257
343 246
398 233
412 229
423 230
424 230
