56 83
56 83
56 83
58 89
66 105
100 153
146 214
175 249
188 266
221 294
270 336
327 403
419 487
468 533
517 583
553 631
573 655
592 676
616 702
623 709
623 709
623 709
624 710
626 711
636 707
643 662
639 577
639 504
639 465
637 415
653 370
676 311
686 250
688 226
688 212
686 193
686 187
682 181
679 177
669 172
656 167
644 167
590 213
513 298
476 337
450 372
375 432
244 511
156 621
100 686
55 739
36 756
35 757
41 738
66 624
83 517
125 418
149 370
160 354
167 342
167 342
167 342
177 396
224 461
258 483
270 486
312 418
334 324
339 291
339 290
339 364
361 461
396 494
435 491
520 435
581 344
580 294
555 249
535 241
496 231
418 214
383 210
373 210
354 210
304 216
231 233
165 242
148 246
144 254
129 277
128 300
187 354
262 375
401 421
453 441
481 459
504 477
548 516
552 526
537 536
463 538
309 547
238 566
218 572
181 590
155 609
136 616
111 621
105 637
158 662
270 655
386 665
455 678
489 675
503 675
509 664
520 629
507 541
461 489
352 406
307 362
264 312
249 296
233 283
223 275
216 270
209 266
208 265
208 264
208 264
208 264
235 296
240 345
239 434
240 484
235 562
230 587
230 591
232 593
232 593
240 579
270 511
336 356
371 274
397 240
405 230
410 230
439 265
495 375
505 444
510 485
515 500
519 502
522 505
537 475
561 367
621 247
638 203
638 198
635 189
584 170
570 167
543 197
486 297
459 354
432 400
348 552
337 567
336 568
333 551
345 467
355 410
363 354
368 332
370 329
378 332
426 376
497 461
588 549
617 560
669 540
696 487
701 385
682 320
661 305
613 298
573 299
557 305
529 366
501 456
489 492
504 506
544 493
539 434
480 375
471 387
449 421
440 407
399 318
391 302
367 320
329 384
324 397
331 369
340 343
341 342
341 347
324 389
317 383
281 345
221 297
195 291
185 308
174 364
171 379
171 379
202 347
237 341
259 369
432 557
466 565
487 557
526 490
519 407
498 367
492 369
460 439
438 460
420 438
389 382
384 377
383 377
370 416
367 422
366 417
356 369
356 369
319 393
312 389
300 341
287 331
278 341
258 353
254 350
250 339
250 339
247 345
246 356
252 370
253 370
273 361
286 372
302 396
314 406
347 386
382 361
390 368
407 382
435 391
481 376
527 358
548 349
568 368
587 391
597 389
629 376
645 365
678 313
673 238
654 232
481 206
289 224
236 249
187 291
147 339
112 411
146 454
244 494
299 522
322 593
335 599
376 529
423 382
425 342
413 344
378 382
382 378
477 303
503 288
506 307
512 324
557 299
617 283
623 289
618 307
610 315
603 298
587 289
557 324
486 370
474 361
474 331
476 317
465 329
413 355
405 348
414 278
413 267
388 293
339 329
336 330
336 306
328 294
301 325
247 376
247 376
252 328
252 308
220 339
179 371
176 372
186 348
202 304
203 298
193 318
157 375
152 379
156 364
177 286
181 271
160 303
118 374
117 375
176 345
233 324
237 328
221 363
212 378
231 362
295 312
302 308
302 326
303 342
314 339
361 331
383 333
383 356
384 372
396 368
431 353
452 347
451 354
445 374
461 364
538 337
563 336
569 348
580 352
594 352
618 348
643 341
659 340
663 354
666 358
666 358
668 358
666 358
640 363
597 348
574 315
574 315
549 354
509 381
495 373
472 334
458 329
442 343
417 362
414 363
462 351
510 340
485 344
426 372
407 392
448 399
498 404
477 414
439 439
451 453
525 462
533 467
513 487
508 500
547 517
576 531
552 528
514 528
521 537
558 551
562 552
538 565
527 578
530 583
549 597
548 607
543 622
550 635
587 641
609 647
598 656
595 665
602 676
614 694
604 699
572 722
597 730
653 730
661 730
618 733
595 737
591 737
583 708
583 679
576 676
464 650
428 627
473 614
481 608
477 605
453 591
442 578
467 550
484 545
484 545
472 542
468 530
485 505
490 495
471 488
437 476
436 475
486 449
496 437
483 432
476 429
477 424
490 410
490 407
470 405
448 398
474 384
500 366
499 363
486 361
476 358
495 344
536 322
529 319
497 313
468 304
469 300
474 291
476 284
475 281
471 279
471 279
471 279
471 279
469 276
468 276
468 276
468 276
468 276
444 271
418 264
418 263
416 262
417 258
428 254
434 250
434 248
434 246
433 245
433 245
429 242
420 238
402 235
370 234
360 235
355 235
338 237
324 237
323 237
323 237
323 237
323 237
323 237
335 235
398 198
428 178
440 171
441 170
441 169
437 165
423 161
400 159
363 159
323 157
314 157
302 157
299 157
299 157
299 157
299 157
324 155
353 149
377 129
369 118
343 107
277 92
271 92
271 92
271 92
290 102
314 110
314 110
314 115
307 138
311 209
328 254
334 269
334 269
