211 111
211 111
227 124
234 163
213 204
150 237
48 279
13 296
12 299
22 303
44 305
160 300
200 294
207 293
209 294
214 298
220 305
221 311
213 316
180 336
150 364
90 452
84 480
81 508
81 512
140 613
151 636
156 688
155 703
149 719
156 718
230 659
272 565
299 514
342 387
362 342
373 250
369 235
344 140
337 120
337 117
337 117
335 119
322 183
300 265
289 338
287 353
287 354
287 354
288 347
340 183
352 163
408 77
447 50
463 43
494 36
497 39
497 60
486 154
483 177
500 257
535 280
552 286
557 290
557 290
506 297
402 328
365 353
347 363
345 365
353 365
468 345
503 341
512 339
513 339
510 347
493 368
468 410
441 453
420 480
392 501
356 532
310 550
269 549
233 530
210 503
186 479
178 444
192 418
202 413
223 411
240 418
267 437
294 463
320 483
348 506
366 519
384 534
412 559
433 577
460 593
485 605
505 612
516 616
535 622
557 627
586 632
609 633
676 626
723 629
723 629
723 629
723 629
709 617
664 585
570 537
510 492
472 381
429 313
389 225
336 164
317 134
294 111
289 106
283 103
281 103
257 111
237 145
230 229
232 289
232 289
234 276
239 236
275 189
358 157
482 131
543 127
556 131
557 135
536 143
497 161
441 177
417 168
411 165
398 173
367 211
365 218
365 216
377 185
406 155
409 153
417 166
409 207
387 233
357 240
355 242
359 245
377 249
413 250
401 254
350 272
266 309
204 349
148 387
130 396
119 399
109 403
107 403
107 403
187 384
418 326
541 303
622 295
646 292
647 292
647 292
588 285
542 270
497 250
470 239
463 241
433 287
406 349
385 387
383 388
380 388
374 398
359 427
327 617
319 692
314 717
314 720
314 720
313 721
318 673
329 592
338 557
367 524
382 509
425 483
448 467
457 458
476 451
486 452
489 457
489 457
489 456
480 457
481 437
484 427
486 425
500 433
508 459
512 529
512 594
516 635
515 654
515 654
492 630
456 593
438 575
393 543
382 539
381 538
381 537
437 535
460 543
454 553
423 584
412 596
410 601
437 621
455 629
443 634
390 658
389 661
398 667
404 670
402 672
349 681
300 689
199 708
163 715
144 718
144 718
144 718
166 720
257 721
296 722
409 731
432 733
465 735
482 740
517 745
537 749
567 750
578 749
596 744
609 741
624 737
626 732
644 724
644 724
672 724
679 724
679 723
679 723
673 718
650 692
599 633
573 594
556 565
503 521
497 505
475 445
441 395
421 355
369 296
338 270
307 245
275 234
268 209
249 195
236 182
230 162
229 154
223 143
223 140
223 139
223 139
223 138
223 138
215 174
194 285
151 419
131 455
113 464
110 465
109 465
106 463
90 442
46 375
28 349
32 345
83 332
159 317
196 320
209 324
200 338
173 376
166 445
192 487
209 511
212 538
182 561
144 565
124 549
131 526
170 503
252 469
382 415
505 375
610 325
661 304
662 302
663 297
661 293
634 288
609 287
554 271
515 254
487 232
471 225
466 230
459 289
469 365
482 459
504 523
545 570
573 588
588 580
590 546
565 481
553 459
549 455
535 456
496 487
451 530
418 549
396 543
378 526
377 522
377 522
450 527
495 533
489 542
380 568
262 596
194 629
130 667
108 694
107 696
107 696
142 672
198 653
240 651
265 671
303 680
333 658
366 637
387 636
428 643
470 667
490 680
496 682
500 675
521 638
548 631
579 630
622 644
658 653
705 663
713 666
713 666
713 664
664 578
640 530
618 486
549 411
534 373
523 349
475 310
459 297
421 272
414 263
413 260
413 260
