221 315
221 315
221 315
221 315
221 315
221 315
218 314
199 303
169 273
150 237
144 218
143 207
159 203
255 193
350 204
389 208
428 211
445 203
467 174
456 140
432 111
387 91
321 83
282 94
277 110
340 200
463 334
499 423
498 452
447 494
393 512
339 528
279 552
278 559
342 590
414 602
472 584
485 462
473 388
479 331
477 280
433 226
402 202
352 173
296 164
291 165
263 202
245 234
228 274
227 333
263 396
326 453
356 476
352 486
246 538
212 583
216 608
233 633
243 674
227 704
192 722
125 724
109 701
105 607
122 527
128 443
130 361
129 299
119 231
118 213
118 205
118 204
118 204
115 231
116 294
168 393
230 425
270 428
353 422
381 390
355 317
336 272
320 265
295 290
296 333
315 362
334 372
355 355
372 328
397 295
402 287
403 287
414 314
443 392
464 438
483 468
485 469
498 461
529 433
556 381
564 328
566 290
568 246
564 225
550 209
498 185
460 181
416 187
386 193
356 195
201 216
135 234
121 257
121 272
130 298
179 342
258 408
307 469
380 549
419 582
465 624
491 656
508 679
519 698
523 716
506 726
437 731
333 742
281 743
190 734
167 734
136 734
126 734
126 734
122 724
135 691
199 652
244 633
322 601
426 539
485 500
513 477
537 444
541 421
537 390
514 353
493 330
458 301
407 281
360 276
277 292
219 321
211 332
209 347
229 383
272 433
336 488
406 550
472 611
501 648
544 692
581 725
584 727
589 726
629 674
648 634
659 558
663 464
673 407
674 381
674 334
670 289
664 263
654 243
640 227
632 223
601 241
554 269
506 300
461 337
443 356
429 403
439 440
465 471
476 490
477 496
464 502
428 519
378 540
360 562
356 590
350 619
339 637
317 651
285 662
252 660
241 645
232 609
232 580
247 556
274 524
298 497
331 468
387 441
414 419
441 397
471 371
497 348
508 333
515 315
517 279
506 253
495 242
479 239
434 248
400 256
370 267
351 285
333 312
329 335
333 362
359 398
386 428
393 441
395 468
375 501
346 528
312 548
293 586
289 620
285 652
269 690
209 715
125 715
70 691
52 649
66 602
106 522
125 473
146 429
169 383
212 341
262 318
341 287
404 239
408 224
406 198
391 175
380 168
363 163
331 174
298 206
295 227
311 285
352 340
418 412
478 465
528 508
566 558
582 626
597 674
601 714
574 719
444 708
355 699
297 686
284 677
268 651
266 635
310 605
370 579
410 551
464 479
484 431
487 363
473 304
444 257
372 194
322 183
276 191
231 209
228 234
256 269
347 368
405 442
442 517
461 581
462 617
461 639
468 679
498 705
522 695
562 573
569 504
582 424
588 389
591 348
589 322
583 301
582 285
582 272
583 255
588 238
589 225
591 217
602 213
621 206
640 203
660 205
670 218
679 246
692 302
695 372
684 416
664 451
649 468
609 491
553 512
513 519
441 523
402 525
336 533
279 547
261 552
244 560
220 581
192 612
167 640
158 661
157 669
166 678
211 685
280 691
347 691
396 690
439 687
467 686
521 694
557 694
582 693
612 692
626 695
631 694
643 688
656 677
669 646
675 613
678 575
686 530
686 507
687 487
693 459
701 428
703 416
709 381
711 368
717 334
717 321
715 292
706 262
697 235
689 207
669 174
655 159
634 143
618 138
586 135
553 131
530 127
486 121
444 114
416 112
364 106
330 102
296 101
264 101
225 104
209 107
204 110
181 123
170 131
161 141
155 160
154 189
155 202
170 236
184 254
209 285
249 320
264 334
296 364
320 383
345 405
364 426
392 452
404 465
427 503
441 517
461 541
478 570
510 608
541 637
575 685
600 716
616 727
632 738
636 742
643 742
653 743
661 748
670 751
671 752
673 751
683 732
686 699
685 676
681 643
676 611
673 591
671 563
675 548
680 531
685 515
695 490
703 471
714 433
721 396
724 360
723 337
718 312
715 300
709 269
691 232
664 198
638 173
598 140
580 125
553 109
527 97
510 90
499 86
480 87
468 93
437 108
399 130
370 149
342 173
327 188
316 209
309 226
300 258
296 290
286 330
273 352
251 374
238 387
211 408
185 431
167 451
153 472
146 486
145 499
154 518
170 538
183 554
200 568
233 588
288 612
329 627
357 634
378 641
392 647
417 658
463 676
498 687
536 697
576 703
582 701
593 692
615 646
620 624
627 590
630 572
635 543
642 498
647 483
655 449
657 408
664 347
670 295
672 262
665 215
661 188
658 177
654 174
650 172
631 174
588 198
512 268
456 331
416 368
392 393
363 419
325 446
283 476
263 491
246 495
220 495
186 446
174 398
175 370
179 364
186 364
217 377
314 404
365 422
447 448
494 462
512 468
517 469
517 469
