348 140
348 140
348 140
324 144
233 157
186 164
183 166
181 170
183 173
237 191
334 200
432 209
454 214
454 218
425 236
295 267
208 279
189 292
187 299
217 320
280 334
325 332
331 331
329 335
309 340
249 351
211 361
186 378
174 393
186 412
221 430
314 451
332 453
340 459
338 464
304 473
243 485
203 493
139 516
104 540
103 549
133 568
226 593
303 605
328 613
331 618
327 627
290 646
233 650
170 662
154 667
139 675
132 684
126 700
125 708
136 724
188 751
294 781
386 797
448 791
478 777
514 721
531 640
537 540
514 469
478 418
453 397
420 382
367 380
316 388
316 395
322 426
344 461
373 491
371 513
337 576
331 623
344 651
358 658
411 646
463 584
487 534
496 481
497 431
503 401
512 348
513 334
513 333
532 364
556 421
564 481
569 545
578 604
594 647
598 658
606 665
635 667
664 633
699 582
721 521
726 424
724 377
726 336
731 285
716 240
675 187
654 171
629 164
613 167
596 184
589 203
590 224
597 262
602 312
611 341
639 383
693 445
700 462
691 469
660 485
592 495
520 503
434 501
309 496
274 494
274 494
274 494
274 494
274 494
321 489
458 475
572 447
585 393
584 346
571 321
525 281
470 254
443 247
396 243
369 246
358 255
356 273
381 336
412 381
437 428
443 455
472 525
484 564
492 609
489 629
475 639
446 644
385 634
313 605
281 561
289 532
340 488
388 470
477 454
536 441
566 408
559 342
529 283
481 241
419 205
385 203
349 204
339 210
332 252
336 285
367 342
414 398
439 435
447 478
443 498
426 539
412 574
391 614
374 636
353 646
297 647
222 613
190 573
186 544
203 502
237 470
304 450
374 435
452 411
527 372
543 341
532 272
500 226
447 188
398 173
379 172
360 180
354 209
374 269
418 323
479 373
525 416
555 455
577 493
585 526
588 541
582 550
582 551
582 551
603 511
650 404
677 341
693 285
694 241
691 216
688 188
684 158
682 150
677 142
670 139
609 134
585 135
582 135
582 141
633 173
650 186
637 201
613 221
582 251
582 268
608 297
639 315
645 320
647 327
633 346
616 352
577 366
569 373
564 388
564 401
589 431
625 457
635 469
630 481
604 503
557 541
537 567
507 630
503 674
510 690
534 720
541 736
537 747
494 758
386 757
303 761
260 756
223 750
178 744
157 741
154 740
146 735
135 729
135 729
135 729
135 729
135 729
135 725
128 669
119 618
110 565
102 521
99 497
108 471
123 453
144 431
164 408
188 383
201 372
225 357
250 351
300 344
345 337
351 335
352 335
367 331
433 324
495 311
517 301
542 291
574 271
611 251
643 228
664 209
668 197
672 183
674 167
674 155
674 139
676 118
671 106
653 94
611 81
529 68
464 65
404 65
342 66
305 69
268 74
246 78
229 88
207 116
203 144
220 222
247 291
336 378
455 477
543 564
582 615
593 662
593 680
581 693
552 701
482 714
391 691
309 660
274 644
238 607
225 572
226 547
237 532
259 509
288 492
323 475
372 450
421 427
465 406
536 365
555 352
579 322
589 298
596 274
601 251
606 231
613 211
625 206
643 210
664 224
680 244
677 263
641 294
589 330
531 376
472 429
391 475
329 491
259 511
222 526
185 556
157 590
140 630
143 657
162 687
204 717
256 743
303 748
362 737
418 709
469 664
480 635
455 600
421 577
372 546
329 501
319 480
315 455
313 425
310 407
302 370
300 336
322 300
337 284
377 257
400 242
419 234
438 231
460 233
479 244
502 281
521 334
534 399
539 419
552 455
564 498
583 549
593 588
599 612
625 643
636 649
653 645
674 625
702 555
710 491
714 425
712 399
712 354
713 319
713 298
709 260
703 243
698 231
684 215
663 199
640 187
614 182
561 178
532 173
521 173
503 184
485 227
483 253
495 292
515 332
535 368
563 425
569 450
573 472
569 494
547 508
529 509
490 499
430 482
398 474
363 466
337 461
321 464
309 472
294 487
287 503
286 518
296 538
315 559
337 581
367 614
383 632
395 648
399 661
402 684
398 700
381 710
357 716
326 710
306 704
285 698
255 697
238 701
217 706
202 711
196 715
192 719
189 727
189 730
194 736
208 746
240 755
286 759
325 763
346 764
370 761
395 749
428 728
437 709
439 681
434 656
422 629
404 602
395 576
392 547
400 508
420 465
438 445
458 428
506 410
534 408
542 416
554 435
573 475
580 498
588 533
606 557
624 574
637 581
663 583
687 572
703 555
723 528
730 480
730 419
727 383
709 350
694 325
678 314
647 298
626 290
607 289
586 295
570 306
542 359
535 389
523 444
513 519
505 569
495 615
488 628
477 634
442 629
418 605
392 573
379 551
369 515
363 481
360 459
353 423
347 398
338 378
328 368
310 355
291 347
276 345
264 349
250 360
226 395
200 438
173 489
156 523
127 572
108 589
88 606
70 616
63 613
46 575
43 546
53 510
65 488
77 468
91 446
109 429
123 422
132 420
152 424
164 431
183 439
207 446
249 455
283 454
313 430
353 379
355 351
358 323
356 310
348 292
341 287
328 273
312 259
309 257
306 252
305 247
306 244
324 226
345 214
393 199
422 191
451 187
461 186
464 186
