332 409
332 409
332 409
332 409
332 409
372 415
414 419
466 428
524 431
582 438
583 438
597 441
616 447
616 447
604 449
514 456
422 462
340 480
307 487
272 495
236 501
231 506
244 521
312 550
398 574
443 594
520 614
535 622
535 629
533 637
506 646
391 666
308 677
243 685
236 688
233 690
233 691
237 695
255 705
344 731
423 743
488 757
533 772
590 778
616 773
645 737
665 662
687 547
691 467
690 400
675 318
648 275
602 230
560 210
508 196
457 193
356 198
285 237
263 268
225 332
205 407
219 479
247 528
278 572
352 643
397 675
457 718
492 724
532 704
575 659
606 600
636 531
643 453
646 385
650 347
654 325
670 302
675 297
679 295
679 295
677 306
653 401
592 499
530 547
371 619
199 687
148 707
140 711
136 714
133 715
133 712
159 690
239 627
281 577
401 506
463 463
500 410
562 362
589 342
623 293
645 264
654 237
649 212
645 204
636 202
600 209
448 253
354 295
287 349
211 397
179 459
184 520
216 565
313 614
402 647
465 675
501 699
548 739
586 750
598 748
613 732
609 682
577 612
532 525
505 460
461 392
440 345
406 300
392 282
372 259
333 221
300 190
251 158
236 147
216 130
194 108
176 92
148 77
136 73
117 74
105 83
97 131
93 185
98 270
107 360
112 416
108 474
93 557
80 608
56 676
41 711
37 717
37 720
46 719
101 689
190 632
277 574
359 500
388 458
434 387
479 349
524 310
563 266
603 241
648 209
668 184
686 167
698 158
700 153
699 151
618 132
530 124
452 117
358 111
324 107
247 83
224 77
199 76
145 86
107 94
92 98
74 98
70 98
78 106
96 126
179 197
266 292
301 334
362 406
385 442
416 487
449 532
478 572
515 609
557 647
584 670
607 686
623 700
636 708
640 709
642 691
668 639
689 529
692 424
713 355
736 306
755 257
770 229
783 182
784 157
781 143
770 120
767 109
765 104
765 104
765 104
764 104
761 105
737 136
712 163
670 191
596 220
521 250
450 287
410 319
364 374
308 448
264 492
204 558
181 593
157 623
131 651
118 665
94 691
79 714
66 735
61 748
56 754
51 767
50 770
50 770
96 756
272 684
318 655
380 621
444 592
486 568
542 547
586 530
616 514
640 507
641 506
641 506
578 504
495 511
403 511
358 491
332 471
302 434
299 419
294 403
289 395
293 390
331 383
414 357
533 332
597 315
633 292
656 266
702 223
724 187
740 145
743 128
742 113
735 93
721 79
666 74
507 89
384 114
335 121
278 126
188 130
173 133
164 137
150 141
137 145
136 146
137 152
159 200
217 287
279 380
341 447
399 533
444 594
486 641
512 664
544 700
583 739
616 759
637 765
663 766
679 753
702 705
707 624
695 539
689 468
695 426
707 373
718 331
725 307
726 305
726 305
699 319
627 369
518 460
362 529
292 557
260 583
189 622
148 646
129 661
113 669
91 681
81 688
81 688
86 670
128 584
179 499
210 427
222 364
220 292
217 256
209 229
197 210
189 203
185 201
184 201
184 201
181 225
201 296
225 351
248 390
280 438
317 491
334 512
348 529
354 535
380 550
415 564
438 557
488 504
592 423
619 366
624 320
621 302
590 267
549 241
486 218
408 207
364 199
287 188
255 180
248 179
207 174
191 174
182 175
179 177
179 177
179 177
245 186
389 191
477 187
514 179
579 164
588 163
602 162
604 162
604 162
604 162
604 162
605 162
605 162
605 162
605 162
605 162
