221 225
221 225
237 248
271 268
332 273
363 268
359 262
332 255
275 281
246 388
266 428
308 452
349 484
368 524
361 541
347 561
320 588
310 593
311 602
347 616
399 604
431 574
479 506
490 469
492 418
478 373
466 334
447 313
370 279
332 275
308 284
279 335
279 410
284 481
274 530
263 552
256 573
248 585
229 606
214 624
197 640
188 643
180 628
152 512
134 459
132 429
133 369
130 359
124 359
88 450
81 518
84 558
87 596
87 615
93 653
97 664
109 671
141 658
188 631
233 594
285 558
306 541
362 514
448 483
467 464
477 451
477 445
460 432
441 423
409 417
341 408
303 402
284 396
260 389
249 386
229 383
227 383
223 382
221 382
221 382
221 382
230 384
245 387
271 393
294 398
356 410
373 414
409 419
449 419
472 415
498 408
526 396
532 391
536 378
537 360
534 345
528 336
511 317
482 290
465 278
460 276
458 275
453 284
446 302
438 345
441 396
436 435
429 468
418 497
403 534
399 551
393 575
384 590
360 596
311 598
257 574
239 561
231 512
230 490
233 482
241 479
258 480
273 483
295 481
320 475
341 472
378 464
401 457
441 436
473 417
489 393
507 354
518 315
508 266
478 206
446 175
429 164
395 157
376 158
352 175
347 208
378 266
400 319
427 368
453 415
507 491
519 549
523 581
516 601
492 617
440 633
363 635
273 615
238 591
233 580
233 577
255 576
259 579
261 585
260 599
258 600
243 573
221 510
219 483
227 493
239 524
246 533
278 506
306 483
312 485
320 494
342 485
378 462
404 456
447 486
464 493
479 471
503 429
518 408
523 395
513 366
469 318
397 304
288 331
266 344
259 349
241 343
213 315
188 288
187 287
183 292
150 342
141 351
139 352
138 352
139 365
144 394
154 425
171 428
215 416
265 389
271 387
284 396
290 400
322 374
349 335
368 323
384 323
398 321
426 290
470 243
521 210
547 201
574 184
588 162
587 142
571 129
536 115
480 104
435 98
392 91
378 91
358 95
339 101
335 104
330 108
325 118
326 137
352 176
378 203
403 228
423 245
447 266
467 283
506 331
540 386
566 449
578 506
576 549
556 606
537 650
505 691
481 699
429 701
338 687
250 664
205 648
198 631
208 613
231 603
292 606
355 611
385 615
406 588
431 525
438 478
443 469
460 464
512 423
555 372
555 372
556 372
558 373
567 354
582 309
589 294
593 281
596 256
599 247
631 236
665 232
668 229
670 225
647 203
624 190
615 188
610 204
610 283
620 381
622 422
620 449
633 500
645 538
634 552
618 564
606 579
612 617
619 635
621 646
616 658
547 675
461 668
392 647
320 623
280 606
260 591
228 564
191 534
183 521
175 491
173 465
174 451
179 433
184 420
188 409
195 384
201 365
206 349
212 338
222 333
238 327
258 322
261 321
273 331
308 350
323 358
355 361
422 351
435 341
457 319
472 299
483 282
491 255
497 231
504 218
520 212
550 209
611 209
629 201
642 170
643 130
637 105
623 91
584 72
554 66
479 56
419 60
360 67
305 70
229 76
207 81
184 86
152 90
132 94
121 99
114 108
97 142
91 185
87 225
75 287
59 341
49 398
42 447
42 484
42 510
39 539
38 558
37 587
39 609
43 636
45 648
47 670
56 690
73 715
87 731
113 744
144 760
173 767
194 768
204 768
232 768
261 768
285 771
315 774
341 775
358 775
393 775
412 772
442 770
460 768
492 762
516 752
536 738
562 707
574 692
595 661
601 631
601 619
597 600
575 583
487 546
443 529
402 518
374 517
360 518
349 523
332 546
322 579
326 601
339 619
351 634
362 642
372 642
393 623
412 592
426 543
434 513
458 470
472 450
489 421
515 368
522 342
548 286
574 266
585 250
588 239
590 230
565 204
536 186
443 172
392 181
375 186
370 192
362 213
374 246
418 287
426 296
426 302
395 334
362 376
341 436
351 468
367 491
383 512
388 528
387 547
376 567
370 587
376 614
457 677
483 701
495 716
512 719
562 700
609 664
610 626
603 532
608 503
618 463
622 414
634 347
645 311
649 291
646 287
618 285
551 285
513 288
508 293
599 333
617 342
554 359
516 380
480 412
475 436
470 464
461 481
425 502
356 533
315 555
295 573
272 588
245 598
226 604
211 609
192 614
172 621
160 624
146 627
136 620
118 573
149 442
171 364
177 304
177 264
177 219
173 211
160 206
155 203
153 203
153 203
153 203
