88 83
88 83
88 83
88 83
88 83
88 83
96 105
99 141
96 152
95 152
102 119
113 95
114 93
115 96
119 125
120 129
136 117
147 112
147 112
149 131
149 136
165 127
190 111
212 107
217 115
220 119
224 119
239 110
260 100
266 102
274 118
280 122
288 121
294 117
293 125
278 141
223 166
182 181
114 172
72 164
70 163
70 162
79 167
98 186
105 212
110 216
125 216
140 214
171 214
196 228
199 235
156 243
82 242
54 236
48 227
58 206
86 180
131 175
168 177
226 192
264 194
293 178
298 166
301 112
288 72
278 63
246 56
204 58
203 65
210 88
237 128
262 168
256 196
238 205
220 210
158 215
117 216
96 210
96 195
98 187
103 172
109 163
148 156
207 143
258 124
271 115
277 108
286 92
287 84
280 77
237 78
171 87
153 90
132 96
127 99
131 112
175 155
216 180
274 217
282 229
266 232
205 228
136 225
91 209
82 196
75 177
71 166
73 156
79 146
95 136
108 135
156 135
220 140
252 130
266 114
295 82
306 72
309 60
307 58
298 62
251 115
213 157
170 197
125 235
110 245
82 250
71 254
69 254
65 252
59 231
59 183
59 137
64 112
68 92
68 85
69 83
69 83
90 98
145 141
218 204
251 232
276 251
287 261
296 266
301 265
306 253
311 217
313 167
309 103
306 86
303 70
302 68
301 68
299 70
269 106
224 160
190 194
163 210
147 219
123 236
103 248
87 246
72 232
68 202
70 139
74 119
84 112
112 118
163 171
254 257
286 269
298 267
314 249
325 199
303 162
271 144
245 139
227 141
207 177
186 222
157 254
116 273
85 270
68 249
62 221
71 205
112 174
163 172
239 188
274 194
299 194
314 184
320 172
323 153
306 123
287 112
272 110
231 115
196 134
183 142
162 145
149 145
129 142
105 137
87 133
72 128
67 125
65 116
70 104
88 99
135 96
191 98
237 99
284 96
317 92
327 90
338 83
345 76
340 64
319 55
298 50
264 47
241 51
210 55
191 56
166 53
150 52
123 50
103 48
96 47
87 48
77 54
74 64
73 83
73 112
73 125
69 154
59 173
55 175
55 176
64 169
100 151
143 146
241 140
270 140
276 140
277 147
254 155
208 164
160 183
149 194
168 208
184 215
177 223
156 231
140 247
152 260
202 266
230 266
256 252
298 230
300 207
295 154
288 120
275 95
254 67
234 54
202 47
187 45
153 49
123 58
109 70
94 87
62 138
58 155
58 194
75 223
114 243
172 256
218 256
278 253
304 260
305 259
318 244
323 224
326 194
328 139
328 128
320 115
313 112
290 114
267 120
254 143
248 175
252 198
255 209
246 214
178 218
135 216
97 211
74 206
70 201
77 187
96 161
105 151
130 132
156 128
174 130
231 153
273 180
286 202
273 222
236 234
199 236
143 214
133 188
130 161
135 143
174 115
208 108
244 103
289 100
309 93
318 88
334 72
336 59
332 48
327 44
319 43
305 53
264 87
205 145
148 198
116 223
74 249
60 259
52 266
47 270
46 270
46 270
46 270
46 270
46 270
46 270
75 254
158 195
210 147
250 117
279 98
289 88
292 84
294 82
294 81
294 81
294 81
294 81
294 81
294 81
294 81
294 81
294 81
294 81
294 81
294 81
294 81
294 81
