669 397
669 397
666 397
663 397
660 398
651 398
627 398
609 400
583 404
570 407
542 412
524 417
494 423
475 428
447 432
430 433
401 438
380 440
361 441
339 441
292 445
273 448
251 452
217 459
200 461
193 463
187 468
174 480
160 502
155 520
145 551
135 571
128 596
122 613
115 638
108 665
93 694
84 711
85 715
108 731
139 738
183 748
217 753
246 754
281 754
332 759
361 763
411 763
458 769
509 773
561 773
621 770
638 767
663 760
665 757
675 730
661 699
641 678
608 645
590 637
575 632
538 616
503 609
479 603
439 588
381 565
320 535
288 508
259 476
243 446
241 422
241 385
242 365
247 333
262 291
267 270
274 247
284 234
296 221
324 206
352 196
369 192
390 186
421 180
448 176
465 171
501 165
519 163
541 162
557 162
572 165
590 170
617 183
625 188
643 202
654 214
660 231
662 255
662 274
663 293
670 314
672 327
672 341
664 362
648 376
615 394
600 401
562 416
513 432
455 448
434 453
412 460
392 467
352 474
319 481
297 486
266 500
258 504
247 512
222 532
205 545
196 559
181 607
183 626
199 644
245 665
296 678
326 680
382 672
476 678
527 660
573 636
589 547
561 478
513 418
452 374
392 318
370 282
363 267
359 262
359 262
359 262
359 262
359 262
359 262
359 262
359 262
358 262
353 262
315 260
293 260
277 264
231 293
200 320
196 330
191 348
189 374
197 399
202 410
211 423
228 447
199 495
171 526
153 556
150 566
145 582
145 586
145 586
147 590
159 596
178 603
184 607
200 610
241 613
304 594
359 551
424 504
481 465
523 415
616 301
637 266
648 240
654 215
656 192
648 162
628 137
601 116
539 89
515 78
497 74
472 81
432 121
425 147
421 179
413 238
404 293
378 354
349 397
332 423
302 464
249 523
221 552
206 566
182 583
162 601
154 611
153 612
153 612
172 602
216 572
259 537
294 508
329 477
357 457
387 434
411 417
461 392
477 381
503 365
517 355
542 335
561 320
578 309
591 297
611 279
624 265
637 249
654 227
667 212
684 190
693 173
698 158
701 146
702 137
704 134
704 132
704 129
704 129
705 128
705 128
702 123
681 110
667 105
636 96
617 90
590 85
563 79
547 77
522 73
506 70
480 66
448 63
432 63
416 63
397 64
383 64
365 63
329 59
300 59
282 59
252 60
234 62
221 65
194 72
186 75
179 79
162 88
157 92
138 105
123 115
113 121
108 124
96 132
86 141
77 152
62 164
48 177
34 193
28 204
21 218
15 240
10 258
6 270
6 279
5 292
5 301
7 319
12 337
14 347
18 362
20 368
24 381
27 390
31 403
32 408
36 425
40 436
45 449
49 466
53 476
58 494
63 510
67 533
71 555
74 571
76 585
80 600
86 620
90 632
97 643
102 654
108 663
111 666
123 676
142 692
153 698
184 711
216 720
232 723
282 728
297 733
306 736
319 739
333 745
348 745
369 748
436 755
455 750
485 732
522 707
552 685
569 668
591 645
603 630
617 617
643 588
666 552
682 527
691 502
698 471
701 454
706 434
710 415
712 398
713 381
710 360
704 343
700 330
695 312
692 301
690 295
680 279
673 266
663 256
642 245
634 243
588 233
566 230
543 228
535 228
519 228
492 234
478 241
460 254
445 270
437 288
420 329
407 357
394 382
382 422
376 459
376 497
376 519
381 527
385 534
391 540
394 544
400 549
411 546
424 537
434 528
439 521
451 507
460 500
475 486
486 470
497 455
519 433
529 406
541 382
551 350
562 331
584 299
595 282
605 267
609 259
614 251
616 246
616 232
601 206
572 182
563 177
540 167
516 161
504 161
485 163
461 168
451 174
441 186
436 200
431 220
432 245
433 263
434 299
433 326
437 355
439 398
440 429
440 450
440 467
441 486
442 507
441 530
439 545
436 559
433 572
428 588
420 609
407 632
390 649
373 651
304 632
259 589
234 541
221 512
215 490
212 461
216 444
231 426
251 410
289 394
345 381
372 373
411 356
448 338
465 327
492 305
507 289
517 273
523 260
525 237
506 213
486 198
460 183
416 162
400 158
389 154
363 148
329 141
301 141
282 145
269 149
255 153
232 164
212 183
202 200
198 210
189 227
182 244
176 259
167 278
162 294
157 315
151 337
144 362
140 386
135 406
133 423
134 440
136 452
139 458
142 466
142 468
142 468
143 471
146 475
149 480
153 484
158 492
162 496
168 506
172 509
176 514
181 519
184 522
190 527
195 531
201 537
207 541
218 548
225 553
231 558
235 560
240 563
243 565
249 568
252 570
255 572
259 574
263 576
267 578
271 579
275 580
277 581
280 582
282 583
288 584
292 586
296 586
300 587
307 588
311 589
320 592
326 593
333 594
335 594
340 594
344 594
352 591
362 587
386 579
400 572
412 565
427 554
437 547
447 538
462 522
470 513
488 500
504 489
523 469
536 456
557 433
567 415
577 395
590 377
612 344
629 318
646 295
655 277
667 250
679 228
689 206
695 192
701 173
704 165
705 155
704 142
705 130
705 127
707 119
707 117
707 117
707 117
707 117
707 117
707 117
708 113
709 112
709 112
706 105
695 100
682 95
668 89
650 83
634 78
613 72
590 70
569 67
544 66
522 62
505 60
472 63
429 73
403 82
357 94
321 114
288 131
267 144
247 160
205 209
186 244
173 284
158 325
141 377
127 423
119 460
106 508
93 568
88 599
82 637
77 679
76 696
80 716
86 727
89 730
105 744
115 752
126 758
149 766
159 770
188 775
216 781
232 782
259 783
284 785
305 785
335 783
357 777
372 773
395 766
408 763
425 755
450 740
464 722
471 712
491 689
499 672
503 663
508 652
514 641
519 630
524 620
530 610
533 604
535 601
537 596
540 591
542 586
545 579
546 576
552 561
555 551
558 540
563 525
569 500
575 467
581 441
587 413
594 381
600 358
603 335
598 314
588 295
573 269
552 236
515 203
473 168
450 151
427 134
376 115
356 110
333 103
319 99
298 94
265 89
247 89
229 89
208 95
199 101
182 119
173 141
182 192
192 211
200 225
222 254
235 278
237 282
237 282
223 281
205 291
150 355
138 384
147 402
177 430
179 432
191 437
