249 636
249 636
249 636
249 636
249 636
249 636
249 636
249 635
257 626
319 583
341 562
375 542
405 527
445 502
485 479
508 467
518 460
544 445
554 440
563 435
563 435
563 434
559 433
479 434
434 436
420 437
377 445
350 448
292 443
268 438
202 418
155 392
142 381
142 372
150 368
171 360
220 345
318 332
412 320
428 316
457 301
478 288
486 279
490 272
491 270
473 268
409 260
343 252
308 242
220 228
184 220
175 216
153 210
147 208
147 208
147 208
147 208
176 206
219 202
266 196
332 197
393 193
434 182
476 175
561 155
563 153
588 140
605 129
608 124
609 120
592 104
522 76
473 67
451 64
393 60
303 65
297 67
288 82
280 119
281 148
300 196
318 247
337 292
370 346
421 425
462 498
491 560
508 606
525 652
525 661
524 669
519 674
513 676
430 670
306 662
203 663
186 662
168 663
147 668
143 669
143 669
143 669
166 603
192 528
229 444
238 393
245 354
255 326
256 325
256 325
279 382
296 458
316 537
340 601
370 645
376 654
376 654
407 629
456 552
477 472
483 413
492 381
497 367
503 351
509 344
511 344
528 380
549 448
561 510
573 592
577 643
596 685
603 692
609 692
655 658
689 566
681 466
673 381
677 336
679 257
685 220
688 205
684 198
655 192
591 195
351 211
261 227
211 248
188 263
182 281
177 318
187 372
211 417
233 446
298 506
333 553
362 588
374 611
347 621
318 627
197 638
124 638
114 634
102 622
101 620
99 600
134 554
192 512
294 444
400 410
515 366
542 351
545 341
539 324
495 291
402 243
378 232
377 232
377 232
377 232
375 255
381 342
387 415
396 511
396 549
403 605
408 637
417 664
419 669
419 670
419 670
419 670
420 670
439 643
458 598
477 526
482 457
484 424
486 412
492 396
494 391
496 388
498 386
499 386
499 386
521 455
544 560
556 658
566 694
568 705
568 705
580 690
623 548
660 398
664 331
643 284
634 271
622 262
598 257
483 231
437 233
370 248
285 279
256 289
249 300
260 344
282 397
298 462
284 510
277 536
255 580
240 590
193 581
147 560
141 523
172 457
260 392
309 340
332 299
363 238
367 200
321 159
273 142
266 139
264 139
264 139
257 175
272 258
295 322
322 375
354 441
387 530
390 602
360 641
300 659
222 663
83 620
65 590
85 539
102 514
170 482
210 457
299 427
351 405
389 370
419 323
446 284
454 257
458 235
458 215
449 199
434 189
385 164
346 154
312 148
249 142
247 142
245 144
240 164
240 182
252 221
255 263
262 283
294 344
328 386
384 457
433 496
451 513
491 540
508 547
512 552
515 556
516 556
515 566
512 573
511 574
511 574
511 574
511 574
511 574
511 574
511 574
511 574
511 574
511 574
511 574
511 577
516 607
516 637
516 642
516 642
515 643
512 643
512 643
511 643
509 643
506 644
479 640
328 624
265 601
253 578
232 519
226 462
247 434
309 409
334 396
368 383
444 352
483 329
492 310
493 288
482 247
466 230
427 213
388 202
375 203
365 213
364 229
362 247
370 276
403 325
423 360
425 416
388 463
353 481
345 482
342 481
340 478
340 475
336 462
321 432
313 407
309 402
308 402
301 410
297 419
291 428
288 432
285 436
283 439
281 442
271 446
197 480
169 494
149 502
118 519
114 531
116 561
126 596
149 620
165 624
202 624
243 620
291 600
313 593
376 571
403 553
421 538
436 523
439 519
444 507
446 493
446 478
444 447
443 439
443 439
443 439
