535 167
534 167
533 167
533 167
524 171
434 242
396 297
352 380
332 444
318 467
314 486
317 501
333 536
351 603
388 650
433 672
477 673
532 668
566 663
580 660
600 642
612 622
658 521
681 465
695 404
696 364
685 321
678 306
653 279
575 253
527 249
450 243
407 243
385 247
347 264
315 288
284 313
265 334
237 366
215 406
201 429
159 487
137 516
100 565
90 579
83 593
82 606
86 622
94 649
100 666
106 671
122 670
173 661
243 648
309 623
356 616
411 609
448 602
494 595
537 589
579 581
597 570
612 559
615 549
606 538
576 526
543 520
502 519
460 526
415 530
369 535
351 537
307 545
286 558
268 574
260 587
265 600
277 607
316 612
345 612
396 620
415 622
467 630
517 638
540 640
553 640
576 640
589 640
592 640
594 643
595 652
595 674
590 686
576 696
522 704
443 706
399 705
342 712
311 711
272 709
231 710
174 718
146 723
145 727
153 732
171 736
196 736
246 735
263 738
297 747
349 754
397 758
449 761
526 761
558 765
620 772
656 766
662 743
665 717
663 703
658 689
652 682
636 675
599 674
559 677
516 683
456 685
421 685
375 692
359 694
310 698
290 698
256 697
224 692
181 672
163 650
158 635
158 618
161 611
168 605
182 600
237 597
306 602
381 605
509 595
574 594
581 591
585 575
592 559
581 532
554 513
535 504
511 503
466 511
429 517
401 522
360 525
311 525
277 519
236 503
207 486
189 459
187 447
189 443
193 438
200 434
217 430
262 427
341 435
397 438
470 440
533 441
546 440
556 435
561 420
554 398
519 368
483 357
462 355
426 359
386 375
349 391
305 391
257 388
216 381
157 361
141 344
138 323
142 307
154 293
168 286
196 282
260 287
316 288
339 290
358 288
393 281
435 275
467 267
485 259
491 237
489 213
447 181
404 175
344 174
321 174
288 180
268 186
253 190
233 198
213 213
207 239
209 269
226 293
245 319
269 357
287 378
317 409
354 445
387 465
410 479
419 482
425 479
449 428
472 347
487 308
493 266
496 248
504 221
508 210
515 204
520 200
527 200
540 209
563 245
579 282
589 321
593 339
598 371
608 404
614 432
618 449
624 473
627 499
630 522
634 540
636 558
617 581
573 587
475 579
384 556
326 517
311 497
290 454
282 432
283 405
287 397
301 383
317 374
348 368
395 365
435 371
445 374
474 390
480 402
475 425
458 442
423 465
380 502
362 522
348 544
342 569
339 583
333 605
333 616
336 631
349 641
371 643
403 639
417 634
455 624
496 624
528 626
558 639
592 665
613 689
614 695
609 708
606 724
604 728
609 738
629 748
634 750
641 750
669 743
694 729
697 709
691 661
682 634
662 600
645 571
625 550
599 530
584 521
561 512
522 501
504 496
479 489
460 486
439 486
410 486
385 467
366 426
346 347
345 321
345 298
350 280
357 263
368 250
391 230
402 221
426 206
442 197
466 185
501 173
556 149
599 142
646 121
653 113
656 110
656 108
638 99
541 74
416 61
312 54
274 54
213 46
185 46
173 49
147 60
143 71
137 114
139 185
142 230
143 295
135 373
128 422
127 469
123 509
115 559
102 599
97 611
89 625
83 629
79 629
71 608
60 554
59 490
67 454
71 414
77 359
83 325
89 306
106 283
137 258
163 243
177 239
189 254
206 312
215 378
228 454
234 493
255 539
264 550
268 551
291 516
312 468
324 376
318 352
309 333
303 327
300 325
299 320
301 306
315 292
363 278
395 279
423 312
441 375
449 440
457 463
463 471
476 465
506 427
516 403
539 347
546 321
557 298
571 273
586 248
596 240
599 238
599 238
606 268
622 342
632 428
635 458
636 476
636 478
636 480
629 499
581 551
528 598
460 632
439 635
421 638
398 644
385 651
383 658
388 672
398 676
438 676
491 676
540 673
593 667
605 663
605 663
604 672
585 711
571 734
586 750
624 755
668 737
672 677
655 621
598 552
566 519
546 504
489 482
437 471
401 468
357 462
314 455
300 451
278 443
265 441
260 439
250 437
215 432
194 428
193 428
203 415
237 356
277 315
316 292
399 251
450 217
465 195
467 184
461 167
433 147
370 128
282 123
224 122
209 136
208 154
227 202
268 246
329 301
366 349
403 422
406 445
406 467
383 492
347 516
316 529
277 541
276 556
339 641
379 669
413 677
456 664
493 658
550 625
623 575
653 514
623 457
600 414
584 382
516 343
475 335
397 323
352 318
321 318
302 323
274 337
219 366
190 391
170 414
153 446
143 479
145 487
154 490
185 483
293 416
371 361
450 321
484 294
502 263
518 227
530 204
534 184
532 174
496 146
454 129
448 129
448 129
