74 153
74 153
74 153
75 155
90 159
124 162
161 163
195 163
205 163
211 161
219 157
239 150
243 148
256 147
262 147
265 147
265 147
265 147
223 158
187 172
141 197
105 218
86 230
74 238
66 246
60 254
59 256
58 260
62 265
90 265
162 265
213 260
240 257
250 257
262 257
276 257
281 252
285 232
292 198
295 157
295 131
295 113
295 107
292 99
290 96
289 95
268 89
202 80
162 70
103 59
83 56
80 55
76 55
73 56
67 70
65 100
65 134
71 175
72 199
72 211
71 216
71 224
71 233
71 237
73 244
74 247
74 248
78 250
87 251
120 253
176 250
234 255
257 256
276 258
288 258
298 258
300 257
304 255
308 251
309 236
303 200
296 169
291 148
282 106
279 96
279 95
279 95
279 95
279 95
279 95
279 95
275 95
252 100
223 106
205 113
190 118
180 122
165 127
150 131
133 136
118 143
99 150
84 153
70 155
63 156
55 157
51 158
51 158
51 158
51 158
112 170
125 171
142 171
164 173
184 174
220 177
245 177
263 177
269 175
273 171
286 166
294 160
297 146
291 123
275 99
256 77
241 64
185 55
165 52
140 54
114 59
96 70
82 85
63 113
57 133
55 158
64 193
87 217
119 236
157 246
219 254
245 251
265 246
283 241
301 226
314 213
325 194
327 178
313 148
291 115
272 100
256 96
214 83
182 82
152 88
128 94
112 104
96 123
89 134
84 153
82 169
87 194
95 211
113 229
144 244
178 248
225 251
253 245
265 240
275 226
282 208
285 192
285 173
276 154
256 126
239 105
223 92
208 84
189 75
167 69
154 69
140 70
120 75
106 85
96 95
87 110
81 126
76 140
74 153
72 168
72 185
76 199
80 211
91 227
97 237
121 250
136 255
164 260
210 261
222 260
235 258
259 253
263 247
274 237
282 227
291 209
295 195
299 179
300 157
295 143
279 125
264 107
252 95
227 80
215 76
193 70
181 66
162 65
146 67
139 72
129 79
114 93
110 101
105 109
101 118
97 128
94 144
94 155
98 166
104 174
108 180
113 184
120 189
128 193
138 197
144 198
150 199
157 201
162 202
176 204
183 205
190 205
206 205
216 205
221 205
242 205
258 205
270 205
287 206
295 207
298 206
306 197
314 181
318 165
320 149
322 136
322 125
323 107
326 90
328 77
328 67
329 56
330 51
330 50
330 50
330 49
330 49
330 49
322 48
306 48
286 54
241 61
221 61
199 64
160 65
135 62
121 61
101 61
84 59
70 57
67 57
67 57
67 57
67 57
67 57
67 57
67 57
67 57
67 57
67 57
67 57
67 57
67 57
67 57
