427 220
427 220
427 220
427 220
427 220
427 220
427 220
427 220
428 226
428 251
389 283
341 298
310 306
307 316
319 346
347 386
402 422
418 433
413 447
384 482
324 517
291 550
303 583
337 605
398 629
442 628
474 605
488 514
493 441
488 408
482 393
480 391
492 411
605 536
637 551
639 515
591 359
529 260
516 228
496 206
413 193
364 196
338 207
334 231
370 303
480 372
480 378
438 402
405 438
408 472
463 535
499 582
495 596
475 619
435 634
378 630
358 613
344 545
361 497
428 487
502 469
515 443
497 386
417 330
376 320
356 339
380 401
431 462
456 531
448 562
424 583
389 600
362 608
341 610
276 584
218 527
222 482
251 434
278 392
290 357
285 334
245 290
184 251
176 246
174 255
224 320
297 344
382 357
402 361
409 358
423 321
421 265
421 240
421 240
424 307
441 451
471 479
532 474
569 433
565 339
555 305
555 304
555 300
555 300
555 300
555 300
555 300
555 300
555 300
556 299
577 307
635 331
649 374
644 474
638 521
637 549
660 593
669 597
690 546
715 465
718 412
719 380
714 359
696 329
680 314
645 296
567 271
487 257
450 254
383 258
376 263
343 289
342 298
453 358
525 385
525 385
492 395
387 422
344 447
364 469
404 486
418 493
416 500
354 527
222 556
140 566
111 576
79 587
71 592
71 593
97 603
217 614
336 624
480 640
495 645
516 645
539 648
550 652
552 652
537 662
422 685
196 706
91 717
89 719
88 723
96 732
173 748
381 753
501 760
552 756
573 754
584 750
584 737
562 681
514 578
482 537
379 478
362 474
357 486
328 552
326 548
321 495
312 416
291 367
290 366
290 366
274 416
252 454
249 455
241 433
220 371
213 344
209 340
178 399
149 500
134 557
134 565
134 565
150 530
209 487
288 465
379 436
405 419
433 387
441 369
444 348
438 334
422 323
383 310
353 305
302 284
280 269
263 242
260 220
271 208
341 186
404 188
464 187
468 185
468 185
462 185
387 190
341 199
336 212
367 252
466 290
502 312
510 333
495 381
467 416
380 505
326 539
301 556
297 573
341 612
400 641
456 650
547 615
586 529
605 465
612 380
612 347
610 319
603 298
598 285
598 266
598 257
596 252
582 253
533 244
488 234
460 230
429 232
354 238
311 241
311 241
311 241
311 241
328 252
412 332
418 403
406 510
360 602
312 664
282 697
269 709
257 715
236 699
158 556
208 504
262 498
356 513
384 525
392 518
419 473
453 415
480 384
526 328
539 309
544 290
547 284
551 283
575 322
620 385
625 418
625 446
624 475
621 497
616 514
614 532
616 540
618 542
618 542
618 542
613 537
588 531
539 533
484 540
444 544
426 549
407 554
387 559
376 564
368 567
348 572
332 572
314 568
273 560
243 554
226 550
196 530
177 511
162 478
156 457
150 421
151 392
157 359
163 337
167 323
173 308
177 300
184 290
192 284
197 281
207 278
235 272
272 266
307 260
348 254
373 249
416 236
441 227
461 220
467 214
472 204
472 194
461 177
445 167
426 161
393 154
364 150
319 153
280 160
235 169
197 176
178 181
167 186
158 192
154 197
153 209
153 236
157 259
179 294
201 334
212 366
220 403
219 430
212 470
202 492
195 528
190 568
187 591
194 613
224 623
260 624
385 620
554 559
588 516
590 454
586 411
585 358
574 326
552 293
543 274
531 261
517 257
501 257
462 268
453 287
457 315
511 407
542 449
564 485
594 537
599 561
606 584
605 600
598 621
581 642
535 650
449 646
311 625
246 605
176 570
145 535
131 491
130 472
128 443
134 385
138 372
138 370
138 369
120 401
143 441
285 446
410 435
493 403
524 382
516 356
482 330
405 334
363 362
333 414
330 467
373 539
387 571
383 591
364 615
317 635
257 638
226 633
219 621
220 600
246 571
283 557
359 541
424 523
451 487
469 442
485 392
482 372
463 346
450 338
431 332
411 324
377 306
321 266
286 240
258 214
240 196
212 179
170 155
151 139
144 131
120 100
119 96
119 96
119 96
171 123
282 160
385 175
395 175
419 170
428 167
477 155
505 137
534 115
561 97
578 89
587 87
593 87
619 100
666 133
670 139
671 156
659 199
627 259
603 303
603 366
660 468
708 536
708 566
695 588
639 622
544 641
475 645
379 635
317 618
260 600
234 589
212 559
189 501
189 436
190 400
217 362
287 341
384 333
439 328
468 328
474 328
