378 449
378 450
382 460
394 471
411 486
420 495
420 495
434 471
464 380
471 362
473 358
475 382
477 430
470 474
454 481
409 488
386 496
381 501
384 489
406 460
459 415
494 378
510 354
500 335
425 305
383 299
365 299
378 342
431 389
501 430
501 435
480 432
470 429
452 379
457 340
486 326
500 334
513 381
502 413
493 417
493 417
533 369
557 335
550 293
507 283
462 291
414 316
416 323
493 339
527 349
520 359
492 380
450 409
439 417
438 418
482 412
594 382
648 375
648 375
646 375
589 397
500 430
404 472
391 477
390 480
389 483
389 485
403 489
484 477
613 458
630 455
631 455
631 455
631 455
563 497
494 530
460 546
455 549
452 551
450 552
446 554
442 557
433 563
433 563
433 563
465 566
592 543
682 534
719 528
723 528
727 526
727 526
725 523
713 513
669 471
625 422
596 381
591 366
588 358
587 357
587 357
593 377
618 455
627 501
634 529
640 540
642 544
642 544
649 505
652 451
647 416
644 403
641 398
637 394
633 392
614 393
574 398
543 403
531 403
531 403
548 400
653 377
674 371
670 365
657 358
646 353
644 352
642 353
648 438
660 581
662 642
662 643
654 626
634 502
631 461
629 455
617 470
607 517
600 536
599 537
599 537
610 509
642 512
675 538
694 555
694 555
696 544
705 504
728 484
733 482
738 488
739 505
707 556
658 575
635 587
620 577
571 504
551 461
548 446
547 445
529 451
477 472
407 489
296 460
253 407
231 368
227 336
237 318
248 312
251 308
260 301
276 290
297 268
304 250
312 238
332 213
347 194
351 185
344 181
280 174
251 175
238 182
235 196
237 211
236 247
212 284
151 336
93 379
60 400
56 402
59 402
116 392
204 379
277 337
282 318
276 294
240 257
223 248
214 249
189 302
188 396
203 501
206 589
195 645
190 652
185 642
168 512
168 469
167 459
144 486
126 520
122 526
122 526
161 491
228 448
258 440
276 439
288 448
297 465
301 471
292 491
279 500
260 508
259 508
255 490
257 469
260 455
262 447
260 442
257 439
257 439
257 439
318 480
405 501
448 487
472 464
485 446
501 433
517 428
541 415
566 392
579 369
580 335
563 304
557 284
542 260
530 247
520 231
509 219
506 214
488 207
478 203
472 203
453 205
438 211
423 222
412 239
407 253
403 265
403 271
407 282
429 346
456 416
467 432
472 445
478 468
488 490
498 511
507 536
512 558
516 584
514 600
511 620
494 650
479 670
456 691
431 705
406 713
379 719
340 723
313 722
293 717
253 705
229 692
203 670
188 652
174 632
172 620
173 610
191 596
210 590
234 581
260 572
286 561
303 555
335 540
360 523
389 505
423 490
462 471
487 448
503 429
521 404
539 368
543 328
543 311
530 279
512 258
487 239
465 222
422 198
377 178
334 159
296 152
266 143
242 138
227 135
207 132
192 131
185 128
171 120
148 108
141 103
129 95
124 91
124 91
123 91
123 91
138 88
180 83
242 77
274 74
347 60
402 54
459 51
479 51
530 47
547 51
566 70
589 120
608 156
607 216
609 283
618 361
628 457
662 566
677 643
681 689
680 706
677 770
677 776
675 781
669 779
615 724
551 684
540 677
499 659
472 646
456 639
423 623
384 605
358 586
327 561
283 517
240 461
213 421
200 382
200 340
208 313
218 299
246 286
354 281
429 273
469 265
517 254
540 249
554 247
556 247
556 249
502 311
449 349
425 372
361 438
319 489
286 529
272 547
255 566
236 587
217 606
202 621
189 634
180 645
169 659
154 676
151 684
151 688
176 701
241 713
322 722
401 730
464 737
543 741
593 743
656 744
712 749
751 753
759 751
757 733
723 683
666 624
607 560
535 475
497 419
454 366
381 306
343 276
312 248
291 229
269 212
243 191
210 165
197 153
189 149
173 143
161 146
143 163
131 197
130 273
147 353
150 396
144 448
137 481
131 509
130 531
123 568
116 601
103 638
81 681
74 701
72 715
72 733
72 739
72 739
92 723
176 627
260 538
353 434
400 367
443 312
486 257
527 216
557 186
584 159
597 145
620 127
637 117
644 111
648 106
648 104
580 98
512 98
477 94
439 88
350 80
307 77
265 74
246 74
236 74
227 75
211 78
206 79
194 85
181 96
170 116
169 137
194 181
236 252
305 382
340 435
383 512
441 600
504 677
554 732
575 751
576 751
576 751
593 683
625 434
605 311
578 192
572 156
568 134
566 129
564 127
564 127
562 127
559 127
552 127
544 132
475 209
398 310
362 359
326 411
302 446
266 491
249 514
220 562
203 590
191 611
182 630
171 644
160 663
156 668
152 674
150 680
150 683
158 691
175 697
229 706
263 710
332 711
403 711
473 708
538 689
583 659
608 612
615 561
592 497
564 443
537 399
513 370
491 347
465 321
437 300
407 286
369 276
349 271
331 259
310 241
300 226
290 213
271 197
241 178
209 159
182 141
137 120
102 108
97 107
90 111
78 136
78 169
86 218
107 292
125 334
136 371
148 420
154 450
160 483
169 517
178 563
185 589
191 613
208 648
222 669
243 688
290 702
370 717
440 726
462 731
495 740
542 750
565 750
592 749
622 699
639 637
646 578
651 541
656 517
660 474
665 452
671 421
675 368
676 339
676 301
681 259
681 237
681 220
677 202
656 173
634 155
606 138
589 132
548 126
516 127
473 136
434 151
369 169
337 175
316 182
254 207
224 219
204 231
165 258
123 288
89 320
64 347
51 364
42 385
41 393
48 398
65 404
101 414
142 421
182 429
220 436
281 443
337 440
415 435
452 436
495 437
544 438
568 443
588 445
594 447
597 450
600 458
600 463
575 480
536 497
442 532
360 572
304 596
259 607
234 620
212 629
193 636
180 640
165 650
159 657
152 666
151 671
151 673
157 677
178 684
195 689
222 699
278 711
317 713
360 717
393 717
438 711
480 715
513 719
534 719
587 712
606 696
625 661
634 630
649 555
655 514
661 472
668 435
669 410
669 379
670 350
671 329
671 300
671 274
671 239
667 221
657 189
649 172
624 144
580 119
561 115
511 107
455 100
425 99
388 96
350 98
315 99
280 106
233 115
207 122
181 136
160 146
142 157
132 168
127 185
126 207
136 237
145 256
170 286
202 323
234 357
263 390
290 424
326 470
371 518
432 570
475 602
505 631
529 662
563 697
570 709
591 734
599 745
605 752
629 729
662 683
676 655
685 598
686 549
686 501
681 450
674 407
672 376
672 322
670 284
664 241
654 184
639 160
613 140
599 136
538 131
492 131
440 141
287 176
217 180
163 181
104 189
58 208
30 228
34 249
61 277
110 314
208 399
273 459
336 522
392 583
429 625
476 670
519 706
551 733
599 763
625 777
642 782
646 782
634 703
583 609
514 514
438 426
372 353
326 308
255 250
221 228
194 209
174 197
172 195
171 195
169 218
186 288
200 392
223 507
225 576
218 618
208 657
202 688
195 712
191 723
189 727
189 728
204 710
305 596
396 479
447 371
470 310
498 253
521 203
539 182
565 160
581 149
588 146
592 142
596 137
602 131
617 118
641 98
648 88
653 81
651 78
634 72
550 68
516 75
474 85
444 92
400 102
356 108
316 114
273 122
233 128
189 136
157 140
140 146
134 152
127 174
123 211
111 281
100 352
94 389
80 460
73 504
70 534
69 558
69 591
69 605
69 617
70 635
73 649
77 670
88 695
97 714
101 718
130 714
152 694
203 641
261 588
314 546
356 512
406 470
434 448
465 421
487 402
508 380
552 347
666 287
704 267
722 250
733 229
751 198
755 179
751 161
733 137
709 117
654 91
585 66
503 49
465 44
425 41
385 48
346 52
275 77
208 99
189 103
175 108
168 111
165 119
175 142
191 177
220 232
272 305
317 377
358 437
394 488
454 565
486 610
511 649
529 673
553 700
570 715
575 720
592 731
608 742
610 742
615 736
641 712
656 620
650 570
633 489
632 454
631 414
630 381
624 339
618 299
613 251
613 212
610 178
605 153
592 133
556 107
520 97
488 99
395 108
351 104
317 105
286 110
251 119
232 123
214 130
187 137
168 149
158 165
157 178
164 201
170 212
181 230
198 247
229 269
257 290
274 304
297 328
318 348
328 364
333 373
336 388
336 406
333 417
318 439
305 455
295 466
286 485
283 498
278 514
277 528
277 538
280 549
285 558
286 561
290 566
296 570
308 575
315 578
347 581
372 585
407 578
466 569
472 573
464 576
459 584
459 584
459 584
459 584
459 584
459 584
459 584
459 584
458 584
461 582
464 579
472 575
480 579
489 583
509 589
524 594
532 601
548 612
565 622
574 626
581 625
587 607
594 573
593 533
588 510
583 494
571 473
551 448
547 442
542 428
526 409
505 393
493 386
461 373
438 363
434 362
433 362
433 362
433 362
433 362
