515 250
515 250
515 250
515 250
503 261
447 282
388 322
364 345
355 357
349 385
349 416
350 422
372 449
403 485
419 503
426 513
440 544
444 562
448 574
448 591
446 601
438 606
430 612
418 618
386 627
331 625
304 606
278 571
277 559
281 547
287 537
310 530
335 522
341 521
342 519
356 514
381 507
393 500
421 478
428 473
432 460
423 430
381 376
347 350
315 339
285 337
268 341
252 361
233 419
232 457
246 482
259 513
261 529
258 554
240 579
220 589
192 590
172 586
155 563
151 546
147 532
147 512
147 497
147 491
153 477
160 465
167 461
190 454
230 449
294 431
323 409
331 388
325 356
311 340
300 336
287 333
279 335
273 344
270 356
269 365
274 379
282 406
287 424
288 433
286 454
283 473
281 499
287 513
311 532
327 545
332 549
350 552
374 554
382 554
404 551
435 544
443 540
462 526
489 499
502 487
518 470
534 445
539 427
546 396
552 353
556 327
576 299
617 230
633 210
665 167
677 154
701 126
707 115
710 113
710 112
710 112
710 112
710 112
714 131
728 195
737 269
740 338
742 377
740 413
735 440
729 470
727 480
721 506
714 514
698 517
650 518
604 521
556 516
515 503
462 484
444 478
441 477
437 477
431 476
427 475
422 474
421 473
420 473
419 473
419 472
419 472
419 472
419 472
419 472
418 470
382 425
357 393
341 360
335 325
341 278
342 229
324 187
310 144
290 99
272 83
254 74
213 66
170 65
146 62
119 60
70 78
50 96
45 109
38 149
35 203
35 280
23 367
17 421
16 482
17 526
15 565
8 603
7 649
8 689
10 716
14 739
20 756
27 762
38 767
49 767
65 766
123 751
166 738
186 733
232 720
285 703
332 692
371 681
404 677
469 668
500 662
527 657
571 649
592 642
606 634
607 625
607 600
603 577
574 536
545 514
510 489
460 462
419 438
406 432
380 423
371 420
367 417
357 416
346 415
341 415
333 414
327 413
313 408
310 407
310 407
310 407
310 407
310 407
310 407
310 407
311 404
313 398
317 388
329 369
346 351
370 335
389 327
407 323
437 315
462 310
483 302
491 299
511 292
531 285
547 275
559 266
573 258
574 257
574 257
574 257
574 257
574 257
574 257
574 257
544 259
505 263
476 275
417 312
386 339
377 351
374 365
371 376
371 380
371 382
370 387
370 388
369 392
365 399
354 408
312 430
247 465
215 490
196 514
183 534
177 547
179 552
207 556
339 537
429 514
449 508
477 502
496 499
513 494
533 488
547 479
550 459
548 446
536 425
521 405
508 387
501 375
481 347
471 335
457 318
448 306
440 297
438 291
437 288
437 286
437 285
452 279
507 270
593 264
659 258
681 257
695 258
721 264
735 268
741 270
741 270
741 270
741 270
732 259
711 239
698 232
673 225
640 216
628 214
618 215
617 216
613 220
608 231
601 254
590 299
584 337
582 365
582 400
579 427
588 453
601 464
630 495
641 512
648 529
657 566
658 596
654 615
640 652
612 696
593 708
541 709
393 685
323 653
301 626
269 571
254 541
255 494
273 461
315 440
356 422
466 376
497 356
505 318
477 266
428 223
377 190
312 158
271 151
214 145
183 145
178 149
168 158
162 178
170 221
207 276
258 340
292 376
347 435
385 479
450 539
500 583
535 615
568 645
586 662
612 683
621 687
628 687
642 684
659 665
684 614
695 584
697 574
704 546
710 517
716 497
720 467
720 451
719 425
721 411
728 388
727 364
718 350
709 334
696 322
688 317
670 314
656 312
636 311
592 317
563 324
550 327
528 337
497 351
469 368
457 381
439 396
421 411
412 417
404 423
401 427
396 432
392 436
390 438
389 439
387 441
386 442
385 442
384 443
382 444
379 445
375 449
369 452
344 463
335 468
317 488
311 497
304 510
297 527
289 546
277 565
272 585
272 587
273 590
277 592
284 593
315 566
370 506
408 470
457 417
488 378
497 362
503 341
503 338
503 338
