689 76
689 76
689 76
689 76
689 76
689 76
689 76
689 76
689 76
689 76
684 76
657 71
643 68
635 67
618 67
587 69
570 71
561 71
550 71
546 72
511 77
469 80
466 78
458 76
429 69
410 64
404 62
382 59
363 54
351 50
324 44
304 39
280 39
265 40
242 45
219 50
193 54
176 58
162 61
157 64
149 70
134 80
122 97
117 109
109 143
103 176
101 195
100 231
97 287
97 326
94 397
90 452
96 509
89 569
81 624
76 682
71 737
70 757
69 764
69 769
70 772
74 774
78 773
82 770
83 770
88 770
93 771
126 778
153 783
179 788
206 793
222 793
264 787
281 785
317 786
376 786
411 782
459 782
495 786
548 794
569 797
569 797
633 798
666 781
680 761
680 715
687 663
689 628
687 567
687 548
694 516
700 448
704 418
715 383
717 330
718 281
724 250
726 205
726 170
728 151
730 126
730 108
730 94
726 84
713 72
690 65
649 56
623 50
579 46
548 40
537 37
493 29
450 25
426 22
394 22
373 23
358 24
320 27
281 27
243 27
233 29
225 32
202 38
200 39
173 45
166 47
165 52
163 67
172 89
184 114
200 139
221 159
249 199
302 268
331 296
365 323
410 383
453 439
485 476
512 514
560 590
589 633
621 663
636 678
639 683
639 684
639 684
639 685
639 685
639 685
639 685
639 685
640 685
644 689
655 698
666 708
675 715
686 725
693 732
697 736
705 747
706 748
706 749
706 749
704 749
687 733
652 706
634 691
579 637
500 566
470 533
398 440
347 382
302 310
286 280
248 230
216 180
182 147
168 133
149 114
130 95
122 89
114 87
104 88
83 108
68 142
54 212
52 281
50 351
44 392
44 422
45 480
44 522
44 566
48 596
52 623
57 638
62 657
69 675
78 682
97 691
112 691
158 681
193 665
227 645
269 626
298 606
323 592
371 558
403 532
445 507
483 463
515 416
539 380
549 339
551 311
545 286
523 241
509 225
468 188
433 164
398 151
329 138
298 134
264 139
237 145
220 152
206 161
182 185
162 210
136 253
110 300
88 334
78 356
64 415
59 454
55 503
55 536
61 590
80 628
94 648
109 664
141 688
159 698
180 705
199 710
223 716
252 722
272 724
321 727
365 729
409 722
442 710
485 685
495 678
519 656
539 639
572 601
592 564
606 531
621 483
631 429
629 380
622 360
611 335
591 301
568 276
538 255
492 234
444 222
434 219
419 216
371 210
353 212
291 221
272 231
251 244
228 263
192 305
164 334
148 355
134 380
118 414
113 440
112 457
115 493
127 532
140 558
163 593
183 614
201 634
219 649
256 670
282 685
317 695
362 702
389 701
453 698
494 680
511 669
547 642
568 617
588 592
595 570
607 534
614 512
623 470
626 447
626 424
619 397
614 375
610 358
609 344
606 327
606 321
611 302
614 285
614 271
607 250
604 235
605 222
607 214
616 199
632 185
656 174
673 169
696 163
709 158
714 154
719 151
723 147
727 144
729 138
727 132
703 118
674 112
632 109
602 108
561 113
518 114
467 115
426 118
378 125
335 129
291 135
258 143
236 150
213 164
204 169
195 182
178 212
173 233
180 260
199 287
226 319
250 337
284 363
302 377
330 399
364 430
394 460
413 481
432 502
443 519
458 542
467 557
474 567
482 577
490 585
495 594
499 598
500 600
500 600
500 600
500 600
500 600
500 600
500 600
500 600
500 600
