371 225
371 225
371 225
371 225
366 225
307 231
251 244
238 249
228 255
211 265
201 274
193 286
175 308
169 325
162 357
160 387
163 422
167 446
173 469
189 496
221 522
284 571
303 587
331 594
383 600
414 599
429 593
469 571
480 565
497 552
523 535
537 524
553 508
566 488
574 466
578 451
584 429
584 409
575 373
567 350
553 330
538 309
525 294
512 283
482 266
449 253
411 246
379 242
355 246
337 251
324 257
300 279
284 296
268 324
263 341
259 353
252 371
250 385
249 405
246 419
245 430
244 448
245 465
250 476
253 482
259 499
267 513
274 524
280 534
289 548
298 561
317 580
331 590
363 605
409 612
501 621
521 620
539 615
566 610
580 597
584 586
589 567
595 547
601 526
603 516
595 506
583 500
577 498
564 496
554 494
553 493
550 489
546 479
539 464
535 448
535 435
539 424
544 409
551 391
556 371
558 361
562 341
564 325
568 310
566 295
555 282
546 274
539 264
532 259
520 251
506 242
496 237
479 232
438 218
431 215
418 213
406 208
399 205
382 200
366 194
345 189
325 184
287 175
273 172
244 165
234 164
221 163
210 163
200 167
193 172
184 179
168 191
158 202
141 222
126 240
115 259
102 277
95 289
87 307
79 325
74 334
72 347
68 363
64 385
60 403
55 423
50 442
46 466
42 482
41 499
40 522
38 538
37 554
35 574
32 590
29 607
27 628
26 635
26 650
27 660
28 664
32 667
35 668
47 666
72 662
92 657
104 654
134 652
152 652
176 651
210 645
230 640
288 634
326 635
355 637
378 634
417 626
457 618
503 606
516 603
539 595
552 588
563 578
567 575
571 570
575 567
576 557
575 553
572 552
547 545
500 543
479 543
468 543
428 540
385 537
341 531
302 524
286 517
262 501
244 472
250 452
274 430
302 410
343 383
363 370
399 351
436 338
448 334
461 325
484 305
498 286
504 266
504 253
504 238
504 238
504 238
504 237
502 237
502 236
499 236
498 236
488 241
466 246
458 247
457 247
435 244
396 241
355 244
347 244
329 244
281 233
271 221
266 203
261 187
260 167
264 151
281 140
304 136
385 132
435 130
482 144
504 152
519 159
536 180
544 194
551 216
567 246
572 261
578 301
588 365
594 410
598 448
599 477
599 508
601 570
597 604
590 640
596 682
599 694
610 724
625 741
630 745
631 745
639 736
662 710
678 682
685 650
692 627
703 600
709 570
710 533
712 508
715 443
710 403
695 356
679 321
666 297
649 277
619 249
578 211
567 205
546 192
538 185
534 183
501 182
479 183
473 188
470 197
456 236
450 266
451 285
460 323
467 356
470 381
477 411
484 448
489 474
493 489
495 503
495 527
497 552
496 569
490 596
481 612
470 624
453 636
426 645
412 648
382 649
348 635
343 631
333 621
308 595
285 569
273 551
266 535
261 521
255 502
250 490
246 478
246 464
246 436
250 426
257 411
270 401
282 400
290 399
305 399
317 399
327 399
343 404
395 434
415 447
422 449
430 449
440 443
456 433
496 408
529 392
560 372
571 363
579 342
594 311
604 283
601 265
584 253
554 256
494 280
459 299
455 303
453 320
457 350
457 375
420 405
360 424
277 415
212 372
151 300
126 244
109 205
109 199
111 199
117 202
133 215
162 236
216 268
245 298
258 329
252 360
232 392
217 420
211 456
217 500
221 523
222 569
215 589
206 623
206 640
205 646
209 647
215 626
204 554
198 501
198 445
203 428
203 428
216 454
222 467
232 457
285 436
310 438
380 463
484 476
502 423
473 382
463 385
442 410
417 412
365 384
325 360
324 360
318 391
312 421
299 414
271 391
245 394
210 417
157 456
118 501
111 520
106 538
100 565
100 586
104 601
110 615
120 628
143 634
179 632
183 634
187 659
184 690
165 690
140 680
140 680
164 690
189 741
189 759
218 782
261 773
351 740
367 731
376 711
378 709
395 699
395 640
319 514
307 505
307 505
299 498
277 443
251 381
251 380
251 380
253 348
258 302
262 298
271 302
305 285
333 255
338 254
355 262
396 255
431 237
444 235
458 250
475 263
478 261
479 258
449 269
407 317
403 359
394 367
348 337
316 310
313 311
313 325
308 338
294 337
289 334
296 349
308 362
337 365
407 342
445 335
446 338
446 346
444 349
442 350
440 350
438 350
435 350
432 350
422 350
420 350
420 350
420 350
417 350
408 351
396 351
393 351
388 354
384 358
382 358
379 358
372 358
368 354
356 335
343 320
327 321
321 344
326 379
329 389
333 396
339 403
345 408
349 410
353 410
366 406
370 404
370 404
370 404
370 404
370 404
370 404
370 404
370 404
370 408
369 460
375 492
388 505
403 503
420 482
425 451
419 419
415 408
412 403
410 378
408 362
408 360
410 357
428 341
454 289
457 250
458 234
459 205
457 192
460 185
509 209
563 244
586 279
592 331
589 389
584 444
578 476
559 504
552 525
552 548
559 572
581 599
610 617
621 622
621 623
630 624
632 623
628 613
595 583
541 558
530 557
523 560
462 582
419 601
407 614
398 615
351 603
312 586
308 583
304 581
304 581
304 581
304 581
303 581
302 581
302 581
308 581
339 581
351 578
367 560
379 536
382 527
383 523
383 520
377 499
371 475
352 449
337 439
330 437
327 439
320 452
317 459
317 461
317 462
317 465
317 471
317 472
317 472
317 472
317 472
317 472
317 472
317 472
336 471
516 385
533 322
515 280
496 258
470 240
450 238
443 236
427 216
373 164
332 137
284 112
234 98
195 95
165 97
156 116
170 164
203 208
280 253
340 297
358 336
354 402
341 441
313 469
296 481
294 481
