105 51
105 51
105 51
105 51
105 51
105 51
105 54
106 105
106 158
106 215
106 240
106 252
106 252
107 250
125 217
146 164
156 122
173 98
178 94
178 94
179 106
180 168
183 199
197 213
203 209
229 178
250 145
256 126
262 117
264 117
269 125
292 175
310 216
311 218
313 217
322 170
317 133
313 122
312 121
311 124
314 167
344 222
357 242
359 248
359 248
363 236
363 221
363 190
342 149
320 136
308 133
288 133
269 143
244 161
219 181
209 197
204 207
186 223
172 227
148 227
105 213
105 205
109 166
110 135
112 132
147 125
179 129
220 144
257 151
261 131
263 111
251 94
187 79
162 79
132 82
115 87
103 98
105 113
115 126
133 149
156 176
159 185
160 201
150 218
120 238
84 240
58 234
47 227
47 213
50 203
67 192
116 184
178 183
232 183
262 180
280 180
286 179
300 176
315 170
318 169
321 166
324 163
324 162
319 162
297 157
230 139
178 124
131 109
129 108
129 108
136 106
156 103
206 104
221 102
223 98
219 95
187 89
159 84
132 79
115 76
110 74
110 74
121 69
154 67
211 67
251 67
262 67
265 67
266 67
266 67
265 67
264 66
207 57
164 53
132 55
100 59
76 63
72 69
72 84
80 102
98 118
120 146
123 164
103 192
83 210
70 217
67 220
72 225
86 233
126 248
150 257
191 265
200 265
231 262
264 259
305 252
317 251
332 246
336 239
341 223
343 213
342 179
342 171
345 160
346 147
350 138
353 130
354 126
354 123
354 120
355 116
355 110
355 99
355 88
355 77
354 68
343 65
317 65
271 85
249 99
221 119
188 134
190 137
217 149
256 175
257 187
256 192
253 196
248 201
243 207
239 213
233 217
218 223
203 225
191 225
157 221
132 213
84 206
73 199
70 185
61 147
62 138
66 130
79 126
97 125
130 147
177 175
220 202
234 221
246 232
268 239
270 239
292 220
311 191
314 164
317 148
315 132
310 112
306 105
286 99
267 97
230 99
176 107
161 116
155 127
150 134
148 135
147 140
148 152
171 176
195 195
232 219
242 227
243 230
228 235
205 240
203 242
205 245
227 247
274 243
294 236
322 226
334 223
337 219
349 204
353 197
354 194
353 181
333 163
310 155
297 155
268 155
238 159
219 161
183 157
172 154
160 152
136 148
115 141
109 128
100 116
98 107
102 93
107 88
116 85
135 98
145 110
148 115
160 121
205 138
242 149
268 155
282 161
286 169
298 185
316 202
319 208
324 212
327 215
328 220
320 225
248 232
190 234
172 235
169 237
159 240
152 247
148 252
140 256
116 256
97 245
90 232
85 215
83 198
84 193
93 192
115 192
153 196
195 196
245 196
285 202
292 202
316 199
342 195
343 195
345 190
347 180
346 178
342 174
320 169
280 163
248 158
214 154
179 148
169 146
163 144
142 139
132 139
127 138
123 136
122 135
119 133
117 132
114 129
114 129
114 129
131 129
161 131
188 136
208 142
225 143
238 144
243 144
252 144
258 144
267 144
284 144
290 144
291 144
291 144
292 144
292 144
292 144
292 144
