218 174
218 174
218 174
239 187
296 194
350 184
390 175
392 174
392 174
392 174
363 192
306 233
296 257
293 275
301 295
327 316
373 345
406 371
406 393
378 404
318 426
292 448
287 464
294 485
305 503
329 529
344 538
374 558
396 579
404 594
409 612
416 633
438 651
468 663
494 662
559 656
587 645
586 575
582 519
581 466
576 396
562 371
543 323
523 297
508 285
457 262
379 281
358 305
362 320
383 353
428 390
444 412
442 434
415 465
399 489
408 524
438 581
447 616
440 643
421 669
371 696
250 691
193 682
152 664
128 652
107 621
90 547
80 516
75 469
67 423
64 385
66 354
72 326
74 325
74 325
170 342
271 367
281 386
252 414
190 475
180 494
202 518
246 549
250 557
244 574
222 599
209 606
198 597
181 552
190 476
220 461
311 450
359 447
372 447
376 446
377 430
357 399
355 397
346 406
339 471
373 539
415 567
458 578
483 581
512 573
522 532
519 478
508 416
504 399
494 385
477 379
456 376
439 392
426 464
433 503
433 516
431 518
423 518
418 517
417 517
411 518
396 514
357 474
271 409
145 389
110 414
86 508
109 577
149 608
214 618
322 608
398 576
420 558
436 532
441 522
444 517
445 514
445 512
445 512
445 511
445 511
445 511
445 509
452 481
491 394
508 333
509 321
509 320
506 320
499 344
482 395
473 450
478 474
520 418
558 327
596 208
599 197
599 197
622 274
658 424
675 522
675 599
676 632
672 671
663 685
633 675
590 648
521 618
456 561
393 482
344 429
303 359
292 294
286 258
272 218
265 210
249 204
228 232
202 296
194 364
194 450
191 508
184 565
178 597
174 609
168 615
156 610
126 563
97 480
90 409
83 367
80 299
90 262
110 231
140 202
232 167
310 144
384 124
431 111
475 105
543 99
558 99
558 99
554 99
475 127
409 146
357 169
282 217
268 241
271 258
279 268
304 288
367 320
423 338
432 339
427 333
412 325
378 324
360 335
370 399
449 459
492 468
497 445
441 404
398 410
349 469
328 512
326 528
322 534
321 534
331 474
375 403
424 393
445 393
468 387
488 341
488 310
433 254
332 218
302 217
300 252
319 331
419 380
499 402
535 413
513 435
495 464
466 494
444 505
430 528
431 558
462 593
510 618
526 637
513 645
477 661
430 670
259 653
165 629
148 620
136 616
116 610
112 610
110 612
110 612
110 602
122 543
199 448
250 409
301 356
339 314
375 264
374 232
352 205
311 203
280 230
269 269
276 316
367 411
419 466
456 537
462 571
457 592
433 614
383 635
270 643
176 632
147 626
143 622
144 599
165 554
192 523
256 502
345 459
370 440
376 422
349 394
259 355
213 324
210 321
210 321
210 395
224 476
236 524
240 544
240 544
231 516
210 418
211 387
211 385
211 426
218 524
255 612
286 632
315 610
372 522
413 439
416 435
416 435
421 451
440 510
483 607
508 645
533 653
548 635
586 557
606 482
604 420
603 398
608 384
608 384
613 415
620 505
629 551
630 553
632 540
640 447
653 345
653 329
653 329
650 381
634 455
610 484
579 484
503 427
458 378
382 312
371 302
367 299
362 296
335 289
314 284
298 278
290 277
263 285
218 319
187 342
157 364
143 389
110 491
119 537
128 568
135 593
159 611
186 616
269 592
403 541
444 506
473 434
469 393
441 318
419 281
399 266
376 259
355 257
323 271
308 286
294 306
289 329
291 377
300 422
330 476
385 542
407 557
434 546
456 508
471 428
464 404
453 397
447 422
451 477
468 563
485 602
511 663
516 688
525 714
548 746
561 750
586 730
672 625
714 455
711 392
690 345
643 261
615 235
583 205
544 181
497 164
431 166
357 174
278 196
231 223
201 252
181 283
177 304
173 336
173 352
179 389
189 416
209 461
224 479
248 482
294 474
328 463
397 442
409 439
409 439
397 487
384 521
378 558
376 568
376 570
384 574
421 577
498 566
541 545
541 544
552 577
580 634
592 671
593 683
604 706
628 728
648 722
663 697
666 642
647 577
629 503
618 442
587 352
554 292
473 209
437 191
386 190
317 196
294 201
289 204
292 227
373 288
413 314
418 331
396 363
344 415
335 445
359 498
374 537
380 568
370 590
348 611
288 630
227 633
211 626
200 584
203 534
222 485
243 445
300 409
385 371
436 350
477 324
515 287
539 264
544 246
535 222
507 194
477 179
465 177
458 177
458 177
469 184
489 184
500 172
517 131
526 105
526 93
511 85
467 86
360 125
342 149
355 196
374 248
366 298
296 360
263 403
214 460
182 503
175 526
170 556
156 581
139 583
112 551
91 478
83 427
85 360
90 309
94 285
98 272
102 269
151 278
339 309
463 335
493 358
501 382
502 417
494 448
464 485
448 512
447 545
458 562
472 576
481 582
490 571
509 494
520 441
521 429
