515 104
515 104
507 104
465 125
374 139
321 162
309 176
313 192
348 221
387 252
429 285
459 318
474 346
484 363
480 380
454 405
427 426
389 463
383 483
409 536
445 568
457 581
461 584
470 582
491 548
506 482
501 420
509 335
511 284
508 267
513 241
516 236
534 255
556 293
569 332
576 372
588 438
603 470
611 499
617 529
619 541
619 564
623 581
629 604
634 623
638 637
646 654
648 656
648 656
660 631
677 591
685 505
683 443
676 413
676 369
683 334
686 297
690 255
692 213
682 181
661 159
636 145
574 131
546 128
520 136
505 156
505 192
528 245
581 336
587 381
584 416
567 439
540 479
523 519
517 558
520 596
521 610
512 625
449 647
419 654
350 652
280 624
272 618
264 600
252 555
252 531
251 484
246 447
248 412
257 358
263 305
272 254
271 245
271 235
271 235
271 235
277 239
337 275
383 320
402 342
399 356
386 372
347 399
325 426
341 461
376 503
388 530
389 542
369 552
320 566
304 575
286 594
274 613
269 634
263 657
262 675
258 688
239 705
237 713
246 722
298 723
414 717
455 719
532 718
619 710
685 685
687 664
661 623
645 608
617 586
559 555
537 546
489 537
461 532
446 531
398 531
376 536
346 541
300 547
251 554
218 559
169 549
160 527
163 496
206 454
279 430
429 402
554 374
570 365
582 321
562 265
514 225
448 204
329 213
302 245
337 303
456 411
508 473
548 540
569 596
561 656
544 688
498 729
454 747
369 759
306 742
252 708
228 687
227 676
236 658
280 637
354 623
416 614
501 587
545 576
557 570
557 570
507 548
393 525
251 496
178 493
171 493
171 493
171 493
171 493
220 492
410 502
498 487
551 474
566 464
591 444
587 433
522 401
438 374
298 321
236 299
225 294
225 293
225 293
225 293
235 327
272 458
322 585
356 687
359 713
354 758
352 766
352 767
392 677
430 520
457 440
477 372
485 342
499 320
503 311
507 310
519 318
587 388
639 456
662 475
663 475
666 433
656 369
609 302
573 279
497 256
412 251
362 258
353 260
365 282
487 376
527 431
531 456
474 493
382 524
343 535
346 560
400 615
456 665
455 687
379 710
258 721
215 726
187 728
146 728
123 735
118 738
118 738
155 738
302 734
393 723
495 684
529 632
572 579
607 521
604 456
556 363
520 321
485 291
393 254
355 244
336 245
314 270
313 305
329 352
345 371
323 387
266 406
221 437
222 456
230 510
232 548
220 563
201 575
185 590
167 606
149 611
139 593
131 493
135 424
157 331
160 295
158 281
154 275
147 268
144 265
133 268
113 306
117 390
162 435
214 466
262 492
274 500
277 504
279 521
263 544
245 565
231 599
229 621
226 638
208 657
185 667
164 669
128 662
120 624
127 600
156 575
223 540
288 525
340 515
397 490
442 446
439 384
431 349
415 319
387 300
363 291
335 293
296 329
305 378
323 419
350 482
360 518
375 549
387 600
392 654
381 685
358 711
316 717
252 704
231 676
228 652
236 635
255 620
324 588
364 572
465 537
536 499
610 448
659 401
687 365
694 313
691 275
688 253
691 229
698 211
702 194
702 191
702 191
650 247
522 369
377 474
326 513
263 560
219 593
190 620
169 642
146 662
118 688
84 717
82 718
82 718
154 661
244 585
317 507
381 444
450 370
504 312
556 262
595 218
599 195
590 176
549 160
491 153
430 154
345 152
318 143
308 138
299 137
291 143
284 168
290 200
334 287
378 367
410 426
435 473
464 516
487 558
511 605
523 626
530 639
544 656
554 663
554 664
559 656
568 583
571 489
581 421
588 352
596 302
614 259
617 250
617 249
604 243
551 240
471 242
404 253
385 284
397 320
426 352
462 391
448 418
404 442
377 456
369 481
364 531
364 553
351 584
319 620
295 630
248 636
203 611
184 541
190 496
200 433
217 399
245 366
278 327
315 292
341 256
389 201
429 166
464 136
470 125
462 116
400 103
318 107
264 108
237 108
233 108
232 108
238 135
257 177
328 280
377 365
407 408
453 480
485 526
508 574
537 617
554 644
554 647
517 660
436 675
378 680
356 680
331 679
308 678
258 671
225 663
205 639
183 598
166 542
174 502
189 463
224 423
271 399
348 373
421 346
491 317
530 287
547 245
536 211
505 177
466 150
409 137
307 125
264 124
254 124
251 133
269 172
316 217
376 272
423 320
459 362
495 409
531 466
554 510
566 549
566 587
537 640
464 689
417 712
357 729
282 735
190 738
172 716
156 644
156 578
169 534
179 510
203 476
235 448
284 425
366 388
401 371
447 344
489 326
546 298
571 252
575 223
564 208
542 191
501 178
452 184
417 193
379 210
377 233
419 279
442 302
443 320
422 347
402 365
395 381
407 407
421 426
431 459
424 486
402 507
383 530
382 543
372 560
350 566
280 553
184 469
176 436
174 371
173 328
173 293
173 246
178 215
183 194
190 171
194 153
200 140
203 140
271 177
324 213
394 280
437 336
499 426
526 471
544 528
524 587
496 628
459 648
384 672
352 677
306 678
274 675
244 654
214 611
205 583
204 561
204 546
208 527
211 518
220 501
227 492
250 472
261 465
265 464
265 464
273 458
297 448
315 440
342 430
375 420
405 415
442 405
463 396
472 389
478 376
481 362
486 346
490 337
494 325
497 317
501 313
502 309
504 305
526 287
574 262
579 259
579 259
