547 106
547 106
547 106
547 106
520 105
468 113
397 127
308 143
268 166
253 184
258 201
312 243
353 270
366 285
368 293
347 303
299 327
270 347
258 360
248 381
247 400
271 456
282 501
285 520
279 547
250 569
182 597
162 612
142 654
139 664
137 666
137 666
137 666
126 575
110 472
109 416
117 363
123 335
145 309
165 296
170 293
171 293
176 306
187 383
198 457
199 492
195 529
190 574
199 609
214 636
246 669
256 679
267 681
278 632
275 545
268 481
268 440
273 372
282 329
299 305
310 290
321 285
332 280
344 283
374 324
388 374
391 423
387 472
381 531
374 586
379 620
385 642
392 669
401 688
418 706
441 710
467 690
486 656
503 598
502 512
496 469
490 399
491 331
500 294
528 257
540 246
549 243
577 259
602 298
611 334
611 375
614 418
615 447
615 485
622 548
623 570
624 596
626 621
624 637
604 667
535 682
452 690
373 698
348 697
312 690
267 682
236 673
210 660
185 644
171 627
156 591
155 560
166 537
183 521
217 511
264 509
351 513
401 511
461 503
520 486
555 474
570 456
578 437
576 419
558 393
535 379
496 366
429 356
405 353
361 347
285 339
257 338
237 337
203 324
177 302
157 280
154 272
158 256
172 248
193 240
231 233
252 233
304 237
355 244
388 245
449 245
506 242
529 236
548 225
569 210
579 194
582 184
582 177
552 155
506 145
468 141
422 136
375 132
348 132
308 131
267 128
241 133
220 141
204 154
176 179
164 194
162 201
169 216
181 222
206 229
245 236
285 246
342 252
360 254
387 258
431 266
454 272
486 280
502 285
506 290
519 303
521 310
515 319
497 329
449 330
333 335
277 343
230 349
124 365
91 374
83 385
71 405
72 419
89 434
116 442
205 457
304 463
365 471
381 475
401 481
429 487
456 490
498 497
538 505
558 513
611 527
623 530
638 544
640 555
636 568
575 567
518 562
467 562
335 574
287 579
237 588
171 591
161 596
155 606
152 616
160 631
178 646
202 655
251 658
400 663
471 670
555 674
581 680
612 693
613 698
613 702
609 707
558 716
482 726
358 737
256 747
237 747
206 751
164 755
152 758
144 763
141 767
138 772
146 782
199 792
287 798
391 791
449 788
508 778
564 767
583 755
602 735
613 725
617 719
622 705
512 636
342 581
250 543
101 491
62 472
62 462
72 394
87 363
120 306
143 274
161 253
189 216
210 191
230 173
248 156
250 143
237 121
218 112
206 109
185 104
167 102
152 102
124 105
110 157
108 216
116 272
124 330
129 362
137 410
143 438
147 469
147 501
145 522
143 552
142 592
144 618
144 647
144 670
148 702
157 735
165 748
177 760
185 761
216 750
232 733
210 642
199 595
200 514
206 441
215 352
222 290
219 222
218 193
222 178
225 174
230 169
258 155
270 155
281 162
307 196
320 266
320 307
313 356
312 393
310 435
311 470
311 507
312 529
312 565
313 590
311 619
314 658
320 682
325 704
331 723
339 740
347 752
352 753
369 742
377 738
407 691
416 617
398 517
373 418
357 328
354 263
357 197
357 167
361 135
366 117
371 108
381 101
400 98
421 98
439 103
468 131
486 148
497 179
470 216
452 236
448 258
454 317
484 372
508 407
522 432
512 449
487 466
423 482
399 485
375 494
365 508
363 535
372 575
399 647
445 703
582 774
633 757
640 737
647 699
670 644
678 589
663 511
658 442
635 344
632 273
621 210
608 163
586 126
562 109
469 92
370 85
325 107
217 170
183 210
188 247
201 296
238 335
309 376
400 420
465 439
509 436
535 421
563 385
571 330
548 278
540 249
514 225
501 222
479 237
432 292
427 345
427 395
418 468
408 517
398 564
368 610
327 630
299 634
235 625
195 583
191 553
197 538
199 538
200 538
201 538
201 538
201 538
201 538
201 538
201 538
201 538
201 538
201 538
201 538
201 538
201 538
201 538
201 538
201 538
227 546
348 552
419 557
467 566
493 577
522 584
541 590
544 591
545 593
540 599
502 609
395 609
302 625
237 632
231 636
219 643
212 651
217 658
254 672
331 679
422 691
535 702
604 705
658 698
673 691
680 676
653 624
635 592
580 568
512 558
494 560
454 563
416 563
382 570
360 570
287 567
227 561
180 541
159 507
143 451
132 402
140 384
158 382
267 391
407 408
502 416
583 411
622 398
638 378
637 348
583 281
549 258
496 232
443 216
380 205
346 206
297 200
268 190
249 178
229 154
214 134
209 126
208 119
221 113
249 109
280 104
333 97
386 96
406 96
446 100
486 103
519 111
573 141
582 159
582 170
568 176
487 197
403 239
353 280
346 299
342 349
355 380
396 424
477 496
529 544
552 578
556 603
549 632
541 661
540 678
550 689
568 689
594 662
654 591
678 540
673 477
664 430
662 360
669 310
671 288
668 260
640 217
596 186
584 183
568 186
551 201
547 225
565 258
596 321
612 369
614 407
599 436
576 469
564 506
583 550
620 608
653 651
677 682
683 705
687 715
687 715
693 696
706 608
718 541
721 476
709 388
700 318
693 263
686 217
675 185
660 169
655 165
634 165
578 183
551 203
541 231
548 252
570 281
578 310
570 340
511 382
452 410
415 433
413 455
421 507
424 539
401 580
363 601
318 612
279 620
262 618
226 594
187 555
163 523
154 503
151 478
153 458
169 433
219 417
246 417
324 435
384 444
399 445
399 445
