393 154
393 154
387 154
340 141
280 130
265 135
290 161
327 178
386 203
397 212
339 226
287 236
267 209
220 129
219 128
237 170
321 277
370 346
340 352
321 353
309 323
317 293
389 361
436 465
397 511
343 525
327 517
344 451
362 443
396 507
399 576
353 601
332 577
324 545
326 538
326 538
277 548
241 547
216 509
199 401
223 361
230 356
230 356
209 344
140 308
119 288
130 275
140 277
217 379
257 481
264 497
273 492
293 402
311 358
338 368
373 429
401 452
423 426
475 339
507 302
518 303
529 391
542 416
564 392
610 318
618 303
576 309
437 390
351 417
339 417
330 406
330 406
322 438
292 514
278 526
223 543
180 564
183 612
204 643
322 684
540 747
627 760
637 711
633 565
607 450
510 313
455 272
419 244
367 211
320 194
290 193
275 237
268 316
275 397
308 504
352 628
375 676
388 686
421 579
461 392
481 222
475 188
474 177
452 176
333 336
182 576
143 660
132 693
132 693
132 693
195 624
425 427
489 351
490 340
433 295
344 248
234 210
205 209
214 248
289 324
482 500
615 675
623 694
623 694
610 656
580 533
550 415
525 348
511 327
493 317
475 317
422 349
352 405
317 424
320 454
366 509
498 597
548 640
545 643
472 638
357 611
301 587
292 567
330 490
412 434
477 391
501 363
506 316
487 290
417 257
351 240
280 219
272 226
267 265
297 352
354 429
343 463
304 475
253 488
201 525
169 598
183 643
226 683
288 709
379 714
562 615
580 535
588 426
591 374
565 304
541 268
501 236
452 213
428 205
366 200
325 229
305 273
319 313
410 380
436 399
443 404
444 405
444 413
450 440
500 512
544 543
619 579
589 593
555 609
536 615
534 617
534 616
574 546
600 460
616 395
621 370
619 363
619 363
650 379
726 404
715 389
596 307
556 274
552 274
545 285
547 299
547 303
551 313
571 378
591 422
596 437
604 456
613 488
617 525
614 534
625 553
646 583
647 591
630 593
613 593
607 597
607 621
609 634
606 644
597 650
578 654
563 654
481 639
456 642
412 647
343 620
279 572
258 554
243 530
227 515
224 513
219 517
199 523
191 522
182 485
167 447
166 446
146 475
130 492
130 492
130 492
125 441
123 429
122 429
109 437
107 438
127 413
192 376
238 364
258 370
277 391
292 387
364 301
400 281
439 275
460 283
514 280
555 263
617 239
625 239
625 239
625 239
577 192
535 185
470 211
419 231
411 252
432 284
465 316
470 324
460 339
436 361
434 392
450 427
462 468
459 494
457 525
480 595
508 647
517 662
516 671
495 681
438 681
367 650
303 622
298 618
321 593
356 573
404 555
424 553
427 547
411 506
373 445
326 393
322 388
302 368
274 340
268 334
268 334
263 362
258 384
258 384
214 318
209 298
215 301
229 346
232 385
232 409
232 409
232 409
220 384
215 372
215 372
226 422
239 434
282 417
333 385
351 375
355 378
374 400
396 378
415 352
419 351
435 379
462 436
468 446
471 442
505 368
527 340
530 348
547 415
557 440
566 441
606 378
606 345
605 344
605 386
597 406
583 410
480 340
390 251
361 231
355 246
319 390
293 437
293 437
278 399
241 298
237 290
235 308
215 415
205 443
192 423
156 337
142 320
142 319
118 370
77 502
81 538
91 535
175 490
276 437
301 416
304 411
305 443
307 473
343 468
437 407
464 332
464 332
468 376
479 482
484 493
494 494
525 485
532 500
524 540
460 588
387 598
336 605
327 618
324 637
341 663
389 699
457 716
603 693
637 627
621 455
585 342
524 268
482 242
443 227
348 220
269 241
249 261
264 304
379 346
423 355
418 358
391 388
350 450
345 459
347 468
371 490
400 521
392 530
356 579
349 619
372 657
384 672
398 682
413 691
438 706
510 714
580 698
620 619
619 509
600 422
563 370
504 322
479 306
411 280
358 272
330 283
349 296
423 317
504 327
504 327
486 353
455 447
493 503
525 524
533 532
529 560
518 605
513 628
532 645
592 668
603 676
593 701
596 716
608 707
727 513
739 344
708 263
696 254
645 237
598 233
561 231
554 234
554 234
563 232
568 219
483 180
433 165
430 165
430 165
430 165
364 164
299 155
292 151
320 140
327 137
327 137
289 156
220 218
214 218
204 168
205 132
205 131
185 145
107 192
90 198
80 162
76 146
76 155
74 201
79 302
97 311
148 322
332 366
370 391
385 458
351 538
307 573
257 596
208 611
185 632
189 644
220 686
256 721
326 739
427 719
585 673
649 616
663 563
651 446
628 384
589 340
488 267
416 246
407 244
403 243
403 243
403 243
403 243
403 243
