331 591
328 591
306 586
249 561
219 539
211 474
214 406
216 379
228 359
252 348
279 341
301 335
335 335
380 344
393 351
414 378
436 426
451 480
446 526
418 567
391 587
370 608
352 638
351 659
365 683
408 704
459 708
507 708
539 688
552 657
566 611
567 577
559 542
554 524
530 503
509 491
491 486
444 478
431 474
413 469
345 454
320 450
317 452
302 455
268 443
250 415
244 384
239 348
240 315
245 297
258 279
270 275
292 275
321 281
395 305
442 319
502 337
566 361
580 377
584 395
581 424
562 452
521 483
474 500
437 504
412 505
382 497
368 487
361 479
346 469
333 464
327 466
304 472
294 484
276 526
261 566
273 600
292 618
321 630
380 636
421 633
439 621
454 602
472 581
481 565
485 536
477 509
457 484
415 451
373 426
356 422
327 422
278 419
261 419
241 426
223 438
207 453
202 468
198 487
197 511
203 528
210 544
221 563
227 570
237 579
258 591
296 604
333 604
360 585
365 573
377 550
381 538
377 515
351 495
324 490
297 487
281 489
253 496
236 508
219 522
208 539
207 548
209 573
214 591
228 613
249 636
276 655
335 667
389 665
404 657
416 636
420 621
423 599
419 583
409 559
393 542
345 524
303 519
269 521
250 525
223 528
198 527
184 524
175 512
173 485
191 457
213 430
234 407
266 386
311 361
351 343
372 337
398 329
416 325
475 321
485 320
494 321
527 353
532 372
521 401
493 452
485 485
474 549
469 591
469 632
475 665
477 684
485 707
489 714
503 710
530 700
574 681
598 657
616 626
636 586
640 571
638 538
628 510
609 475
596 456
580 434
567 425
522 415
427 400
368 389
342 386
326 386
309 391
284 412
252 463
225 521
205 564
187 608
175 659
166 672
136 699
119 713
105 721
95 726
90 727
79 706
81 639
96 592
112 533
138 493
168 452
184 425
213 367
226 300
225 268
219 246
212 240
160 201
42 141
19 136
12 137
4 171
7 232
27 293
42 351
51 399
62 442
77 483
94 529
99 550
102 564
104 573
108 587
114 603
121 617
137 633
162 654
208 675
268 698
354 720
429 726
432 723
438 710
464 659
482 598
486 523
491 475
498 418
502 355
508 300
513 264
522 219
530 197
539 175
547 158
558 142
574 129
581 125
593 126
605 130
627 152
638 176
653 232
666 284
677 323
688 367
700 430
718 485
739 531
751 576
755 602
759 639
759 666
757 689
751 702
742 709
731 713
700 713
658 696
637 682
616 667
569 641
543 619
535 607
507 578
486 553
448 511
398 465
324 393
288 357
245 311
223 284
191 231
173 211
159 192
136 169
111 144
97 131
89 121
83 110
86 100
104 93
126 85
161 77
189 72
241 64
268 59
315 48
363 39
396 31
424 29
467 23
484 25
509 33
518 41
522 59
522 75
504 95
490 113
455 148
434 170
408 196
385 222
362 252
337 293
312 336
284 378
253 417
209 483
191 514
165 563
149 604
135 647
127 677
125 696
126 715
130 720
137 722
161 724
205 724
264 721
296 719
368 725
407 726
452 728
500 736
535 740
563 739
595 734
623 732
664 730
686 726
688 715
677 668
670 645
651 615
622 584
578 555
556 537
535 516
495 477
463 447
434 419
402 377
367 334
323 280
302 256
275 224
245 195
217 159
210 151
209 148
220 137
235 120
267 96
295 83
327 68
357 61
384 55
402 51
435 49
459 54
477 58
494 64
500 78
498 94
490 111
468 139
438 173
385 221
358 247
332 295
309 339
287 378
261 423
242 458
222 497
197 549
187 581
185 609
195 640
216 662
243 674
305 686
380 690
455 696
502 699
572 709
599 713
622 719
651 727
686 733
687 734
687 734
693 713
691 697
682 672
655 623
642 599
633 579
620 548
617 522
622 475
622 452
626 422
627 396
629 362
634 324
650 304
658 297
662 296
671 303
691 336
709 379
723 424
731 459
738 499
742 544
742 584
743 618
740 647
731 674
703 690
672 693
638 690
613 681
533 629
483 588
425 515
406 475
381 421
375 398
374 374
374 347
388 295
402 266
414 252
445 243
467 244
472 247
474 256
475 281
473 341
476 371
479 405
479 450
479 483
483 536
487 575
495 630
501 666
501 686
479 712
424 735
368 750
337 755
319 755
283 742
195 685
175 664
168 637
176 615
201 584
229 564
256 548
283 540
341 529
383 516
431 490
446 477
461 450
472 417
474 385
463 359
443 326
427 305
362 266
305 244
223 218
187 210
156 215
144 226
139 238
156 292
199 348
228 386
278 449
309 494
342 540
362 578
377 628
377 664
362 694
331 722
283 732
217 729
148 706
121 688
116 649
120 625
140 592
168 577
210 560
238 554
241 554
254 547
296 515
344 472
399 429
446 388
462 348
471 317
473 312
473 312
474 312
499 381
513 437
517 501
514 535
513 572
509 609
500 622
482 636
431 649
335 645
309 639
301 614
303 558
305 463
292 425
274 403
265 401
235 410
168 441
99 464
93 465
93 465
93 465
93 480
98 511
102 596
100 644
105 674
131 713
163 733
194 730
230 701
284 621
321 549
329 520
347 480
355 469
359 469
367 480
379 516
391 553
401 589
428 626
441 638
450 641
486 621
517 571
525 513
535 452
545 401
554 332
559 303
569 262
584 241
589 230
593 225
593 225
593 225
608 234
647 282
668 355
671 404
669 456
676 510
673 553
652 584
630 587
615 586
557 536
505 496
472 472
433 444
363 393
320 365
305 358
285 352
270 347
267 346
267 346
