305 208
305 208
305 208
305 208
305 208
305 208
301 225
297 244
295 296
296 324
296 340
302 371
306 406
301 476
294 527
290 567
290 590
288 614
288 638
304 669
312 676
332 689
349 698
367 705
378 710
394 713
406 713
412 711
425 706
451 698
468 692
484 686
498 681
511 673
524 664
536 650
548 635
553 625
560 607
566 588
572 573
578 559
581 542
587 524
592 508
598 489
604 466
611 444
617 424
622 401
625 387
630 370
635 347
637 329
637 315
632 288
632 272
633 259
634 243
635 238
635 237
635 237
635 237
615 399
612 450
612 478
615 494
616 539
615 575
612 591
606 618
605 638
603 670
599 691
596 704
595 709
595 709
595 709
594 709
587 660
564 546
555 489
537 445
528 435
519 429
517 428
517 428
522 428
543 414
544 408
538 406
520 410
516 413
530 416
548 423
538 430
518 437
515 439
537 445
544 447
530 451
519 455
533 457
538 459
538 462
518 489
520 499
540 504
541 504
523 513
504 532
510 545
528 554
529 559
518 570
471 602
417 627
339 645
265 633
175 584
156 565
154 551
158 508
169 450
190 421
209 393
227 376
260 346
287 324
307 308
327 286
344 268
367 241
374 228
385 212
395 195
409 179
423 166
432 160
440 156
441 156
441 156
442 156
444 156
455 158
482 169
504 188
511 200
508 210
495 217
464 221
445 208
442 178
469 151
483 149
505 164
505 183
499 186
495 182
492 167
495 166
501 189
495 199
489 184
496 172
508 171
513 180
507 192
502 193
500 183
506 177
512 186
499 195
466 179
451 164
432 151
375 144
328 141
241 139
193 141
151 162
107 187
90 201
138 227
161 237
152 241
119 247
112 249
111 246
124 258
141 313
123 311
107 301
110 299
132 308
124 338
104 350
100 326
107 321
121 337
129 376
127 400
119 406
123 407
137 417
152 447
140 466
132 473
131 476
144 488
165 512
170 528
165 536
165 540
195 547
212 553
211 561
205 581
213 586
262 586
275 591
256 607
250 622
255 629
269 641
273 651
272 657
286 660
355 668
397 674
393 681
398 688
428 686
498 671
499 670
499 670
505 669
709 527
741 524
742 539
742 540
732 505
710 383
710 377
708 374
690 321
673 255
675 245
683 242
692 239
706 209
695 160
693 152
693 152
692 146
684 115
677 100
676 100
676 100
662 90
614 50
613 49
613 49
610 51
593 50
538 23
521 26
514 39
491 47
474 46
453 43
437 54
419 70
402 74
384 65
373 54
363 58
352 73
331 87
317 78
296 55
290 51
286 55
274 72
259 78
227 58
220 54
212 67
203 85
196 99
192 105
192 132
195 139
195 140
195 140
170 135
167 134
155 144
122 188
114 210
117 216
121 219
141 211
231 173
288 158
288 158
275 166
237 196
211 213
195 228
199 231
230 227
267 213
301 205
304 205
302 212
293 235
292 240
310 238
374 228
427 222
430 223
426 243
422 253
426 254
499 226
554 214
562 215
561 233
578 257
592 264
622 245
632 242
635 245
641 259
645 261
663 243
683 227
684 228
686 251
685 276
678 306
674 312
668 313
646 299
619 291
541 284
451 283
358 307
340 312
322 323
308 332
301 339
302 360
312 377
325 386
342 391
355 389
369 376
378 353
366 327
357 320
343 318
313 324
299 330
293 333
291 337
297 343
329 341
398 335
467 335
533 344
534 344
534 344
520 341
493 335
484 335
471 348
466 370
495 389
554 389
574 376
576 354
572 331
558 327
517 326
485 328
485 328
485 333
490 356
485 401
449 438
402 459
393 453
398 446
402 435
404 426
404 426
404 426
395 470
386 496
386 499
391 501
430 504
435 504
435 504
426 504
390 514
371 525
357 530
344 534
333 539
323 539
318 539
318 540
321 551
334 567
350 580
362 585
374 587
383 587
404 585
418 584
446 580
456 577
458 577
461 577
462 577
462 577
462 577
462 576
462 576
462 576
462 576
450 568
382 530
319 495
281 462
281 462
281 487
278 538
270 546
256 540
219 509
208 493
208 493
203 518
202 527
202 527
251 439
277 428
285 458
290 479
296 477
355 401
387 375
389 374
399 384
418 398
439 372
467 305
486 249
505 231
515 229
539 243
580 276
597 287
611 284
631 251
643 235
652 220
655 214
657 199
657 194
657 194
657 194
661 208
676 271
682 350
684 383
683 404
676 429
657 457
644 473
637 478
622 484
550 488
489 468
462 446
437 420
388 380
352 349
336 331
332 310
338 289
350 270
360 245
363 222
357 212
303 203
223 204
222 204
222 204
238 210
323 224
357 230
358 239
338 269
247 338
180 372
150 400
148 407
161 418
212 438
241 456
235 474
198 509
153 554
120 585
97 602
94 605
94 609
103 615
158 609
261 558
344 496
410 421
451 352
492 262
527 188
532 155
532 151
532 149
535 146
537 146
539 146
