288 341
288 341
288 341
297 350
335 372
405 381
497 375
507 364
509 317
469 246
453 228
442 223
390 223
299 231
179 267
152 293
144 320
181 360
262 396
358 446
386 473
385 500
347 530
281 559
213 590
198 615
238 645
354 691
494 681
577 649
644 563
636 446
614 371
579 291
535 237
481 206
402 183
340 176
278 207
258 252
254 314
303 381
375 430
426 467
428 494
382 534
326 569
316 580
323 598
361 640
383 672
386 680
348 687
284 684
238 651
237 637
250 621
332 586
419 556
499 526
577 484
606 441
618 382
613 316
589 268
521 209
490 196
473 197
419 222
418 249
471 306
502 351
504 397
487 430
459 489
470 525
515 580
545 610
552 614
563 591
588 478
611 381
629 335
633 315
635 323
647 386
671 464
676 479
676 479
673 416
674 328
679 308
680 306
680 306
679 376
668 469
662 500
656 508
634 484
520 371
396 311
377 301
363 298
344 314
303 384
286 422
284 430
283 432
272 419
202 341
185 328
185 328
173 358
144 439
129 477
127 481
116 458
89 377
78 337
76 335
76 335
64 399
62 459
62 460
57 409
23 292
19 278
19 278
28 337
36 395
47 439
105 446
177 397
212 337
237 318
240 317
259 362
307 446
324 471
346 440
394 353
421 321
429 315
458 349
548 426
590 440
623 383
634 316
610 257
543 208
466 183
341 167
254 178
219 207
180 259
177 302
217 354
289 413
350 465
371 499
387 548
383 569
359 591
306 605
249 608
209 599
200 591
203 590
227 592
404 610
496 592
530 536
552 438
542 372
499 280
480 254
456 220
418 190
361 181
305 173
250 166
194 163
173 162
157 176
164 242
232 384
346 527
491 686
533 729
567 777
567 777
567 777
567 777
659 731
682 663
680 511
680 436
686 351
671 258
667 228
654 201
640 181
633 175
632 175
595 233
539 295
397 404
275 509
214 601
195 635
193 658
229 677
324 659
398 639
519 616
581 593
591 552
596 528
560 467
452 385
325 271
266 203
257 188
253 186
251 192
264 238
310 330
366 447
386 526
369 597
318 643
240 664
150 684
117 687
101 667
107 615
180 577
263 555
400 531
462 499
532 462
572 416
605 337
609 318
594 274
554 227
496 192
446 176
337 159
284 165
271 177
255 221
270 286
309 380
328 413
422 497
485 548
518 588
531 617
521 639
482 661
368 671
266 642
240 624
219 568
234 533
314 516
487 488
537 477
585 437
600 359
585 307
488 238
437 223
404 231
388 252
403 297
477 406
517 461
541 507
542 567
525 594
406 627
276 624
227 610
213 596
212 592
234 587
299 580
361 572
396 537
435 494
493 431
532 358
551 308
529 262
524 258
520 258
454 280
345 342
318 401
321 483
358 532
397 563
415 586
416 619
381 655
328 683
269 699
219 697
215 692
235 649
310 568
392 498
487 396
538 322
557 297
558 290
558 276
558 269
559 255
559 254
559 254
559 254
559 254
559 254
526 235
418 194
322 170
274 152
234 147
232 154
245 198
266 249
300 313
350 417
373 479
414 546
434 581
440 598
443 611
441 625
395 635
301 641
203 628
175 613
173 599
200 561
308 475
492 397
529 354
551 307
556 283
553 273
538 249
513 231
497 218
439 193
437 192
434 190
423 183
422 183
422 183
422 183
420 184
417 189
416 190
416 190
416 190
416 190
