117 79
117 79
118 80
118 90
118 133
118 175
118 201
118 208
118 208
124 187
130 151
133 130
139 111
141 108
141 108
142 108
156 152
165 204
166 217
167 226
167 226
171 226
182 200
189 181
194 161
200 136
208 114
216 100
220 96
246 108
282 128
302 151
305 179
281 236
239 263
183 276
113 264
89 250
77 226
80 183
88 165
126 133
171 113
203 106
226 104
239 100
248 94
252 90
253 87
246 80
227 76
164 85
142 102
137 135
145 170
200 220
221 234
222 241
219 245
209 246
164 228
122 196
125 183
152 171
244 163
263 160
269 153
269 138
267 134
256 130
237 157
235 189
254 208
267 215
270 216
270 216
233 200
129 163
91 148
79 137
76 133
76 127
83 114
96 105
102 97
102 82
96 72
75 58
63 52
59 48
59 48
79 58
113 76
126 102
123 128
116 150
115 161
123 173
175 198
198 211
204 221
210 235
217 246
222 250
232 250
254 237
280 197
295 143
300 128
300 124
290 117
254 103
247 100
247 100
244 112
259 127
262 133
254 143
235 156
226 161
221 172
212 185
209 194
206 212
201 224
184 238
170 243
140 242
94 224
63 198
61 187
63 178
72 165
80 157
103 152
168 147
209 147
241 136
251 130
267 118
275 103
274 93
247 73
214 63
192 61
177 63
161 69
150 81
162 107
180 127
201 149
208 169
200 185
176 200
156 210
155 220
171 237
185 250
174 255
127 237
107 216
107 202
135 187
210 173
295 166
326 166
333 160
336 153
331 137
272 92
261 86
253 82
234 81
221 81
209 85
204 92
196 116
201 132
228 159
244 183
243 199
236 212
220 225
202 228
169 230
126 226
100 204
86 169
81 147
96 129
119 116
174 111
245 118
288 116
290 99
280 77
254 59
214 54
177 52
156 60
152 68
154 89
178 130
219 181
236 206
239 215
238 238
230 247
192 248
146 248
131 246
121 235
119 227
118 224
131 217
160 212
203 207
235 199
282 177
289 170
292 157
293 146
285 133
273 124
265 120
262 119
248 119
244 119
238 119
233 120
231 124
231 132
238 144
250 158
267 174
272 184
271 191
262 197
242 201
236 201
235 193
237 184
248 179
261 173
273 169
275 167
276 167
279 164
280 161
284 154
286 151
286 148
286 145
286 144
