107 79
107 79
107 79
115 86
129 93
140 105
126 122
67 145
63 145
65 146
87 154
99 182
100 213
101 223
99 229
113 238
167 241
217 232
233 219
246 186
203 127
193 126
195 132
239 164
282 171
314 178
320 181
313 190
292 209
284 225
285 237
300 254
311 256
299 262
276 268
227 267
208 264
183 261
133 237
101 210
98 195
96 182
95 179
111 174
198 163
216 164
224 164
242 157
253 148
258 132
249 109
220 96
209 93
179 89
166 90
166 98
171 117
238 185
252 209
247 224
223 233
202 238
155 246
152 246
153 247
167 257
178 277
162 280
95 278
61 258
60 242
66 205
78 185
111 167
163 163
220 172
262 178
278 177
283 163
284 133
259 105
231 88
201 85
181 84
175 91
174 103
201 129
240 160
254 181
245 186
202 196
197 200
206 210
219 220
223 231
219 233
188 235
159 234
154 234
154 234
156 241
172 252
177 259
167 261
134 263
107 263
101 264
101 264
120 264
187 260
243 262
280 254
286 235
255 195
231 181
203 172
187 172
174 172
173 172
184 172
207 173
202 165
159 153
105 154
90 158
86 165
87 177
120 212
145 224
200 243
207 246
206 246
142 243
127 243
127 243
142 244
200 239
267 236
299 230
306 224
316 219
312 214
282 206
220 211
65 219
47 219
53 218
91 213
149 207
203 196
221 184
222 176
207 166
165 149
151 145
120 138
110 135
120 128
156 120
203 115
267 109
284 101
273 83
237 74
179 72
131 73
115 75
116 78
144 102
198 128
236 146
242 157
232 176
210 188
185 205
185 210
208 230
223 241
224 250
211 262
185 266
150 267
113 257
111 234
124 211
150 192
200 184
250 189
279 193
303 185
316 170
313 134
301 115
281 92
248 78
213 72
164 69
147 73
118 85
92 110
88 128
84 145
104 180
126 203
154 227
191 252
209 266
218 274
220 277
212 282
197 282
164 279
130 273
119 266
109 253
111 242
131 235
193 226
222 218
255 208
287 199
302 186
315 168
311 146
296 127
263 100
219 79
208 79
182 81
173 86
168 101
180 129
194 145
227 177
258 204
268 221
264 240
254 250
229 260
188 262
142 257
129 253
114 246
108 239
106 235
106 231
119 227
146 221
180 216
235 204
261 197
265 193
277 179
280 172
280 154
280 139
278 132
274 118
270 108
272 94
276 73
281 66
284 60
290 47
300 43
307 40
307 40
307 40
307 41
304 46
298 52
283 63
271 74
256 88
239 105
222 120
201 138
188 147
170 161
154 176
144 186
126 203
112 217
105 227
101 231
97 234
95 236
95 236
95 236
95 236
105 239
135 242
171 247
215 248
245 243
248 240
281 228
303 221
317 219
344 216
350 213
353 210
357 202
348 198
334 193
318 185
282 178
243 172
223 164
189 152
177 149
143 140
116 134
106 127
100 119
99 116
97 113
94 108
95 105
117 99
141 95
180 94
192 93
214 92
237 92
273 87
284 86
294 84
308 83
310 83
310 83
298 87
254 99
212 120
178 135
164 140
147 150
128 167
121 180
117 190
113 201
113 207
117 213
149 228
184 239
208 250
220 258
225 263
215 269
183 272
135 271
94 264
90 259
89 254
92 242
120 234
166 219
209 213
249 206
276 201
288 198
300 190
310 173
314 151
314 121
304 86
289 69
256 54
227 48
211 46
172 42
138 39
113 41
106 45
103 53
101 63
105 83
111 93
144 122
164 138
180 147
199 155
230 179
246 192
271 215
289 235
299 251
300 263
284 273
257 278
191 285
153 282
116 276
91 271
75 265
63 261
55 252
55 247
61 243
78 238
119 238
161 234
194 230
232 224
245 222
262 215
269 213
276 210
279 209
273 206
239 201
156 197
112 195
62 186
59 184
57 182
55 180
55 179
68 176
115 174
212 165
268 159
292 152
307 147
321 139
326 134
328 131
326 127
314 123
291 117
255 110
214 110
178 105
156 104
128 99
102 96
98 96
90 96
75 95
58 92
58 92
58 92
75 92
133 94
187 98
248 100
287 99
303 96
314 92
327 88
333 86
335 86
335 86
335 86
335 86
335 86
330 86
312 87
302 90
256 103
225 108
204 111
187 113
178 118
176 124
176 124
176 128
176 128
