71 94
71 94
71 94
71 98
76 145
54 224
47 257
47 278
47 281
48 281
52 272
77 236
107 198
130 160
151 133
163 118
174 105
181 95
184 92
188 89
190 85
195 82
196 82
199 81
207 82
237 88
272 101
295 108
306 111
310 113
310 116
300 120
265 129
200 153
173 167
175 177
190 191
235 218
261 232
291 257
309 271
319 277
326 279
356 272
362 250
374 190
378 151
374 125
374 111
366 100
362 96
360 93
358 93
346 100
315 110
248 130
210 146
151 158
104 164
89 168
39 175
15 176
15 176
8 166
12 147
18 120
30 96
45 73
48 59
51 50
54 45
89 61
182 135
260 201
312 252
338 273
341 274
341 274
338 272
325 258
295 230
259 191
196 142
162 121
151 111
151 110
151 110
151 110
151 110
151 110
151 110
150 110
146 125
129 175
121 217
117 224
117 224
117 225
116 226
122 222
175 200
226 172
245 133
247 124
249 118
249 115
249 115
249 115
249 115
235 112
216 111
165 109
142 109
128 111
126 112
126 113
123 121
121 132
125 146
129 164
135 179
139 189
141 195
146 202
151 206
158 207
191 204
260 189
286 176
292 160
287 134
276 122
258 110
214 97
199 95
186 98
169 103
153 114
147 128
147 136
153 148
166 160
171 164
174 167
176 169
183 170
198 169
206 165
210 162
217 157
224 141
222 132
220 131
216 128
214 127
208 127
205 128
201 129
198 130
194 132
192 134
189 137
187 139
186 143
185 147
185 149
185 152
187 154
188 154
190 156
193 157
195 157
200 157
202 157
202 157
204 157
204 157
205 157
205 156
205 155
206 154
206 154
207 153
207 151
207 151
207 150
207 150
207 150
207 150
207 150
207 150
