77 71
77 71
77 71
77 71
73 104
65 168
62 198
62 199
62 186
76 125
86 98
91 86
91 86
96 106
106 174
110 204
111 210
111 210
132 147
141 130
147 115
149 114
151 135
157 187
167 221
170 226
170 226
193 181
222 127
225 118
225 117
227 125
233 174
240 197
242 199
246 193
274 131
287 107
292 102
292 102
304 151
314 204
319 224
320 225
323 196
326 165
326 138
326 134
326 137
327 174
334 218
338 237
338 257
335 262
330 263
277 251
237 241
221 236
211 233
168 224
162 222
156 221
141 217
138 217
137 217
137 217
137 217
137 217
137 217
124 216
114 214
108 212
108 212
108 211
116 206
145 201
203 195
240 195
267 195
279 193
288 191
289 191
289 191
289 191
251 193
180 189
122 186
116 184
108 183
108 183
108 183
115 181
175 179
213 176
229 173
258 166
266 164
278 162
291 157
300 153
304 150
307 143
310 133
309 128
298 124
268 121
240 120
223 118
191 117
171 116
166 113
155 111
133 106
124 104
115 103
91 103
82 103
79 106
74 112
71 122
68 145
68 160
78 191
78 200
73 217
70 222
69 224
69 224
92 201
116 191
145 190
155 197
161 208
163 221
165 228
175 229
229 213
262 200
271 175
268 140
265 127
242 105
226 96
223 96
218 105
217 132
236 151
263 167
286 180
293 189
295 200
286 219
265 231
193 242
108 234
104 228
86 196
74 175
87 160
100 153
142 146
191 143
216 143
249 138
267 131
278 120
280 100
273 83
258 67
255 65
254 64
254 64
265 72
286 84
301 98
315 117
317 133
317 151
319 160
319 174
320 202
324 212
330 224
340 237
342 241
342 243
333 248
306 254
266 256
245 257
236 258
210 256
204 256
193 255
176 256
164 259
154 260
135 261
122 261
98 259
86 259
76 258
62 252
59 249
60 243
65 223
70 190
71 177
67 141
66 123
63 102
59 65
57 56
57 53
57 50
57 50
57 50
87 70
114 87
121 91
124 94
125 107
120 129
116 148
116 162
135 177
150 185
155 195
146 211
131 225
116 235
109 241
100 242
85 233
90 211
101 197
108 191
146 181
175 177
219 176
264 173
295 173
310 173
318 168
324 154
322 137
304 116
294 112
276 112
249 118
242 127
240 143
263 170
287 189
295 202
291 210
250 230
211 238
160 242
144 244
125 243
84 225
76 200
76 186
84 171
128 152
145 141
189 138
214 142
241 147
253 141
250 124
236 106
230 102
201 94
200 94
199 101
202 116
219 136
233 150
254 179
259 187
255 200
245 207
211 214
170 217
163 216
160 212
158 205
167 196
196 191
215 186
250 181
266 175
270 168
273 159
276 143
280 134
284 123
288 110
294 95
298 84
305 72
316 62
319 57
323 50
328 40
330 37
334 32
338 31
340 31
344 36
347 43
351 59
350 72
347 82
344 93
346 104
353 122
364 141
368 156
372 181
374 194
371 211
355 227
348 235
345 238
343 245
336 263
326 273
322 275
303 277
275 274
265 268
244 258
214 248
206 241
188 229
165 217
165 216
153 209
134 198
133 197
122 191
65 166
57 163
52 159
41 151
41 151
41 151
39 143
39 141
44 130
61 115
82 107
107 102
146 96
169 94
197 90
240 87
263 85
277 80
317 74
330 71
338 67
351 62
353 61
353 61
353 61
351 69
346 85
338 103
333 125
333 140
339 163
344 182
347 192
350 207
350 217
350 226
350 227
348 229
324 225
307 219
290 211
272 200
259 194
251 191
240 188
224 187
205 185
202 185
192 183
186 183
182 182
166 179
162 178
160 177
138 167
125 157
119 145
119 141
124 136
146 125
180 112
214 105
259 104
269 104
272 103
275 101
276 96
268 93
231 85
202 80
200 80
197 92
197 114
200 127
202 146
200 156
187 166
184 171
183 187
196 206
206 223
208 228
194 233
165 228
152 217
150 210
165 190
193 184
227 179
241 176
252 172
274 159
279 155
288 144
297 130
298 126
300 122
302 121
302 121
302 121
302 121
