458 354
458 354
458 354
458 354
459 354
483 382
506 412
514 431
518 443
522 461
522 480
519 502
515 521
509 534
492 551
462 558
398 547
369 536
355 510
344 493
319 463
298 442
282 417
277 399
270 376
267 363
267 349
272 336
283 327
291 324
302 323
316 326
327 329
332 331
347 338
359 340
371 345
382 351
398 371
427 406
436 426
438 444
430 466
413 482
390 500
374 507
358 513
349 515
339 517
331 517
325 517
322 516
319 513
311 503
308 493
303 469
301 457
300 436
306 401
321 377
333 361
346 351
366 343
383 339
396 338
430 347
458 359
468 364
476 373
483 394
484 410
484 419
482 433
477 454
471 470
454 490
439 510
426 521
412 528
389 535
376 538
369 538
357 533
351 530
336 520
318 498
310 463
308 429
315 384
323 355
328 341
351 318
364 312
382 310
414 320
445 331
461 342
480 358
497 378
502 400
503 420
499 435
494 458
479 495
453 521
407 545
369 564
354 570
347 571
331 570
293 562
272 557
266 546
258 513
257 477
268 441
275 395
290 366
312 346
335 336
359 330
380 332
423 351
464 375
487 404
501 435
504 451
504 479
497 521
483 540
461 560
436 580
412 590
372 594
347 592
322 588
301 570
263 489
269 443
287 387
299 359
331 332
369 327
398 337
475 390
491 407
503 445
505 475
502 515
488 544
464 561
410 572
381 573
357 550
337 521
330 470
340 420
364 387
385 371
398 367
439 387
468 427
456 487
428 513
405 517
360 514
294 437
302 382
370 321
412 320
445 403
448 466
408 537
353 535
292 475
277 418
303 348
347 311
377 305
423 331
476 405
485 469
452 534
407 553
353 552
260 424
269 366
290 332
309 319
348 316
395 322
453 352
499 403
507 433
496 498
446 578
425 597
341 618
284 589
251 545
239 493
247 432
282 374
320 340
340 332
383 324
435 333
454 349
506 409
535 454
555 512
549 536
522 591
489 620
424 633
362 629
316 612
275 574
213 509
189 444
182 378
184 357
197 337
231 294
257 268
284 255
297 254
329 267
372 290
412 312
432 327
452 355
457 369
456 389
448 420
430 447
390 478
347 494
321 496
305 496
290 496
265 499
247 508
217 538
206 557
208 575
219 590
233 597
258 602
273 606
325 612
349 614
379 617
403 621
434 617
451 615
467 610
487 604
506 598
524 585
545 559
561 527
574 499
581 475
591 446
595 433
605 414
621 379
631 357
638 333
643 316
649 300
652 288
654 272
653 254
651 248
651 247
649 247
618 268
584 291
558 312
520 357
485 385
461 404
429 437
419 447
387 472
356 495
332 520
301 548
282 575
259 603
249 618
242 627
233 636
223 649
223 652
227 654
238 658
255 659
305 657
348 650
377 642
398 634
413 625
442 616
457 611
477 607
486 605
491 603
506 597
514 593
527 578
542 562
549 553
556 545
560 533
576 512
589 498
599 483
608 466
612 454
614 449
614 448
613 447
601 449
585 455
570 461
556 466
523 472
490 477
473 481
456 481
421 481
410 480
392 478
376 479
360 479
357 479
345 481
338 481
333 481
327 481
306 475
302 474
296 470
289 464
284 460
280 457
279 455
279 455
279 455
279 455
279 455
277 450
276 439
276 434
276 429
277 423
280 418
281 416
282 411
284 407
286 400
288 393
290 383
292 374
293 367
293 362
293 357
293 355
295 350
296 344
297 338
300 332
302 328
303 323
308 319
310 315
313 311
317 307
321 303
327 297
336 293
340 288
345 284
350 282
367 275
370 272
378 271
385 271
390 269
402 267
411 266
415 264
419 263
432 260
446 259
456 258
465 257
470 255
477 254
487 251
491 251
497 249
504 245
512 243
518 242
528 241
536 241
541 240
552 239
556 237
561 235
565 233
571 232
574 232
578 232
581 233
588 237
603 249
616 262
620 268
625 277
630 289
633 298
636 304
638 309
641 315
642 320
642 325
643 330
643 334
644 340
644 350
644 356
644 360
644 366
643 379
642 383
641 387
641 394
639 397
638 403
637 418
640 427
642 441
642 453
642 469
642 479
642 483
642 487
640 496
638 517
638 532
641 553
646 567
649 574
650 578
654 583
659 589
664 602
668 613
672 620
672 620
672 620
