312 66
312 66
311 66
290 63
253 60
222 60
186 59
168 59
153 61
130 68
124 71
120 83
120 94
127 107
150 132
164 143
176 151
194 168
196 172
202 181
210 199
204 206
200 210
196 217
171 230
153 234
109 241
93 242
93 242
85 232
82 222
85 215
98 211
120 210
146 216
182 238
206 249
211 250
248 244
273 230
281 219
298 200
295 184
286 165
281 149
272 136
264 127
255 124
237 120
224 119
214 123
200 137
198 145
200 156
205 172
207 188
203 207
189 224
179 228
160 233
145 233
129 233
117 227
112 225
95 217
89 211
85 205
80 196
76 179
75 175
75 164
79 150
83 134
88 118
89 108
89 103
87 83
87 77
87 72
90 71
99 71
136 72
156 75
185 78
195 80
211 86
249 102
260 105
266 105
278 100
290 91
295 78
296 72
296 66
281 48
263 44
252 43
215 38
180 36
159 40
152 43
138 49
120 63
115 74
109 91
107 104
111 126
122 143
148 161
180 182
210 202
228 214
243 226
259 240
267 250
271 253
275 257
275 257
276 255
281 240
283 214
285 196
293 165
298 145
304 130
306 111
306 107
307 104
307 99
307 99
307 99
307 99
307 99
307 99
307 99
307 99
