414 229
414 229
414 229
414 229
426 229
491 229
512 225
513 225
513 225
474 249
389 304
329 367
321 393
342 415
405 452
434 467
434 474
400 504
343 531
293 554
282 570
281 588
295 606
320 626
345 636
349 640
351 649
347 669
346 683
351 690
369 692
436 686
465 669
469 650
479 623
494 599
507 556
502 507
499 494
499 492
499 492
499 503
504 543
511 593
518 638
529 675
537 702
549 713
552 715
575 702
607 629
605 569
611 518
627 467
648 396
659 340
668 315
671 303
671 303
671 303
670 311
662 359
668 417
675 448
676 456
666 466
606 464
469 390
411 339
363 304
339 291
331 292
298 312
277 337
259 367
247 384
224 413
221 445
234 489
235 499
212 522
171 536
155 552
152 559
142 589
126 624
108 654
99 675
94 683
94 683
106 674
184 627
241 576
277 540
323 493
349 471
383 436
417 399
464 359
487 340
505 325
518 315
527 307
532 295
534 288
515 258
424 220
317 191
263 176
247 175
214 189
191 214
186 240
215 274
275 343
328 397
358 434
377 467
393 497
406 522
410 538
401 571
380 606
335 623
278 626
163 607
139 587
114 527
105 481
120 459
153 445
245 437
303 424
316 414
342 388
344 371
328 340
297 319
220 307
184 319
172 381
222 480
277 545
278 550
267 571
243 584
237 587
222 573
217 544
225 513
243 485
276 461
292 451
303 441
325 421
348 405
356 394
358 385
358 376
358 376
364 403
373 421
402 469
404 478
400 485
394 495
384 511
383 514
383 514
383 514
383 514
382 514
381 512
381 512
381 512
380 511
380 511
380 511
381 520
394 560
409 611
412 613
412 613
412 613
427 532
435 451
436 417
436 406
436 405
436 405
421 443
388 493
363 509
341 507
306 498
283 470
278 430
279 401
283 387
297 365
316 344
335 339
380 339
427 336
476 317
490 296
495 269
475 237
423 208
339 191
301 194
263 232
250 276
277 339
300 358
355 406
396 440
413 464
413 468
406 481
400 488
397 491
379 497
324 502
239 520
202 541
221 588
292 609
366 566
417 487
426 429
417 402
390 387
340 383
331 388
323 420
324 463
354 522
384 540
442 543
534 522
593 497
622 462
651 414
658 390
659 352
651 309
641 272
635 258
622 252
549 243
437 241
295 223
236 209
163 195
142 192
138 188
134 183
132 173
148 168
211 158
276 144
346 127
447 122
518 126
533 128
545 134
557 150
562 180
550 199
465 266
391 316
357 354
337 402
336 421
354 449
384 479
398 496
399 509
372 526
286 554
232 566
178 590
163 607
169 623
201 632
274 638
360 638
427 637
492 642
525 642
568 636
606 599
620 560
632 446
629 385
606 308
589 255
587 215
589 204
592 201
600 202
616 222
625 248
645 305
656 373
659 441
660 488
675 540
689 593
694 635
689 671
667 695
616 717
527 727
451 716
385 689
314 661
278 639
224 580
200 508
188 465
163 396
156 372
148 363
142 365
128 392
124 435
124 484
120 540
119 597
122 635
128 663
137 681
158 694
208 682
270 644
313 599
354 510
361 441
375 377
408 296
431 260
453 231
466 214
471 210
478 214
494 228
520 266
537 340
536 427
543 490
551 530
560 569
566 608
572 634
576 649
576 653
570 657
494 647
363 604
317 586
277 567
241 541
224 493
219 471
215 438
234 397
271 368
338 334
422 264
445 218
447 167
438 143
422 124
398 108
373 103
279 101
253 103
233 117
196 149
179 168
177 194
196 244
235 300
266 337
290 376
293 415
290 460
272 505
237 534
223 540
220 543
220 543
220 543
220 543
294 520
370 494
397 474
427 435
459 411
490 383
525 349
567 309
581 289
585 276
586 267
560 245
458 223
338 219
249 231
157 240
106 260
83 289
80 318
95 342
168 379
240 397
301 417
319 431
330 453
319 482
276 522
261 542
237 585
234 600
235 609
275 616
366 565
444 489
440 404
409 366
369 348
337 347
291 386
267 427
251 498
254 561
262 598
268 627
271 654
270 672
268 676
267 676
267 676
266 678
266 678
266 678
266 678
283 670
316 670
339 696
349 715
350 724
350 736
347 754
347 757
348 759
368 735
384 654
395 569
400 516
406 480
410 446
410 403
404 383
400 378
385 364
351 347
304 336
271 333
166 347
129 369
98 434
95 465
118 539
140 560
223 567
388 532
481 264
429 179
365 149
227 157
94 152
62 155
62 155
62 155
85 176
151 201
256 237
365 264
395 279
412 292
416 308
382 327
265 351
178 382
165 399
174 421
231 453
314 482
360 504
365 518
343 542
282 576
218 608
145 645
142 650
152 656
206 655
324 651
486 665
589 678
713 679
741 673
738 655
710 587
656 466
608 391
581 341
548 278
536 260
514 229
499 200
494 184
485 168
480 163
480 163
480 163
480 163
480 163
480 163
501 156
572 143
606 130
625 123
625 126
616 175
594 241
593 302
631 334
648 350
644 369
595 399
518 436
482 465
487 485
542 530
598 562
605 585
517 619
457 628
396 615
316 574
271 513
258 434
271 396
285 373
303 356
354 339
427 312
436 301
439 279
417 237
364 184
300 169
249 168
238 173
238 183
265 223
342 290
416 349
440 379
483 454
497 495
480 528
428 548
339 560
266 557
221 529
205 496
213 474
249 417
274 394
347 368
415 362
450 357
472 349
497 333
521 308
541 274
544 270
545 269
545 269
545 269
545 269
545 269
545 269
545 269
