175 238
175 238
175 238
175 238
175 238
175 238
175 238
175 238
175 238
175 238
175 238
175 238
175 238
175 238
175 238
172 248
167 279
166 361
173 417
189 460
202 506
207 527
214 551
224 570
238 576
284 565
317 555
320 553
336 532
345 516
359 493
368 478
368 478
368 478
384 490
423 525
427 530
435 539
443 550
446 552
452 554
464 541
469 514
473 491
476 472
474 445
468 432
457 417
439 401
420 389
397 378
379 373
355 366
330 362
313 362
286 365
265 371
243 377
224 387
210 404
205 423
205 436
206 473
230 539
246 566
270 597
295 623
324 648
385 666
451 671
537 657
574 635
607 582
627 540
641 495
643 448
639 404
628 369
614 336
594 308
563 277
527 251
488 227
442 212
382 203
319 202
289 208
247 217
219 225
194 242
163 269
145 280
130 292
106 325
82 381
79 408
84 428
101 458
119 480
131 490
194 515
233 532
288 535
308 534
333 530
355 528
377 519
412 506
461 501
489 489
500 479
515 463
524 447
528 430
528 415
520 384
497 349
475 327
454 313
430 300
400 291
365 286
341 281
310 276
293 271
270 273
244 287
195 312
165 336
159 341
140 371
128 391
111 421
105 450
104 479
104 496
109 513
117 536
125 555
138 574
168 609
187 626
207 640
221 648
239 660
259 670
281 675
312 676
329 676
342 674
362 669
402 658
436 647
470 631
492 626
516 620
527 613
541 599
558 584
574 565
588 544
593 527
599 508
606 482
608 465
604 441
600 422
595 407
591 393
587 384
579 367
575 364
559 350
539 332
520 317
498 304
473 297
457 292
433 286
409 281
393 281
338 287
320 289
304 293
268 306
257 311
250 316
226 334
213 349
200 366
191 380
184 401
176 426
172 444
169 472
172 497
175 512
180 527
188 544
193 556
209 575
227 593
238 605
255 620
272 629
284 633
297 638
319 644
338 648
352 649
368 649
383 649
411 649
423 649
435 649
458 646
476 643
490 639
499 638
526 635
535 635
548 632
563 627
575 621
585 617
601 607
609 602
628 586
642 573
650 563
660 547
674 527
684 511
688 498
696 474
700 454
703 428
701 406
694 381
690 363
686 350
677 331
667 317
651 297
619 268
595 246
573 231
542 218
519 212
491 206
470 201
427 199
390 199
337 203
275 206
208 216
191 220
169 233
148 246
131 265
113 287
98 307
76 337
59 365
50 384
39 434
32 486
33 517
38 542
55 573
72 591
98 615
115 630
138 648
154 659
178 670
214 681
247 685
278 682
295 680
326 677
345 672
391 664
427 655
445 651
476 645
515 637
547 623
566 612
579 601
606 576
624 557
648 534
657 521
670 502
688 466
700 441
708 409
711 392
717 372
721 354
725 337
726 311
722 294
707 267
690 244
675 225
661 211
641 192
625 178
598 159
585 150
562 133
533 116
497 106
468 100
436 94
391 94
373 96
356 100
299 125
234 155
180 189
161 204
117 242
83 286
64 313
45 350
31 386
27 407
24 426
23 442
24 466
29 496
37 519
45 537
54 553
71 573
82 585
105 608
122 622
135 634
158 651
169 657
193 663
210 669
224 671
243 674
269 678
291 679
336 679
349 678
359 675
380 671
401 670
451 665
499 649
556 624
610 591
623 574
638 552
663 515
671 497
673 487
674 483
677 478
680 472
681 469
682 468
682 468
686 466
712 432
735 392
744 368
748 353
753 334
758 309
764 283
766 264
766 248
760 211
755 194
750 177
741 158
735 145
725 129
712 117
666 83
639 69
613 56
572 39
542 31
505 24
448 20
401 22
356 28
329 33
305 39
288 46
263 62
247 79
224 103
192 136
172 161
139 196
115 233
98 266
93 286
90 306
87 327
88 361
89 391
88 429
94 468
98 484
105 505
114 522
122 538
137 560
151 575
174 596
190 605
207 614
232 625
257 631
276 635
305 634
344 626
392 619
410 611
451 590
470 573
486 548
505 520
510 505
513 478
511 466
511 465
511 465
