157 132
157 132
157 132
166 132
242 127
300 124
335 123
358 129
376 138
386 146
391 164
380 179
323 205
271 250
263 275
265 296
279 316
302 335
320 359
326 390
325 410
293 462
258 510
246 540
249 581
269 603
301 613
367 605
453 559
510 447
504 313
493 238
486 202
480 172
475 165
463 172
445 206
451 252
493 316
524 368
535 457
513 525
501 574
500 617
507 638
532 662
569 665
604 644
629 602
643 530
647 473
644 436
625 355
603 306
585 281
564 257
512 221
470 203
429 193
371 187
307 186
255 187
198 194
166 194
151 184
125 147
108 123
104 118
99 109
84 85
80 79
80 79
83 80
145 124
205 170
248 222
288 285
331 357
362 411
392 463
419 499
440 528
478 568
502 597
533 631
551 651
577 679
606 711
616 726
626 739
638 750
652 757
669 761
676 754
686 691
694 621
695 562
700 494
699 440
704 381
709 338
711 294
703 231
692 190
672 165
634 161
584 190
536 239
509 296
485 344
457 399
410 483
382 524
336 575
277 624
214 676
185 689
137 708
109 714
91 712
87 692
89 627
71 532
64 485
62 429
64 384
54 324
50 290
53 271
64 260
86 259
157 295
210 337
250 364
264 373
264 375
233 396
185 432
167 457
165 469
174 493
192 531
198 581
192 615
172 651
162 666
159 682
177 690
260 700
352 708
421 708
471 708
559 711
629 716
697 711
716 700
714 681
691 633
651 592
605 566
573 548
543 539
498 536
462 541
404 550
369 554
329 552
311 552
263 550
226 540
201 529
185 515
163 495
147 475
143 459
147 426
159 394
171 379
182 372
243 362
283 356
335 348
414 340
470 333
522 319
606 295
622 274
620 249
610 228
581 201
516 176
459 171
396 166
330 162
292 161
292 164
299 191
351 270
403 329
440 392
460 458
458 509
445 578
461 643
486 677
522 719
568 749
576 750
595 726
620 673
613 594
615 535
616 472
614 423
610 383
608 364
605 340
606 323
602 308
574 291
530 284
497 293
490 305
493 332
525 381
541 417
541 437
522 459
487 476
435 505
424 526
415 559
421 608
439 637
465 671
480 691
513 727
531 740
555 739
593 724
633 705
650 661
622 586
612 514
609 456
586 408
534 364
500 345
479 341
417 333
368 333
353 337
327 351
320 363
320 394
326 439
326 477
319 506
307 520
284 545
268 572
260 596
252 621
243 630
226 636
170 636
119 613
96 578
89 557
88 551
92 542
110 522
130 500
142 486
159 470
186 454
201 445
245 425
291 398
314 353
316 328
313 308
294 255
269 227
254 214
236 201
205 177
188 168
168 159
111 141
93 137
85 134
82 134
78 134
75 144
85 196
119 251
154 306
184 347
223 393
267 434
308 463
344 486
369 506
389 525
429 553
463 581
496 601
532 625
563 649
607 680
628 695
647 709
675 731
694 752
699 755
701 746
701 688
696 618
681 521
676 472
678 427
673 380
668 342
663 307
653 267
628 215
610 186
593 167
542 147
493 144
457 150
405 166
383 183
399 226
427 277
449 311
461 336
461 356
443 372
380 382
344 395
326 414
304 446
298 475
309 520
325 567
329 605
324 622
263 622
202 605
142 564
111 475
111 443
111 389
114 343
139 305
159 270
166 239
170 188
159 148
132 123
117 114
117 114
117 114
117 114
117 114
214 165
275 203
313 242
321 258
314 284
284 319
265 338
250 359
235 399
235 418
242 450
247 484
250 523
243 563
237 585
227 608
223 619
241 624
326 609
379 595
451 561
492 537
522 510
534 456
541 429
533 381
514 338
504 303
491 282
435 240
337 181
272 153
197 142
149 142
157 170
176 242
243 323
284 368
265 423
214 456
164 489
163 513
181 541
240 581
344 598
388 587
442 559
471 502
467 454
435 393
401 348
379 327
348 313
328 323
296 355
258 437
286 478
347 488
393 471
412 414
399 335
382 291
382 289
382 289
394 301
460 344
479 347
490 329
471 290
427 269
382 262
356 273
352 320
377 388
398 438
398 463
380 488
336 512
283 552
266 618
266 673
271 695
276 712
236 708
139 644
121 550
135 482
154 438
177 415
223 378
288 361
370 347
443 324
482 290
477 228
420 178
353 139
309 122
279 121
247 147
230 181
240 215
277 260
329 303
346 330
309 356
259 389
234 437
248 488
277 516
348 541
406 545
443 505
444 466
441 432
443 422
448 412
455 400
467 389
479 380
482 378
