591 314
591 314
591 314
591 314
591 314
591 314
591 314
553 313
500 313
477 316
445 322
427 324
389 330
349 334
332 335
320 336
318 336
318 336
318 336
318 336
318 336
318 336
318 337
324 339
356 341
384 338
409 334
428 331
446 330
456 329
476 326
480 325
496 324
510 323
524 322
537 322
553 323
568 325
583 328
586 328
587 328
587 328
587 328
586 328
565 324
531 322
494 317
459 318
448 318
420 320
401 323
387 324
366 328
351 330
314 330
280 326
202 322
171 322
162 322
148 326
137 330
133 335
128 344
126 349
127 354
131 358
139 370
146 385
155 406
163 428
167 440
180 463
198 484
207 495
219 511
225 520
235 528
244 534
261 543
278 553
311 565
328 569
339 572
353 577
364 581
383 587
403 594
420 599
435 604
453 609
469 611
482 613
507 616
521 620
535 622
561 623
576 620
590 610
597 603
605 599
628 584
645 579
662 566
663 545
659 524
643 495
630 482
624 477
614 472
610 471
599 468
580 463
564 461
539 455
518 450
487 443
472 441
430 436
408 436
401 436
388 435
371 431
345 420
327 412
301 392
291 381
274 363
260 346
249 319
243 300
243 293
243 288
247 284
254 278
266 272
287 266
306 261
364 248
385 243
420 233
445 227
460 224
479 217
497 210
516 203
531 198
545 193
558 185
573 172
585 153
586 150
585 142
581 133
571 118
558 109
546 101
537 97
509 89
489 83
460 72
436 69
413 69
388 70
376 71
349 79
329 84
318 88
301 101
279 124
264 146
248 174
239 202
217 239
200 263
187 306
178 341
167 373
160 407
154 443
147 484
142 516
137 562
134 596
132 619
131 638
131 652
132 661
135 664
141 669
155 667
195 649
237 619
254 603
276 583
292 569
305 564
319 558
336 552
352 543
373 532
403 518
420 507
444 493
459 485
483 468
495 463
504 460
506 460
509 473
510 498
506 543
504 570
502 586
498 601
492 628
485 653
483 669
483 690
487 708
496 723
507 728
523 728
552 722
576 700
619 639
650 581
663 533
684 465
687 403
687 364
683 320
677 298
665 279
653 269
640 263
607 246
565 230
534 224
498 222
437 220
390 219
369 220
342 231
330 237
300 257
290 270
285 287
294 312
308 327
328 346
367 374
392 395
418 421
463 466
489 489
503 498
517 498
531 484
534 432
531 370
528 334
534 314
539 299
539 294
533 291
497 289
400 289
342 304
285 322
229 344
194 356
170 368
162 374
158 378
154 389
150 403
150 405
155 408
165 413
183 430
205 444
251 472
272 490
295 519
298 552
284 579
255 608
204 634
168 641
143 644
92 643
84 643
84 643
84 643
90 655
127 694
142 707
162 722
199 741
225 746
319 747
365 740
397 724
419 699
443 626
467 575
478 535
453 494
403 455
339 423
300 401
268 379
248 357
240 314
242 273
242 246
239 215
234 191
227 171
222 164
210 148
180 120
162 106
142 94
126 87
114 84
108 84
92 92
75 112
68 138
66 180
71 223
80 269
92 313
96 325
96 325
96 325
142 283
219 235
275 204
331 176
387 150
429 135
447 130
460 128
471 134
492 152
516 172
529 186
556 217
563 225
574 242
584 264
588 289
581 310
571 326
562 347
566 375
602 427
623 478
634 515
625 539
601 566
567 595
530 618
519 643
541 677
584 721
609 752
617 771
621 776
638 774
684 727
712 614
710 541
687 434
683 396
683 372
674 326
660 295
654 280
647 257
640 245
627 237
570 230
494 237
456 242
413 253
362 263
295 293
266 315
244 346
235 376
243 408
259 440
283 461
333 487
393 508
433 518
434 518
432 523
402 541
327 577
268 594
252 599
249 601
248 604
267 615
316 630
403 648
485 634
509 616
534 585
567 535
589 485
593 459
593 439
596 428
606 406
640 359
672 328
701 287
711 256
722 214
724 197
714 177
701 161
689 148
671 142
587 142
503 142
381 161
298 179
272 184
266 186
261 187
251 191
228 216
191 259
170 296
170 317
193 345
279 375
345 379
379 385
388 388
389 388
389 388
