197 143
197 143
197 143
197 145
203 164
231 206
325 338
391 439
454 513
476 540
515 584
551 627
568 647
593 670
607 684
622 690
627 692
634 674
636 569
629 494
633 450
635 429
637 413
631 373
629 355
621 288
616 273
609 259
583 241
525 226
465 222
388 230
331 239
268 250
230 264
213 276
200 291
193 303
190 316
202 330
255 359
315 373
387 396
448 408
500 424
535 438
558 447
593 466
628 487
629 489
625 491
543 499
451 511
361 539
288 567
228 589
188 607
146 627
121 639
114 645
108 656
107 668
115 681
131 688
161 698
191 713
222 718
257 721
294 726
354 735
378 738
424 745
457 750
528 753
578 754
607 749
639 734
670 712
688 691
702 664
707 650
706 629
694 609
669 587
643 572
620 564
592 556
565 548
531 541
510 537
486 530
463 526
410 522
386 520
365 519
323 518
296 517
258 513
229 506
203 498
164 481
139 460
129 450
111 428
87 393
86 383
89 360
94 348
98 344
114 337
139 330
174 323
204 319
226 319
293 316
330 310
362 305
386 301
397 298
449 290
503 291
573 284
601 280
639 269
656 256
680 231
694 214
694 208
689 192
671 177
659 172
612 162
567 157
497 154
476 154
436 157
401 157
350 161
323 160
291 159
250 158
229 159
188 166
152 175
134 183
111 206
105 223
104 245
108 266
112 272
117 277
147 287
171 292
212 300
236 306
248 308
258 310
278 310
312 309
339 309
383 310
401 311
436 310
472 311
538 322
556 326
595 343
632 366
656 390
667 404
667 417
660 426
627 431
585 438
556 439
532 439
510 442
478 448
467 450
441 453
404 453
382 454
356 454
339 454
306 459
253 465
225 465
198 465
167 465
158 466
143 474
126 487
122 495
119 506
119 519
123 528
132 534
139 540
149 544
173 552
192 557
205 557
238 559
257 559
274 559
290 561
303 563
323 563
336 562
362 557
376 555
399 553
427 553
439 552
462 552
472 556
485 560
501 563
515 565
540 567
556 567
570 567
585 567
607 567
626 570
647 575
655 580
665 586
679 604
686 615
688 620
683 625
668 631
652 634
625 640
603 645
588 649
567 653
558 654
537 657
525 657
507 656
482 654
464 652
439 649
420 647
398 642
379 637
361 634
344 634
328 634
301 635
277 637
250 637
225 637
197 639
170 641
154 641
140 639
133 638
131 638
131 638
135 638
155 644
181 650
204 652
220 654
266 662
306 667
329 669
347 672
366 674
403 681
454 685
532 691
546 691
596 691
605 691
608 691
618 691
624 689
656 689
682 689
686 689
702 694
704 696
704 698
704 702
704 708
704 716
703 720
697 727
689 732
682 736
651 739
627 739
609 739
581 740
556 742
537 744
514 746
490 746
471 746
452 748
426 749
394 750
376 754
358 755
323 757
276 759
216 752
182 748
153 747
112 736
77 714
76 704
81 697
87 687
103 666
110 660
124 646
142 631
156 616
183 565
213 530
242 497
267 458
289 431
328 391
354 359
388 318
409 293
444 258
472 227
488 214
504 196
531 173
545 159
561 148
574 145
577 145
587 156
598 194
607 244
613 300
621 336
628 381
631 398
638 446
644 492
654 538
662 575
668 597
675 632
677 655
679 679
682 690
684 699
680 703
662 701
620 691
581 681
556 669
539 658
519 643
482 614
458 593
436 569
416 550
377 508
358 482
331 451
305 417
277 380
255 354
227 314
212 290
194 265
171 235
148 210
132 189
124 181
115 178
89 175
77 175
72 182
60 214
44 287
43 355
36 417
26 480
30 552
30 610
24 641
24 665
25 685
31 704
37 719
42 726
52 738
67 749
79 755
87 760
109 761
134 751
153 744
172 736
194 730
223 727
256 723
274 722
298 719
347 708
394 701
443 695
528 697
552 698
573 692
609 683
619 672
630 630
624 582
618 549
606 499
589 471
579 456
548 426
526 408
503 385
481 370
439 347
424 340
398 324
364 313
346 311
334 313
312 322
283 360
257 420
245 476
239 505
229 548
216 589
212 608
212 620
215 629
220 633
236 638
250 637
297 605
338 564
357 539
386 503
413 477
443 449
474 422
522 377
552 346
563 331
571 317
582 290
590 272
606 253
617 236
624 217
617 204
579 185
545 175
488 171
446 173
409 174
354 167
312 162
292 157
255 153
225 148
200 142
183 138
160 133
142 132
120 128
106 124
88 120
79 118
74 117
74 117
74 117
81 124
147 174
184 208
227 246
283 298
303 324
338 366
377 411
408 446
464 499
486 523
498 536
498 536
498 536
498 536
