226 116
226 116
226 116
226 116
226 119
222 125
219 130
214 136
195 153
178 178
148 229
131 261
115 286
106 295
106 296
106 296
143 271
196 245
265 238
310 236
313 236
309 240
276 258
201 289
173 312
171 319
194 321
243 337
241 355
185 426
99 519
59 554
56 556
56 556
80 549
356 494
508 452
449 421
395 395
327 351
319 351
319 351
280 459
271 580
261 629
242 685
240 692
239 695
239 695
291 603
296 449
280 332
275 300
286 280
316 269
398 271
450 268
453 268
431 291
377 363
343 432
345 460
365 485
374 500
372 511
364 527
362 543
375 563
379 575
363 592
316 613
281 624
246 625
221 614
203 589
197 561
196 550
198 549
227 561
280 599
321 623
365 651
431 691
467 716
492 732
538 751
560 757
580 761
608 760
673 747
680 743
697 610
674 492
600 372
578 325
544 270
522 242
506 228
495 223
474 212
461 208
433 202
369 202
366 202
386 197
419 186
449 178
494 177
557 180
595 184
598 189
597 199
574 225
500 279
478 290
463 296
461 297
449 298
428 298
426 297
426 297
426 297
432 292
434 291
434 291
420 291
404 294
403 295
430 294
491 282
597 262
649 257
650 257
649 257
609 275
530 302
410 342
391 350
388 351
388 351
388 351
463 361
502 370
505 374
506 377
499 386
451 407
412 426
386 446
378 455
378 455
385 457
419 457
438 458
443 461
429 484
390 501
349 519
301 539
284 542
275 545
254 552
252 554
251 555
265 560
349 563
387 568
446 576
481 590
557 606
560 606
565 605
567 605
567 604
541 559
483 449
474 363
455 272
457 226
454 198
447 174
443 162
440 158
435 148
434 147
434 147
433 149
422 213
416 298
419 364
422 393
421 436
418 465
413 482
414 507
416 531
416 546
416 551
416 557
418 568
418 586
422 600
424 609
424 614
424 618
424 622
424 624
424 626
424 631
424 635
424 638
422 643
420 647
419 651
415 655
408 659
402 661
380 662
351 657
339 653
314 642
277 631
258 619
250 611
224 587
211 569
186 522
173 501
170 485
164 446
168 432
172 424
183 416
186 415
193 414
214 406
221 404
297 389
322 384
356 380
394 371
399 368
438 351
453 344
477 320
484 306
489 293
500 268
501 255
496 232
489 218
471 211
442 205
400 203
352 203
322 208
303 214
297 216
289 219
283 221
272 222
255 224
234 224
224 224
222 224
211 224
208 224
203 224
199 224
196 223
187 218
183 215
181 212
177 205
175 202
172 194
172 192
171 187
171 185
171 183
171 178
171 177
171 177
171 177
171 177
171 177
172 177
174 177
175 177
178 177
239 175
286 168
312 164
313 164
300 154
282 140
280 136
280 135
280 135
280 137
284 207
307 330
317 394
315 436
307 460
303 473
298 491
295 504
294 511
289 525
280 555
266 587
260 595
257 598
252 599
231 584
179 517
175 503
170 478
165 437
165 420
167 411
191 400
281 377
359 345
367 330
371 297
376 242
377 206
381 191
383 189
385 193
394 268
401 333
404 343
404 343
401 313
382 218
382 191
389 150
397 130
414 113
436 103
462 102
498 119
506 138
497 181
484 225
470 268
465 289
461 300
458 303
458 303
454 303
400 281
381 267
378 263
366 254
366 253
380 246
418 238
444 239
450 247
434 261
398 283
395 290
394 298
404 311
416 320
417 325
389 349
322 378
281 393
257 403
254 404
251 406
250 406
250 406
232 407
193 409
140 418
114 425
107 425
102 425
87 426
87 427
87 427
86 427
86 427
86 427
86 427
86 427
86 427
