84 79
84 79
84 79
84 79
84 79
84 79
88 78
104 77
117 76
132 73
162 71
192 70
210 70
225 70
229 70
231 70
231 70
231 71
230 75
222 84
217 94
209 106
206 116
206 124
223 150
240 170
253 185
257 196
258 206
251 220
241 223
217 229
196 232
181 233
167 224
160 208
157 195
162 181
171 177
187 177
219 181
250 178
258 165
259 145
250 128
231 110
214 105
201 104
186 106
178 115
174 132
178 152
188 175
193 190
192 200
174 212
138 217
96 219
80 216
60 195
52 172
55 147
59 130
63 123
74 131
90 169
91 199
91 205
93 209
110 212
168 204
205 184
214 170
220 153
224 147
227 143
233 140
246 131
262 119
282 101
290 94
311 80
320 73
322 68
325 65
326 58
322 53
317 51
309 51
293 57
270 76
255 87
230 106
210 120
196 127
183 136
171 147
156 157
140 167
123 181
103 198
85 216
70 225
58 229
42 228
35 215
34 194
41 161
44 139
46 110
50 95
54 83
59 68
64 58
67 55
70 53
77 57
128 94
165 128
189 147
210 165
224 180
244 200
257 213
277 231
283 236
288 240
294 244
308 250
314 252
323 256
329 256
333 253
337 247
342 235
346 224
351 209
356 194
361 175
365 164
369 155
375 137
377 131
380 118
382 104
383 92
384 90
384 90
384 90
381 91
376 93
363 98
352 102
344 107
340 109
335 114
327 117
310 126
302 130
297 133
288 139
278 147
272 153
268 156
253 161
246 165
242 167
228 172
214 178
202 182
189 187
173 192
159 198
144 205
130 210
122 214
117 217
112 218
102 221
87 224
75 225
66 226
64 226
64 226
65 226
82 221
118 206
149 187
174 169
211 150
228 145
254 138
285 122
297 113
307 103
308 102
308 102
308 102
297 110
285 121
265 135
238 150
226 155
208 166
195 173
185 179
173 186
161 191
152 195
143 199
129 205
113 210
104 213
88 214
77 208
72 201
63 175
56 157
51 132
51 115
55 106
59 105
72 110
135 158
177 203
200 229
230 255
256 275
262 277
266 278
268 263
259 220
254 180
258 148
277 109
295 80
299 69
302 65
303 64
303 64
303 64
303 64
304 64
308 68
313 77
317 88
324 101
330 117
331 121
334 126
336 130
337 135
337 138
337 139
328 140
310 139
298 139
261 144
229 153
203 165
187 171
174 177
164 185
161 191
162 201
170 209
187 224
190 228
187 232
169 235
143 235
130 232
106 210
100 198
99 185
108 178
140 173
164 170
187 164
212 153
238 135
251 126
265 118
279 107
282 100
284 96
284 92
282 90
279 87
274 85
268 85
264 86
254 97
249 109
250 122
253 137
252 154
249 162
244 169
232 181
217 186
190 190
180 194
176 201
170 210
164 227
161 234
153 246
149 249
126 261
114 264
102 265
86 264
77 259
76 254
76 250
82 246
100 237
138 210
174 185
232 142
277 117
327 86
345 66
349 61
349 61
347 64
327 82
289 108
221 162
175 201
142 226
127 236
117 243
111 247
108 250
108 250
108 250
108 250
108 250
121 241
136 228
167 209
209 185
240 161
269 139
299 119
316 109
326 99
327 99
327 99
327 99
327 99
327 99
325 99
323 100
320 102
319 103
316 106
304 115
275 136
247 163
207 204
181 230
176 238
160 245
143 251
140 251
133 243
122 215
100 166
89 135
74 95
73 81
73 78
74 76
80 77
97 84
117 99
151 126
193 155
220 177
244 200
267 219
283 234
290 239
292 241
295 245
296 246
296 246
296 246
296 246
296 246
296 246
296 246
287 239
262 224
245 219
228 215
213 213
182 207
161 201
152 199
144 199
138 199
135 199
128 195
125 190
125 188
128 185
144 181
153 180
163 180
171 182
190 185
201 187
215 187
227 188
234 188
248 188
255 185
260 181
264 176
270 171
270 169
269 166
265 162
257 160
254 159
251 159
247 159
243 164
238 173
237 181
236 187
235 190
232 195
229 200
224 203
208 206
193 206
179 204
175 201
172 197
167 185
163 172
162 160
162 151
162 147
164 142
167 139
169 137
178 133
191 129
207 127
219 128
227 132
232 136
235 139
239 148
240 154
239 161
236 165
233 169
226 172
222 172
215 174
211 174
199 174
182 172
179 172
174 175
169 178
159 184
149 189
144 196
142 199
141 202
141 205
141 210
143 216
146 221
148 224
152 228
158 232
164 236
173 239
186 242
189 242
199 242
211 242
219 242
234 242
242 239
250 235
258 231
268 225
270 222
276 218
280 215
286 210
288 207
291 202
296 197
299 193
302 188
306 178
311 169
313 160
316 148
320 141
322 135
327 130
329 123
332 118
334 114
335 111
336 109
336 107
336 107
336 107
336 107
336 107
