294 375
294 375
294 375
284 384
265 401
251 414
241 436
239 453
252 488
306 561
322 588
327 609
327 615
324 620
320 622
315 625
313 627
313 630
324 635
343 638
389 636
410 628
435 597
462 562
475 538
483 487
488 436
492 404
495 385
503 349
515 318
518 311
518 308
518 307
517 304
508 300
471 296
405 293
398 299
397 312
402 334
407 345
435 426
441 461
441 487
436 514
429 542
426 581
437 619
443 643
439 668
443 692
453 711
469 721
475 724
479 720
482 694
464 626
451 593
452 527
463 486
468 442
473 415
483 388
495 365
505 346
511 323
512 309
511 302
488 289
454 284
374 287
341 303
333 313
332 324
367 385
376 408
376 428
365 466
359 485
356 498
347 527
327 542
303 544
273 535
225 498
213 484
219 473
265 443
326 411
378 346
400 293
403 270
381 231
332 200
286 178
249 172
227 170
219 170
193 213
173 269
142 342
121 419
115 470
106 527
106 550
112 559
121 572
166 587
242 568
302 549
353 533
398 516
419 503
426 497
441 495
464 499
482 503
487 508
487 540
474 584
418 657
355 705
341 724
340 740
349 761
400 780
469 781
504 774
520 770
563 762
592 754
632 730
657 706
670 668
670 619
671 591
667 534
661 491
649 431
614 381
588 360
538 330
475 312
433 313
425 319
424 327
443 380
456 428
429 447
391 473
353 509
337 531
333 563
337 620
340 678
335 703
324 708
287 707
259 699
232 641
230 607
234 546
239 525
254 505
278 490
336 459
389 443
470 412
488 396
494 358
485 318
449 280
405 256
373 243
331 242
310 253
305 265
304 282
317 330
337 354
371 398
402 449
429 489
466 549
471 576
470 606
433 638
381 663
300 671
250 641
225 588
226 557
246 530
308 496
342 474
408 440
462 413
481 385
486 348
482 309
460 274
430 241
419 231
405 227
397 226
397 226
429 221
472 210
483 208
496 210
543 245
583 289
594 324
598 337
603 345
608 340
619 309
631 268
643 238
647 221
655 185
660 165
661 153
659 137
648 130
592 120
508 112
495 110
503 112
547 120
613 118
623 116
627 115
636 134
641 185
638 268
636 315
632 373
667 424
698 457
692 473
673 510
660 573
662 620
669 658
677 697
682 718
685 736
685 741
676 743
602 738
401 706
319 684
277 666
251 650
239 636
233 616
233 575
236 542
251 467
260 416
274 347
261 306
234 268
135 214
92 190
89 186
89 186
89 186
89 186
89 186
136 230
229 338
235 385
214 426
187 466
188 490
217 514
269 525
296 531
296 531
296 539
298 557
317 568
333 567
374 539
362 502
359 501
358 506
371 519
388 523
411 510
419 499
419 499
419 498
419 496
419 496
419 496
419 496
419 496
426 493
465 463
479 401
447 335
440 327
440 327
449 360
491 411
526 431
531 431
545 430
559 410
560 399
560 397
560 397
560 399
559 402
559 402
559 402
558 402
555 402
555 402
555 402
555 402
555 402
551 402
515 385
454 389
439 431
439 485
443 496
445 497
446 497
451 488
451 487
451 487
451 487
451 487
451 487
452 486
473 483
497 476
513 462
520 425
508 407
503 402
476 415
467 472
472 501
478 504
488 501
507 500
530 509
535 526
548 545
568 578
577 604
594 646
602 688
608 709
612 713
623 708
641 676
646 596
634 534
621 444
606 369
580 296
549 241
480 169
453 157
433 156
376 157
320 166
311 169
263 157
244 152
227 146
172 135
159 131
157 130
158 127
195 118
254 116
332 126
361 132
361 132
368 131
397 125
473 101
508 81
510 78
510 78
421 72
358 71
291 74
242 91
228 108
224 145
252 211
289 262
311 298
312 326
287 338
256 364
244 389
241 411
246 465
247 504
243 528
223 557
212 576
197 597
189 611
187 626
183 652
193 667
231 683
315 699
370 704
434 694
476 663
515 644
543 618
554 596
585 543
601 501
623 436
628 412
634 382
632 357
630 330
630 308
634 286
638 266
639 235
639 212
639 190
635 173
628 165
597 152
563 148
532 154
517 158
484 181
452 207
400 254
376 290
373 320
377 340
396 378
432 435
470 497
486 518
507 550
521 571
537 587
563 614
587 642
614 671
640 697
657 714
670 735
675 739
677 741
679 741
686 695
694 648
699 589
704 529
705 495
710 454
713 422
716 393
714 368
714 346
713 311
707 283
699 234
694 212
682 194
652 178
621 173
582 182
511 212
486 232
478 247
471 271
469 298
469 314
463 330
448 344
427 359
404 376
381 393
348 416
297 441
278 454
272 459
266 465
264 467
262 469
261 473
261 477
262 479
262 479
264 483
265 489
260 500
251 504
245 511
241 522
236 534
234 545
234 550
233 557
233 562
236 570
243 585
262 607
278 621
329 638
365 646
387 651
408 655
413 656
420 659
436 661
451 661
463 660
466 658
474 652
485 643
491 638
496 633
507 630
530 628
542 624
546 614
555 583
559 551
563 505
565 422
561 372
558 330
560 302
568 275
569 273
569 273
568 270
563 263
538 241
512 231
506 227
503 227
457 234
428 240
396 256
377 281
359 319
357 343
361 379
355 410
340 437
324 464
302 497
298 506
282 526
260 554
250 576
246 590
219 624
192 638
175 645
151 656
148 659
152 665
160 669
200 674
231 678
291 681
322 686
340 691
359 696
374 701
393 707
433 715
454 719
488 726
519 732
538 732
575 732
604 732
630 732
651 723
654 715
653 701
642 684
626 672
603 658
573 644
536 633
532 629
485 605
467 594
463 591
430 555
412 533
389 507
348 465
341 451
334 430
326 381
323 358
323 324
325 303
333 278
346 252
364 237
398 225
432 220
478 208
530 203
546 204
555 204
558 204
559 204
561 204
561 204
561 204
561 204
561 204
561 204
