122 91
122 91
122 91
122 91
143 87
173 87
239 87
281 87
305 84
316 81
316 81
316 81
316 81
315 81
270 79
189 88
148 97
100 113
89 118
79 124
79 128
94 136
135 144
218 158
255 173
259 177
260 183
244 192
184 212
133 218
96 229
78 234
73 238
70 243
69 247
85 252
161 263
207 272
220 276
250 282
263 282
273 280
293 275
324 269
334 261
340 243
343 202
341 166
331 134
327 106
326 94
323 85
326 82
330 81
355 105
369 114
374 137
372 154
353 178
338 194
337 207
349 219
356 225
360 232
361 240
358 244
357 248
357 253
356 257
346 258
304 257
257 248
207 224
201 209
195 198
168 173
156 162
145 154
133 138
135 117
136 101
140 86
141 85
137 85
121 85
105 86
92 93
90 102
114 132
130 153
138 167
135 177
122 186
118 194
117 206
117 221
113 227
99 228
85 218
85 203
91 193
106 180
119 179
126 179
137 191
146 199
154 206
166 212
190 214
228 209
243 200
249 174
249 152
243 139
235 135
232 135
232 145
252 170
284 190
303 202
311 207
316 212
316 217
319 219
321 219
321 219
322 222
314 233
282 251
248 257
232 253
215 247
202 241
188 226
185 217
184 213
186 206
190 201
195 196
206 193
214 193
221 196
230 208
230 219
227 223
208 229
187 234
165 236
150 233
115 218
106 214
101 210
90 194
84 177
84 163
81 147
78 139
77 138
77 138
75 138
69 143
65 149
63 154
68 167
71 172
79 177
97 179
103 178
118 173
127 169
129 168
146 161
162 157
173 152
184 148
200 142
203 139
208 132
222 123
228 119
228 115
225 112
203 110
197 110
190 111
195 119
202 126
216 137
223 142
226 147
228 155
218 174
185 198
174 204
166 204
131 202
124 197
111 183
94 171
90 165
78 149
73 145
73 139
73 125
73 116
73 111
77 99
78 86
75 78
67 70
50 58
28 54
25 54
20 63
20 75
32 92
44 106
65 114
83 118
101 123
136 130
163 135
181 141
211 148
237 156
261 162
271 165
278 170
296 181
304 186
309 191
311 202
314 222
311 236
301 245
279 251
253 253
222 252
209 250
170 250
144 252
124 249
110 245
106 242
89 237
77 234
75 232
73 227
76 215
88 200
96 193
117 185
132 181
143 177
165 171
181 162
194 151
227 125
239 114
250 103
262 91
274 76
285 69
299 61
314 52
326 48
332 47
342 48
345 51
348 57
350 74
351 92
353 100
357 120
362 135
367 148
372 164
376 179
376 185
375 185
368 182
340 157
325 145
298 125
288 116
278 112
271 113
264 119
259 129
254 142
250 157
247 178
242 192
229 202
216 207
196 213
179 215
169 213
148 204
135 196
128 187
120 180
112 175
108 169
106 163
106 159
105 152
104 148
102 144
102 138
109 135
125 130
134 129
149 126
175 121
179 120
199 120
216 119
220 119
234 115
253 112
257 112
278 114
294 113
294 113
295 115
302 121
302 124
302 126
298 131
282 139
264 150
253 157
223 171
214 175
173 194
129 213
117 219
100 231
94 237
95 240
104 244
128 250
139 253
158 253
184 249
197 250
217 257
230 260
247 261
250 261
266 259
280 255
287 251
302 245
320 234
324 226
327 221
329 217
329 208
331 194
332 180
328 156
328 148
328 145
326 131
325 118
325 113
326 99
