266 177
266 177
266 177
266 177
267 184
278 195
323 230
377 284
456 366
516 443
573 527
616 598
623 610
620 626
616 630
581 629
475 594
298 484
170 382
120 341
91 318
71 302
54 293
54 293
54 293
78 334
113 394
156 450
197 507
246 560
272 589
303 617
330 633
382 649
400 646
428 599
445 502
446 421
432 349
421 324
417 293
410 252
410 241
410 238
403 239
351 264
327 274
305 313
298 382
300 453
291 551
260 623
231 671
223 688
229 693
271 690
370 658
459 606
520 564
552 540
569 521
587 495
596 475
601 458
606 447
606 446
606 446
558 439
445 409
383 391
315 363
260 331
255 327
254 326
254 326
282 312
353 289
423 260
487 232
520 211
535 198
558 173
574 149
578 127
577 111
557 99
512 83
392 57
325 53
265 61
240 64
214 69
202 76
198 86
227 110
309 140
421 168
484 171
505 172
519 177
523 183
539 210
560 288
580 348
589 398
599 466
599 509
599 544
602 568
607 585
612 604
616 611
619 616
620 616
627 612
640 584
650 541
656 514
662 455
669 405
669 369
663 326
656 296
635 256
594 212
585 207
550 202
492 202
476 208
453 235
444 258
442 277
461 308
487 339
535 387
570 421
593 443
592 461
583 480
563 497
525 519
486 536
474 546
479 565
497 586
518 609
526 621
522 640
509 647
468 652
409 651
362 650
352 649
352 649
364 666
416 700
481 731
522 744
549 746
580 741
623 722
648 692
680 620
680 559
651 455
628 405
566 337
525 310
486 299
447 295
416 308
369 343
349 389
354 489
467 599
528 636
537 648
520 657
455 674
374 699
332 706
317 712
299 732
282 750
273 757
229 763
188 764
130 746
85 716
61 684
55 674
53 663
71 651
102 642
140 642
189 664
214 667
266 628
305 578
304 542
277 501
251 482
230 473
226 469
215 455
214 444
223 432
247 408
263 392
269 363
272 345
296 323
319 305
344 282
356 271
378 249
406 223
431 197
446 183
472 168
482 167
496 175
507 198
518 238
519 276
491 319
429 354
351 397
308 418
275 452
249 492
245 516
250 538
264 576
294 616
322 642
347 665
345 676
313 691
226 713
189 730
166 743
160 739
148 682
154 609
172 590
188 585
208 579
229 575
273 551
298 533
302 516
299 465
279 409
262 369
259 357
257 348
258 346
279 344
343 340
393 330
393 330
393 330
363 407
334 502
330 547
336 587
356 663
362 691
378 717
392 728
417 731
470 692
489 647
500 614
507 581
510 562
515 535
520 522
534 509
542 505
560 500
571 499
582 499
595 496
616 478
624 465
625 425
605 385
597 371
574 352
522 332
490 328
453 322
423 318
397 312
362 309
340 307
309 300
285 295
246 286
216 271
205 264
190 245
180 230
167 206
167 194
178 185
206 176
268 167
313 161
334 158
375 151
409 149
427 150
451 150
480 153
505 160
513 164
553 191
566 205
571 220
578 239
575 257
569 279
562 298
555 313
539 331
522 344
500 351
483 359
460 373
414 393
364 414
338 428
312 447
294 460
269 471
250 478
232 488
215 504
199 523
195 546
196 565
205 579
228 603
270 644
332 684
391 718
420 734
461 758
481 766
516 782
545 794
545 794
545 794
545 794
650 781
664 763
690 719
707 681
712 652
713 607
708 563
701 519
693 480
685 449
673 415
662 384
646 351
640 334
614 286
590 244
571 215
538 168
482 129
445 113
426 107
397 102
353 97
325 91
271 103
234 111
177 129
125 161
100 182
88 197
81 212
78 237
88 262
123 300
183 332
253 362
314 383
354 390
359 392
360 394
359 410
348 429
318 469
279 513
248 534
222 559
217 583
214 615
214 637
214 668
222 693
227 705
234 710
237 711
259 705
284 686
304 667
333 633
361 597
380 567
414 510
424 496
447 465
452 456
457 450
460 447
463 443
469 438
472 435
472 435
472 435
472 435
