202 448
202 448
202 448
202 448
212 450
278 447
371 426
459 401
534 370
569 337
589 313
585 294
536 254
414 216
362 206
333 208
325 213
325 213
339 215
434 240
440 249
424 274
302 307
236 338
236 363
288 394
380 422
401 433
391 439
289 467
217 487
195 509
196 520
226 537
299 559
321 568
323 572
310 585
255 607
211 622
205 638
206 652
220 665
255 682
309 692
344 696
434 702
519 678
566 662
601 639
622 598
633 532
638 487
645 442
651 413
656 388
664 336
664 305
660 268
656 246
650 229
636 203
608 182
556 164
526 158
447 147
361 141
343 142
339 145
336 154
359 185
438 225
497 258
498 261
487 286
454 340
444 380
459 406
495 441
562 496
587 526
592 534
608 504
643 377
652 296
653 266
650 249
649 247
649 247
651 271
647 327
647 366
638 407
606 452
554 467
516 461
449 417
411 376
402 355
405 339
424 331
460 329
482 346
488 377
476 405
452 427
414 434
373 431
346 427
327 421
294 406
287 403
283 404
264 424
245 461
244 471
244 489
245 515
245 528
243 546
247 562
256 569
280 571
346 548
378 531
440 496
466 476
489 443
522 400
524 396
524 396
521 410
507 477
521 511
538 529
539 530
541 530
564 517
586 458
584 417
578 384
552 333
504 291
465 274
446 274
396 275
347 270
336 270
330 287
323 317
318 342
311 363
304 416
305 442
333 487
383 526
384 530
379 537
310 558
228 552
194 500
219 452
250 417
281 371
301 346
329 318
355 282
356 261
336 239
284 218
193 194
192 194
192 199
203 221
231 282
246 364
257 409
285 491
322 561
338 590
350 619
355 635
358 639
358 639
393 556
421 498
450 434
467 396
473 384
477 381
481 384
499 408
510 448
517 456
539 436
574 396
591 378
598 377
610 377
624 368
653 319
671 274
680 251
682 231
676 213
666 206
646 203
618 210
569 235
556 251
565 307
575 334
573 344
509 356
479 360
479 360
478 368
474 394
469 408
456 418
425 440
412 451
412 458
408 489
386 507
346 522
331 534
316 577
304 604
293 615
276 627
255 644
216 657
196 660
177 653
171 642
165 594
180 564
204 533
225 515
257 490
321 454
423 421
459 401
479 381
486 354
465 313
412 287
332 267
313 266
288 280
253 340
234 396
228 455
231 504
243 550
257 574
279 594
327 611
407 609
458 590
475 573
529 521
548 494
557 454
557 427
550 401
533 360
517 336
489 306
449 281
430 276
402 271
350 264
316 266
271 283
251 293
239 304
209 333
192 353
177 385
166 413
157 440
145 465
96 518
60 537
57 542
51 568
48 581
43 598
40 619
35 643
36 663
39 669
47 682
56 686
67 684
94 668
113 653
137 633
173 611
201 595
220 580
252 550
305 511
365 461
415 406
439 389
465 368
493 349
509 339
553 316
579 302
624 273
661 251
681 227
702 187
701 162
673 142
618 127
534 125
446 126
374 123
318 115
278 108
267 108
261 108
260 109
263 120
290 183
334 276
408 414
439 478
464 531
481 562
493 592
501 616
505 633
513 656
518 670
522 673
529 678
558 689
571 691
573 691
576 691
586 679
597 660
601 647
608 629
612 619
616 609
622 594
627 583
631 576
635 564
640 553
645 539
651 519
656 502
660 489
665 473
670 460
673 443
675 433
681 407
685 397
689 387
689 384
690 381
690 381
690 381
690 381
686 374
677 362
664 351
659 346
646 343
633 343
581 345
554 351
530 358
511 364
474 371
465 375
463 378
465 386
471 400
472 408
463 424
451 436
443 442
440 454
439 476
442 490
441 503
426 511
403 520
398 525
396 533
396 545
391 558
386 563
379 565
377 565
377 565
