100 69
100 72
104 84
105 89
105 89
118 86
131 86
132 89
124 92
112 87
75 62
56 52
47 36
44 31
44 31
44 31
49 37
80 64
101 86
105 94
113 104
123 112
142 126
173 151
183 163
186 167
186 168
186 168
183 168
176 164
144 135
127 117
104 91
83 74
79 69
68 62
66 61
66 61
76 74
144 123
181 154
190 166
193 170
196 173
191 167
156 135
141 122
118 105
104 98
104 98
104 98
114 104
157 134
186 161
206 181
213 188
216 190
225 200
226 200
233 205
247 213
247 213
247 213
225 201
210 195
178 192
157 194
143 206
139 222
141 243
145 256
145 260
144 260
149 253
220 194
256 165
325 106
339 89
342 79
342 78
342 78
341 80
332 86
247 140
203 172
180 199
157 217
149 221
133 225
118 230
116 232
116 232
119 227
137 197
154 176
177 158
188 153
202 148
202 147
188 153
152 163
131 154
115 134
114 125
115 123
129 122
187 140
235 175
231 202
186 223
105 203
81 173
78 152
90 143
107 134
132 125
165 120
221 117
237 118
241 118
241 118
242 118
243 118
243 118
243 118
243 118
243 118
220 117
180 117
88 129
56 129
55 129
53 129
52 129
52 129
57 134
75 148
93 163
111 176
129 191
139 202
147 214
160 229
171 231
177 225
212 204
241 184
252 159
259 113
266 92
270 79
269 68
269 63
269 61
269 60
273 63
310 118
325 162
330 202
335 228
340 244
343 252
343 252
341 252
320 237
268 200
225 177
201 150
177 122
152 103
125 84
87 59
74 53
72 52
69 50
69 50
68 60
70 89
89 182
88 230
83 260
83 266
83 268
83 268
83 268
103 249
160 203
199 174
276 118
297 103
311 90
311 90
311 90
311 90
311 90
311 90
311 90
309 90
294 89
244 91
140 96
128 96
128 96
135 106
166 138
200 176
193 182
161 186
147 186
144 186
144 188
155 208
165 221
163 226
125 226
104 206
106 192
115 185
126 180
180 171
217 169
242 169
280 165
295 160
303 145
305 118
298 99
289 88
258 70
242 64
236 63
215 68
194 80
193 86
198 107
215 130
240 155
252 178
254 192
251 205
231 220
214 224
178 228
160 224
143 207
135 187
132 178
127 159
126 154
126 149
134 143
143 139
144 138
147 136
150 133
154 129
160 126
182 128
206 136
234 155
245 168
250 185
251 202
246 215
223 231
205 236
186 242
170 242
151 236
142 228
122 211
118 204
115 186
113 161
113 148
114 130
119 118
126 110
139 104
154 98
162 96
166 95
175 96
189 99
201 102
215 107
223 110
233 113
242 117
247 122
259 133
268 145
270 159
271 172
277 200
277 217
272 229
250 245
228 254
210 258
192 259
182 259
176 258
160 252
154 249
150 247
143 244
143 244
143 244
143 244
143 244
143 244
156 251
175 257
196 259
205 259
220 256
246 250
252 247
264 238
289 218
294 208
302 190
305 168
305 148
300 116
290 98
276 80
262 68
239 59
208 53
163 55
151 58
128 65
97 83
81 97
70 114
65 122
57 137
54 145
52 157
54 177
60 195
63 203
71 218
83 229
87 234
99 244
112 252
125 261
142 266
172 269
185 269
192 269
216 264
239 259
246 256
264 249
273 245
277 241
298 233
304 228
305 217
309 197
309 191
304 168
298 140
296 130
292 123
285 117
275 110
266 104
251 98
242 95
230 93
213 90
199 89
176 86
168 83
161 83
146 83
143 83
135 83
134 84
134 84
134 84
134 84
