80 49
80 49
80 49
83 60
118 122
155 168
194 207
205 221
228 250
251 271
253 273
259 275
272 280
273 280
278 279
279 274
283 235
289 177
295 127
301 87
305 73
307 69
307 69
307 67
305 66
291 65
265 76
206 127
98 210
79 226
47 249
31 258
30 259
30 259
30 256
31 240
39 166
42 124
43 88
47 60
46 47
44 43
43 39
42 39
42 39
42 39
42 39
42 39
42 39
50 41
75 54
112 71
146 78
180 83
175 100
152 125
104 170
88 183
99 185
150 196
176 206
179 215
183 242
171 257
165 263
170 263
208 260
263 244
285 227
294 207
297 180
294 159
289 143
285 126
279 114
271 109
232 103
219 103
215 105
204 109
202 112
195 125
178 139
164 152
152 163
140 172
117 193
91 215
81 220
70 222
66 203
64 187
62 170
61 158
64 143
70 139
91 136
105 143
127 147
145 151
161 158
187 164
213 170
236 173
253 173
289 170
298 167
302 161
306 158
309 153
310 152
310 151
291 149
257 146
227 146
211 143
192 142
182 141
152 144
131 146
113 147
105 146
100 138
94 133
90 122
92 107
95 97
114 90
145 88
198 90
220 92
250 97
265 100
285 112
286 129
279 149
275 168
262 191
239 215
232 233
230 249
243 264
269 280
293 290
305 293
309 294
313 289
319 271
317 225
314 202
305 172
296 156
289 140
278 130
271 126
270 122
268 117
268 110
268 95
272 80
276 72
285 62
290 57
292 53
292 51
292 48
292 47
294 49
299 54
299 56
290 61
268 68
236 80
203 96
168 104
149 113
122 129
92 142
83 152
69 173
70 188
83 200
135 225
179 243
190 247
191 250
182 254
124 262
81 266
68 266
63 255
70 218
89 203
162 170
192 156
209 153
245 148
268 143
301 130
304 126
305 123
305 122
305 122
