227 137
218 138
189 138
123 144
99 149
80 161
71 174
71 181
82 192
108 211
128 226
143 239
154 247
162 255
160 260
151 263
112 262
64 249
47 238
47 236
67 222
121 206
143 203
165 204
195 204
215 196
236 191
255 182
270 159
274 130
259 107
213 81
173 74
166 74
175 98
198 121
221 150
230 166
231 179
220 188
195 195
182 198
164 198
162 198
161 204
158 218
159 242
161 250
161 251
128 242
115 225
133 214
167 209
217 209
276 220
280 221
280 218
281 194
281 168
273 124
264 103
256 81
242 67
237 64
226 51
210 45
143 55
92 77
89 81
162 111
224 127
240 131
165 134
75 132
15 125
6 129
11 144
46 175
100 201
193 237
196 240
148 242
121 243
110 246
132 246
237 238
273 227
307 205
313 180
301 125
270 77
261 62
251 56
236 55
226 63
234 79
253 99
327 143
333 153
317 172
288 191
271 206
276 219
296 234
305 247
308 255
305 266
269 275
232 275
187 270
115 229
106 211
106 192
104 176
107 153
111 130
116 103
111 79
102 66
96 65
82 72
62 94
40 129
41 161
74 201
96 224
108 235
109 240
102 243
90 244
83 244
83 244
96 235
175 188
203 167
201 143
181 121
155 106
135 103
118 107
114 111
126 128
149 149
191 185
200 206
178 219
151 223
115 225
108 225
109 221
146 198
182 184
242 171
294 148
284 120
258 106
216 98
202 98
196 106
197 124
224 146
284 181
312 205
311 227
295 244
269 251
226 257
185 263
157 263
144 263
138 263
138 263
156 264
208 270
271 277
282 274
290 227
282 187
280 152
280 111
282 85
282 81
281 81
281 81
285 86
315 112
360 156
367 181
348 219
344 232
342 251
342 256
342 257
342 257
272 211
211 186
119 157
100 152
100 152
100 152
130 170
187 188
217 207
214 217
147 229
101 228
93 225
95 204
108 189
139 171
232 135
266 119
269 118
271 119
274 137
256 157
216 166
143 170
95 140
85 104
85 83
87 70
87 68
87 68
97 76
137 109
183 146
229 181
246 195
262 210
276 224
286 234
296 241
299 244
302 246
302 246
301 234
296 195
290 144
289 74
294 57
296 51
297 49
297 49
298 52
307 81
329 127
353 166
362 179
365 197
365 204
360 221
355 231
350 244
345 255
333 259
311 256
253 245
227 235
154 213
141 209
131 204
112 199
99 194
82 187
79 183
76 181
76 181
76 189
76 205
78 221
85 247
84 255
83 258
83 260
91 261
122 258
170 253
240 244
290 238
324 232
325 231
325 231
325 231
318 227
282 219
213 198
133 184
122 180
118 178
102 174
101 174
101 174
101 173
174 168
236 162
299 161
337 153
337 148
338 137
324 120
289 110
237 90
193 72
124 45
109 37
108 36
108 36
117 54
136 88
152 114
180 148
189 171
189 186
187 198
174 213
156 222
103 227
85 227
65 212
59 189
70 162
104 154
152 154
180 160
195 177
204 198
204 217
208 231
217 238
236 240
265 238
292 225
296 213
301 191
303 175
300 156
286 118
276 106
256 100
206 91
166 96
160 111
173 135
187 152
203 175
206 198
191 210
165 219
131 224
78 221
61 214
56 193
58 185
67 182
124 202
148 219
171 243
181 253
199 260
241 264
255 263
267 251
277 235
278 215
240 164
210 145
187 141
180 147
180 157
203 196
206 209
187 215
144 214
121 205
100 184
102 169
131 154
185 153
220 166
221 160
201 119
187 102
179 99
174 99
172 102
199 128
222 151
249 190
252 202
244 214
184 225
156 229
151 230
151 230
161 230
191 234
220 240
221 240
221 245
218 256
218 257
226 247
244 217
254 187
259 166
260 153
259 146
261 133
266 121
270 117
271 115
271 115
272 115
284 131
297 153
298 168
296 188
294 199
294 212
293 218
293 221
293 223
293 223
