207 414
206 417
200 438
189 469
166 514
151 553
140 587
136 599
139 607
145 611
169 617
229 619
271 619
314 619
354 615
406 602
443 594
462 585
483 559
498 528
522 462
532 403
541 344
545 295
545 275
540 253
538 235
535 227
526 222
499 214
431 207
323 213
300 214
278 217
267 225
286 246
344 281
383 307
391 319
376 328
330 345
252 363
241 371
236 381
242 396
254 415
264 432
266 453
266 467
250 485
215 502
195 520
173 540
156 556
150 568
151 577
181 585
233 586
300 583
367 571
416 549
443 533
454 515
460 487
465 464
468 457
470 454
471 451
473 448
475 446
481 433
490 389
492 354
491 345
490 344
490 344
490 344
488 343
476 340
455 339
434 339
412 341
380 355
353 372
322 415
302 457
297 497
302 519
290 602
265 593
265 593
269 589
291 574
312 555
318 526
324 482
326 448
324 425
314 404
302 392
296 390
293 393
297 409
355 436
438 464
464 478
467 503
460 527
438 564
425 582
409 611
405 627
417 639
441 656
502 668
559 666
599 643
620 592
620 509
612 459
590 393
565 352
553 338
547 331
527 314
486 296
462 292
433 294
427 299
425 303
425 304
425 304
425 305
425 305
425 305
422 307
405 325
390 337
366 388
363 456
381 504
405 526
418 531
453 538
523 541
541 532
565 502
585 472
605 423
608 369
574 300
539 266
495 237
451 228
379 235
336 248
327 263
329 266
365 279
389 286
400 290
400 290
379 335
354 394
350 428
387 451
452 456
494 466
493 474
468 511
410 529
361 527
333 515
309 484
274 407
266 379
281 350
304 318
320 294
328 283
330 267
324 256
302 246
265 237
259 236
259 236
259 236
287 221
319 212
324 212
324 212
324 288
315 451
317 488
331 508
332 509
332 509
332 495
337 440
350 394
370 357
397 332
410 321
415 312
418 310
419 310
433 349
438 384
441 404
441 405
441 405
444 380
410 331
356 315
293 309
207 306
200 309
200 310
251 325
374 340
386 344
382 355
359 378
345 387
319 408
308 419
308 419
355 410
430 407
464 413
467 415
442 425
384 428
346 433
341 433
338 434
338 434
338 434
338 434
338 434
367 427
484 422
511 422
470 424
363 434
266 470
242 488
231 504
227 517
228 524
248 535
296 550
356 561
376 566
391 569
421 577
437 579
456 576
471 565
485 524
498 440
498 392
498 355
501 328
506 301
515 267
518 257
546 221
578 175
593 155
598 135
600 120
603 113
603 113
599 111
482 109
297 102
243 99
198 98
146 101
120 102
117 103
111 115
113 177
134 245
171 327
195 372
205 410
186 450
141 491
93 527
57 567
40 601
42 613
60 628
88 655
123 686
150 705
204 711
316 683
438 632
521 565
561 500
574 453
579 412
586 368
592 320
587 296
577 244
575 215
570 198
548 182
524 177
469 174
433 178
420 189
438 244
516 328
570 373
594 416
602 458
599 507
598 546
662 626
713 667
715 668
715 669
715 671
709 672
707 667
697 584
691 511
696 430
700 389
705 336
712 295
726 243
732 219
736 201
737 189
737 185
737 183
737 183
737 183
746 243
752 307
757 357
760 412
758 429
754 450
747 474
722 497
680 513
598 531
470 536
332 530
276 515
222 500
172 478
149 459
144 453
148 431
168 399
185 383
220 374
290 353
356 338
417 332
489 322
533 311
551 301
573 279
595 244
602 218
601 193
590 179
543 155
498 151
448 151
413 149
403 149
401 149
401 149
