594 409
594 409
594 409
594 409
594 409
589 409
566 414
560 415
557 415
546 415
524 419
504 420
482 421
462 420
446 421
429 421
396 425
382 425
364 425
343 425
300 429
264 436
240 442
218 449
214 452
211 455
202 461
195 466
192 471
195 480
200 490
205 495
219 500
238 507
252 511
275 520
282 522
302 528
355 536
376 539
412 548
439 555
486 558
497 558
513 549
551 533
568 520
592 485
614 428
614 369
611 329
586 290
566 267
555 254
550 248
538 238
523 226
508 217
497 212
483 204
456 195
424 186
403 179
361 170
348 168
334 167
297 173
280 179
260 191
245 200
227 216
206 239
189 264
171 292
159 311
141 339
126 363
119 381
114 397
109 429
109 436
118 459
122 468
126 475
134 490
150 519
157 533
175 554
198 582
205 593
219 607
226 614
230 618
243 627
253 632
271 637
291 649
306 654
347 662
370 670
385 674
411 681
451 683
477 680
501 668
518 653
536 633
551 615
559 578
559 511
553 475
533 443
518 424
484 422
423 466
399 526
398 556
395 568
370 539
326 464
285 406
244 350
193 314
180 305
178 302
174 302
169 302
163 303
160 305
155 311
139 337
126 360
115 406
103 473
98 491
94 513
94 520
98 533
109 560
114 568
124 578
126 579
135 573
162 545
192 520
254 465
324 411
379 374
463 310
545 276
570 267
573 267
574 267
575 275
568 353
556 423
559 497
564 512
565 513
565 513
565 513
569 513
607 504
673 452
694 379
697 353
686 332
638 309
524 307
451 315
375 321
338 321
335 321
335 321
335 321
335 321
335 331
340 346
354 378
393 463
416 525
429 548
434 562
439 577
444 591
458 612
463 618
467 623
472 627
477 633
482 639
493 647
509 658
518 663
531 669
536 664
539 651
548 608
554 570
555 529
555 509
560 482
567 444
567 387
567 312
567 256
570 207
568 187
543 160
497 139
425 141
237 186
173 217
153 242
158 259
259 336
398 403
408 412
408 424
393 449
362 480
369 499
398 531
431 561
429 577
407 593
349 618
306 639
301 646
300 649
302 658
326 674
385 682
454 690
477 686
544 650
556 571
539 373
521 215
506 171
493 156
493 156
488 220
508 480
512 585
509 619
502 626
471 615
414 597
319 511
281 457
264 436
261 434
232 456
193 521
173 557
150 594
145 600
131 615
129 620
133 622
169 622
208 616
299 610
358 588
430 549
477 524
525 511
553 496
553 466
552 445
545 429
533 413
491 387
434 377
364 395
339 426
344 472
372 510
465 577
496 610
495 627
490 647
469 676
424 697
370 698
321 666
297 627
297 609
320 592
383 588
431 576
468 559
509 532
545 502
571 458
584 397
584 352
572 320
555 293
534 268
531 265
529 264
517 264
453 284
288 347
227 381
243 390
274 396
298 403
294 409
262 430
257 439
365 469
406 484
390 495
364 514
354 531
363 548
387 569
398 589
398 617
330 662
233 687
215 689
213 689
247 682
353 655
479 625
549 601
554 589
560 563
555 547
514 492
365 446
274 454
259 461
261 469
301 485
377 499
395 513
397 543
342 584
275 608
241 634
239 648
242 660
268 683
322 694
362 694
393 686
458 662
482 634
510 542
516 452
474 371
429 314
377 285
313 277
228 308
182 362
166 399
169 464
182 517
236 592
260 623
305 658
344 671
417 667
497 635
527 593
544 503
499 430
456 385
408 359
323 355
280 360
262 376
249 436
261 486
280 504
338 513
385 518
403 513
406 513
425 535
440 534
492 478
522 402
537 351
548 328
562 287
567 242
575 209
579 178
581 176
581 175
581 175
581 175
581 175
581 175
576 180
553 218
557 319
585 390
623 430
669 440
679 372
658 303
626 241
591 211
551 198
517 207
477 213
466 218
454 235
437 280
425 292
391 311
346 328
334 343
347 383
400 419
410 425
410 425
259 374
196 377
182 410
170 439
160 468
151 492
143 532
138 559
139 578
153 608
164 623
168 628
182 635
187 643
176 649
129 674
87 689
50 700
47 704
43 714
41 721
50 729
70 736
88 740
147 741
199 734
286 693
301 675
311 653
319 597
320 569
307 555
251 535
240 532
224 527
221 527
217 529
208 553
205 574
202 591
211 608
247 626
280 627
338 602
379 576
389 566
407 552
450 526
485 492
508 450
540 413
574 375
596 336
611 316
624 293
633 262
633 253
629 247
626 244
623 237
628 217
649 203
676 181
682 167
683 162
675 161
614 177
488 192
463 197
463 198
461 199
458 202
458 206
461 213
462 215
465 219
493 249
504 264
510 284
505 294
468 316
452 327
445 336
448 348
471 373
493 396
503 404
506 417
499 431
463 449
451 454
436 471
415 504
414 519
420 545
429 561
444 581
480 611
497 623
515 627
554 614
608 581
616 534
619 468
609 445
606 441
577 436
351 438
303 442
276 448
276 452
317 480
360 503
381 517
377 530
339 556
281 579
252 585
231 591
226 592
221 596
218 601
219 605
239 613
277 615
447 599
482 596
493 577
493 524
451 460
355 396
266 370
190 358
101 357
73 359
72 359
74 364
87 376
121 391
200 441
215 459
211 488
194 522
192 538
196 543
247 548
319 548
326 556
243 602
158 631
126 642
124 645
136 649
167 649
262 624
453 578
622 552
637 547
632 536
609 496
504 420
391 380
328 378
293 381
288 384
292 392
316 410
340 423
343 429
337 440
308 454
230 496
219 520
216 528
223 532
236 541
258 553
262 557
274 558
325 542
411 462
462 415
480 389
484 372
479 357
447 338
379 332
304 360
285 414
284 434
297 449
322 457
366 457
374 460
380 477
378 489
373 497
369 497
367 494
367 494
