472 172
472 172
472 172
469 171
432 166
374 161
346 164
300 180
275 194
262 223
261 239
289 270
344 289
383 299
394 305
399 312
401 325
403 329
402 329
374 335
344 347
318 369
301 385
290 401
284 420
283 438
288 450
307 470
327 487
357 507
373 514
389 520
402 528
415 540
417 549
409 551
377 550
326 544
301 538
298 538
289 549
283 565
278 582
275 605
272 617
275 636
292 656
315 678
335 695
349 706
365 720
381 729
391 734
395 736
395 736
383 729
366 719
341 711
326 710
320 710
314 713
308 720
303 733
302 742
303 747
312 755
325 762
349 773
366 778
413 789
460 793
498 789
532 767
554 748
564 720
571 665
572 641
563 616
549 599
543 596
542 596
540 596
537 596
525 597
507 597
506 597
506 597
507 595
514 583
532 572
563 564
613 551
640 539
652 522
665 503
666 478
658 461
651 447
637 430
619 411
614 405
594 398
579 393
555 386
533 379
520 375
517 373
512 372
512 372
512 371
514 370
518 369
544 369
557 366
581 359
606 355
624 350
635 341
649 326
658 307
663 285
661 260
657 248
646 231
630 215
616 210
597 208
572 205
544 198
522 191
501 191
492 191
488 191
485 190
485 190
485 190
483 190
483 190
486 192
533 190
552 189
560 189
570 192
578 196
587 206
592 212
593 216
590 227
580 239
573 249
561 253
539 263
523 268
495 283
462 298
453 302
442 307
438 312
431 316
420 324
417 328
414 333
411 343
409 351
412 354
417 361
425 368
435 377
452 386
467 390
495 395
504 397
516 401
533 406
540 410
546 413
550 416
556 422
559 425
560 428
559 431
555 434
543 439
521 446
509 451
502 455
481 461
472 464
461 470
440 478
421 487
411 494
404 499
401 502
400 506
399 510
400 518
403 522
406 526
411 532
416 536
427 543
445 551
453 556
468 561
473 563
483 568
496 572
502 575
508 577
512 581
517 585
519 588
523 591
523 594
523 594
520 597
513 600
508 602
494 606
476 608
466 608
452 608
437 606
419 604
411 603
396 603
381 599
347 592
329 585
314 575
295 568
286 565
262 548
253 541
247 534
235 518
228 492
227 475
233 456
236 436
237 412
238 390
242 371
258 331
274 306
307 275
341 261
422 249
459 245
477 251
503 273
527 300
543 316
555 331
576 363
581 377
588 402
588 418
585 434
580 451
576 466
571 485
568 498
559 514
550 520
535 523
465 524
449 525
438 529
417 532
394 532
374 533
358 536
340 540
324 541
314 541
294 541
279 541
273 541
268 541
250 547
234 552
222 556
209 560
193 572
177 591
169 610
164 630
163 644
165 660
177 676
191 686
205 699
233 722
250 730
254 732
269 737
284 741
302 745
321 745
327 743
332 731
335 718
337 697
337 688
338 667
341 650
344 642
349 626
355 614
361 601
368 586
372 572
381 553
395 529
408 499
417 480
446 437
455 424
475 402
489 386
502 371
529 337
550 309
576 271
603 240
629 206
660 158
682 125
700 92
707 72
706 61
700 55
689 51
649 47
615 50
525 48
486 45
452 39
396 35
375 35
350 36
314 43
279 49
257 59
214 79
188 92
168 99
125 128
112 145
115 183
133 211
149 233
172 264
200 302
239 343
264 370
293 405
328 440
361 478
385 504
413 529
435 551
457 570
496 607
508 619
527 634
553 651
559 654
560 655
560 654
560 647
560 614
559 565
559 520
556 471
559 449
565 407
570 383
573 361
581 337
585 327
589 318
591 314
591 314
591 314
