226 196
226 196
226 196
226 196
226 196
226 196
226 196
226 196
226 196
226 196
226 196
226 196
224 198
223 201
221 204
218 209
216 214
214 225
217 250
219 263
224 282
229 304
231 318
231 327
231 337
234 353
236 367
240 385
240 392
238 396
235 399
226 400
217 400
205 400
185 397
175 393
165 388
157 383
143 368
126 350
122 337
115 319
115 301
120 287
126 268
133 260
143 257
163 250
196 248
289 235
332 231
362 224
415 218
436 217
478 216
525 215
533 215
538 215
552 215
567 213
573 213
577 211
581 205
581 198
568 176
548 161
527 152
513 149
480 149
450 150
424 156
390 162
381 164
365 169
344 175
321 183
311 188
305 193
303 200
300 214
300 230
300 238
300 251
300 271
299 283
298 296
298 302
299 307
301 310
310 314
333 319
371 326
395 332
413 335
453 342
483 348
498 353
525 359
544 363
567 369
583 373
587 375
595 379
599 385
599 390
591 393
540 388
479 374
444 372
412 377
389 383
349 393
324 408
303 426
267 460
241 487
233 495
228 501
228 505
229 509
266 532
312 557
340 568
404 583
447 593
484 610
489 614
509 635
514 647
494 652
426 656
352 654
299 650
248 656
240 659
240 659
267 670
356 700
431 720
515 748
555 761
570 768
589 773
606 780
610 782
610 782
593 782
507 768
469 758
425 756
380 753
355 749
287 745
270 745
239 746
214 749
191 754
186 755
185 755
185 755
195 713
211 657
236 608
262 584
328 554
372 543
433 517
519 487
534 469
538 456
538 448
538 447
538 446
538 446
538 446
538 446
538 446
538 446
544 440
566 411
574 394
573 386
548 366
508 337
483 319
462 302
437 282
398 258
359 219
332 193
326 183
326 180
327 177
330 176
331 176
331 176
331 176
331 176
331 176
331 176
331 176
339 176
381 178
407 173
413 172
417 172
417 172
417 172
417 172
417 172
414 175
414 176
414 176
421 184
434 195
436 214
428 239
399 278
391 307
389 336
402 365
425 386
438 395
459 407
481 417
485 419
490 421
505 421
514 421
531 422
545 422
555 418
572 407
576 400
576 395
576 392
576 390
576 388
576 388
577 383
580 378
584 376
586 373
588 372
589 370
562 338
456 261
372 198
353 196
328 213
292 240
248 279
239 294
237 309
239 321
256 329
272 331
276 329
283 327
300 322
316 322
341 322
366 319
372 319
373 321
373 325
373 328
374 329
375 330
377 333
381 334
385 339
385 342
385 344
382 346
378 349
374 350
368 350
345 332
277 302
266 299
261 300
252 314
244 335
240 362
240 375
247 390
260 411
270 424
292 428
311 433
339 435
385 435
472 429
517 420
557 410
571 399
591 371
610 336
625 305
625 294
615 285
602 280
595 278
569 270
509 267
464 269
427 277
402 289
396 293
387 300
382 305
379 308
374 313
371 315
367 317
365 318
362 320
358 323
352 327
325 332
267 346
223 364
196 387
177 417
171 429
169 433
168 437
166 441
164 444
163 447
161 451
159 455
155 459
151 466
146 477
139 498
137 510
134 518
133 523
133 524
132 525
130 527
129 528
129 528
129 529
129 530
129 532
132 534
132 534
134 535
138 538
142 541
193 547
295 556
536 545
596 518
601 465
572 401
550 372
527 356
505 345
488 341
465 336
401 327
341 301
311 289
287 275
283 257
306 228
372 189
424 158
438 149
489 125
546 108
561 100
564 93
563 89
524 69
479 66
430 73
353 91
323 113
337 144
378 187
478 242
528 273
539 293
550 343
548 401
541 468
557 533
575 573
591 600
625 640
643 659
644 671
637 702
630 727
634 744
641 747
667 708
706 579
718 538
727 476
730 400
726 360
719 316
714 278
710 258
700 229
684 205
669 188
662 174
658 171
658 171
658 171
