501 132
501 132
501 132
501 132
501 132
501 132
501 132
491 136
447 143
402 158
375 178
362 199
363 228
401 263
433 303
446 328
474 401
474 439
463 488
451 512
469 565
493 591
515 619
519 621
534 603
571 533
596 462
605 395
609 335
612 299
622 252
628 238
630 237
630 237
658 280
681 353
689 415
696 470
699 490
692 522
676 548
656 564
626 572
554 563
513 544
486 529
443 503
413 472
396 448
375 428
355 409
334 379
310 342
278 308
265 301
249 290
224 278
204 268
198 266
187 281
169 367
162 451
179 536
191 556
222 583
265 596
313 575
396 507
457 436
460 398
460 371
442 349
379 341
332 353
317 381
330 462
385 538
407 591
407 627
397 668
384 713
379 727
370 728
366 724
400 668
454 519
454 437
447 429
423 428
376 462
341 472
318 448
278 359
279 266
298 222
304 219
370 259
476 346
499 356
496 306
429 177
380 121
355 110
322 110
250 118
209 130
193 138
192 140
240 165
360 197
529 227
562 233
534 253
451 322
388 382
388 397
425 436
424 449
392 495
359 536
341 582
354 598
414 632
435 647
425 652
374 680
366 695
385 698
484 662
551 622
572 557
573 499
538 414
508 351
479 308
431 268
387 248
356 235
339 231
339 231
357 234
428 246
494 246
505 210
482 181
480 180
478 176
476 176
476 176
495 176
552 178
566 178
566 178
568 178
600 203
637 261
631 324
607 378
602 414
644 467
690 509
717 550
711 556
697 598
683 651
660 705
636 718
580 724
363 622
298 523
294 455
318 346
331 292
332 277
311 267
274 262
195 261
119 286
101 298
172 334
271 395
270 447
237 517
180 592
187 610
207 633
234 690
230 702
229 696
275 541
331 360
386 248
454 191
478 159
479 141
458 120
436 115
408 153
391 227
411 282
476 338
501 383
499 421
486 461
484 482
525 519
600 573
623 598
620 615
548 655
454 657
228 622
150 588
149 512
179 452
251 383
296 295
301 264
284 201
222 152
176 137
140 144
145 183
192 266
224 323
231 401
203 464
159 510
105 541
55 583
64 622
84 631
133 623
187 569
235 484
276 427
326 322
338 278
343 257
351 225
322 196
273 167
180 128
154 140
132 318
126 509
142 587
140 598
140 595
167 321
199 203
281 166
378 232
495 450
503 496
504 495
593 300
613 237
620 227
615 244
561 353
500 384
423 357
396 295
387 254
388 242
388 241
368 412
347 472
321 501
320 485
305 377
290 341
283 321
283 321
283 321
283 321
283 321
283 321
283 321
283 321
283 321
283 363
280 432
269 487
266 496
287 457
332 364
389 322
398 317
402 292
406 281
418 277
441 300
488 382
496 417
496 420
499 421
516 383
535 314
538 304
539 318
545 457
524 507
520 515
508 499
470 405
429 317
395 280
379 273
327 415
255 544
228 577
214 578
112 490
80 443
76 365
80 351
81 340
81 338
81 338
111 360
213 369
285 345
422 265
440 220
438 193
403 159
363 138
252 129
203 136
199 142
200 175
266 240
371 345
406 396
443 485
454 566
447 598
441 622
414 637
377 639
260 639
173 607
162 588
157 566
164 544
200 498
264 447
331 407
374 369
409 309
446 267
457 219
446 180
423 156
365 127
300 122
226 128
195 134
182 139
180 140
190 140
279 115
327 99
395 93
442 86
464 81
514 75
525 72
525 72
526 79
499 154
408 214
390 230
398 271
507 348
599 390
623 443
580 470
547 556
541 666
554 718
572 735
602 736
644 640
655 458
623 303
599 245
571 212
514 173
448 158
427 171
394 230
352 361
340 407
353 451
369 493
365 533
331 576
271 589
200 545
161 511
161 511
162 532
162 557
160 560
176 477
201 387
228 271
248 249
299 261
370 301
437 331
451 308
447 222
430 176
421 175
374 200
271 252
205 241
189 219
189 219
191 276
198 378
209 429
222 431
236 357
193 246
179 215
179 215
174 270
151 446
152 506
169 515
269 497
376 425
408 342
388 288
344 240
335 234
294 291
271 407
293 447
357 496
368 523
360 568
310 602
205 619
165 613
156 571
223 540
329 500
404 457
435 411
434 339
372 267
302 236
281 238
269 301
308 358
391 414
436 468
460 538
445 577
404 625
357 676
344 685
337 676
348 623
411 589
480 538
540 460
528 344
511 315
511 315
504 360
501 404
501 404
497 330
463 271
434 274
348 350
232 420
209 422
177 363
163 322
163 322
148 374
111 446
111 446
92 388
90 375
90 375
118 392
309 452
450 445
463 423
466 417
476 432
489 452
489 452
520 399
531 352
525 335
514 335
468 370
393 429
345 444
323 437
318 427
313 411
313 411
