163 232
165 232
169 231
177 231
196 230
270 231
366 236
475 234
493 234
506 234
514 235
514 235
514 235
500 239
424 266
376 294
346 316
320 342
301 365
280 392
272 415
276 418
318 430
376 428
440 425
471 427
486 427
490 428
490 437
474 450
417 483
350 529
307 551
273 574
266 586
264 599
268 614
281 629
305 642
341 653
399 675
465 687
514 692
530 693
559 695
574 696
592 662
608 597
618 544
626 480
626 414
618 370
593 342
516 309
432 287
404 284
387 301
379 324
390 389
403 439
404 472
403 493
410 517
393 538
348 550
320 562
312 585
325 646
343 690
354 716
362 742
392 761
436 748
494 726
575 689
594 637
575 553
557 496
542 452
504 401
475 378
439 358
409 344
361 326
311 316
284 314
267 309
184 295
169 289
156 280
145 265
141 244
153 229
185 212
242 200
293 196
319 191
333 178
343 156
343 135
329 117
295 94
255 85
204 78
163 70
143 74
125 81
107 96
101 109
99 125
112 153
154 197
233 270
276 294
326 328
359 357
385 389
402 417
403 430
394 438
361 456
294 480
251 504
223 527
217 538
212 556
211 577
217 592
232 608
257 623
302 634
370 632
403 620
456 591
487 545
497 469
468 397
452 379
430 355
404 333
389 326
366 321
330 315
315 315
294 321
286 329
268 347
264 368
271 387
297 428
329 476
373 519
386 532
399 547
410 564
414 583
404 602
348 612
241 607
190 602
188 601
187 601
187 600
191 596
235 585
274 586
335 605
372 625
401 660
418 689
419 700
388 708
312 706
263 700
223 697
200 695
182 695
179 698
173 709
174 722
194 741
231 749
345 726
411 705
475 687
517 670
577 610
572 559
548 512
516 455
490 414
474 395
461 382
460 381
460 380
480 357
521 268
536 219
540 197
541 174
541 159
538 145
531 134
517 127
507 130
514 139
561 159
609 162
623 159
629 159
635 174
641 211
641 252
624 299
607 343
604 387
621 419
672 477
685 495
686 501
678 522
672 541
668 570
670 593
682 631
689 657
691 678
687 684
669 690
575 677
445 645
409 630
367 597
300 553
289 528
277 495
271 467
276 450
312 419
328 402
335 373
315 326
262 288
206 272
199 270
189 275
178 294
180 333
191 374
199 413
202 445
195 473
171 503
149 528
141 548
137 565
141 631
156 657
179 673
190 673
235 654
335 584
356 547
389 497
415 469
445 449
496 414
528 390
540 372
544 361
553 347
561 335
567 326
573 310
565 300
529 289
473 282
428 276
379 269
361 264
340 260
311 256
256 247
223 243
147 234
109 224
84 213
79 209
76 207
76 207
76 207
88 221
110 266
117 292
140 350
161 390
177 421
194 474
195 490
200 513
231 551
252 572
263 583
291 597
343 600
358 599
394 601
408 605
439 608
478 612
509 616
513 617
526 619
547 610
567 577
584 551
603 525
631 479
642 446
649 420
655 396
661 382
666 358
668 336
668 322
668 295
668 282
671 259
674 246
676 218
675 186
659 156
644 142
627 133
584 129
548 134
540 145
536 155
533 177
535 226
530 275
514 328
489 411
462 482
451 524
435 571
423 610
416 630
410 637
410 638
401 629
384 605
375 575
375 549
382 528
390 506
395 491
405 467
413 451
419 433
420 424
412 414
402 411
393 408
387 406
368 400
355 395
350 396
338 411
319 436
300 465
281 490
270 512
254 535
236 542
218 539
202 526
198 490
198 464
203 448
207 430
207 427
207 427
207 427
195 447
177 484
174 489
174 491
174 491
181 459
181 435
176 425
172 422
164 422
142 444
118 475
114 484
114 485
114 485
129 460
137 443
140 424
139 419
135 415
115 417
75 423
68 424
67 421
71 401
74 387
74 376
74 373
73 373
69 375
61 400
60 412
72 419
118 426
158 432
181 441
196 451
206 487
207 518
212 551
224 560
253 560
311 535
335 517
356 496
364 488
368 490
391 524
407 557
414 574
421 581
433 587
454 593
478 591
486 573
503 542
517 511
523 488
526 477
527 472
527 472
540 487
560 512
584 552
603 577
608 591
613 602
619 606
635 592
651 566
661 539
665 513
651 471
635 455
625 451
603 450
583 473
556 524
528 569
472 615
423 627
358 632
309 620
269 594
265 563
272 522
303 475
338 444
390 396
405 384
413 371
413 368
404 368
372 378
312 436
283 507
261 556
236 598
218 638
218 664
243 681
265 681
319 660
352 641
383 600
398 546
392 514
381 499
362 492
337 502
304 525
274 558
270 582
277 599
302 613
354 599
403 562
416 532
421 509
424 497
427 491
447 472
472 456
522 441
561 428
586 411
588 408
588 407
580 398
515 378
490 373
448 368
359 365
333 365
316 365
255 365
191 365
190 365
190 365
187 365
183 368
182 370
182 374
200 398
218 429
254 481
277 502
325 537
348 556
370 574
400 590
417 596
425 598
426 598
426 598
426 598
