147 271
151 277
165 298
246 385
326 412
454 362
469 279
447 236
425 218
364 216
284 284
280 352
314 396
374 448
386 494
363 536
328 607
298 667
231 708
184 728
156 738
148 739
147 723
183 656
277 586
384 486
416 433
450 356
460 324
469 280
471 249
470 242
467 241
415 288
297 457
200 581
179 620
175 646
174 661
200 640
265 558
331 464
377 379
387 355
392 343
393 341
388 401
385 494
393 520
432 502
499 435
507 429
504 437
489 501
487 569
489 574
491 574
553 536
560 533
560 533
550 606
544 693
546 704
552 705
611 671
654 635
654 635
651 653
637 691
634 702
627 669
530 484
454 374
406 319
382 315
342 327
295 391
275 422
274 423
272 355
274 319
274 308
270 309
239 361
216 391
215 392
195 320
155 207
141 179
136 191
118 235
117 236
117 200
112 119
107 104
72 136
39 176
37 177
35 153
27 109
27 108
23 120
13 154
11 160
11 160
43 147
77 145
118 194
171 244
202 230
240 175
272 140
270 117
206 88
136 79
124 79
123 79
172 83
390 104
557 107
582 105
599 103
600 103
599 104
505 134
382 183
293 228
291 234
316 238
541 255
558 257
532 263
368 319
222 383
204 399
199 420
210 452
245 483
353 521
374 529
350 545
268 589
162 647
137 666
130 676
144 680
235 695
296 715
315 730
307 745
265 783
255 795
255 795
353 786
516 757
699 739
710 707
716 641
697 488
647 364
598 279
577 248
562 216
559 213
559 213
539 242
525 351
515 485
509 512
507 516
498 518
440 478
322 357
311 343
308 346
270 407
240 433
235 429
158 312
141 274
134 268
122 284
48 435
20 526
19 535
19 538
44 562
62 594
84 633
111 638
183 595
259 536
353 450
396 377
399 324
390 284
347 254
268 247
177 262
122 315
106 375
132 371
211 251
220 187
213 139
214 138
245 170
276 186
349 172
421 91
447 52
442 47
417 60
392 114
413 169
453 174
528 131
558 93
563 80
562 82
528 158
520 215
535 229
566 235
569 209
530 181
467 198
408 251
354 337
320 418
310 458
302 487
293 506
274 538
272 565
276 573
318 593
346 589
357 541
350 481
330 471
310 471
277 502
257 569
264 600
277 600
356 565
450 491
497 441
568 352
588 295
598 246
594 215
580 190
558 179
538 182
487 223
471 285
481 318
502 328
548 252
563 188
562 178
526 167
430 170
366 216
339 279
324 334
322 368
323 368
334 320
315 272
309 271
245 336
159 455
158 462
158 462
158 452
144 443
113 477
65 562
50 608
54 642
73 683
92 716
110 723
164 696
315 584
399 470
413 375
418 321
413 284
408 275
407 275
407 275
407 274
490 212
632 99
649 87
650 86
650 86
644 93
598 192
544 363
533 434
525 513
514 565
507 605
505 638
508 639
553 610
658 517
679 453
679 406
679 400
678 399
656 478
647 538
643 607
657 659
665 678
671 684
700 650
729 597
729 588
718 603
695 652
685 699
683 705
683 705
679 650
676 625
676 625
677 658
676 712
677 735
679 736
671 709
586 570
558 532
553 521
551 521
541 548
517 584
502 579
394 459
233 225
200 159
184 104
174 86
168 81
156 84
129 149
86 269
68 364
62 429
60 461
60 462
54 435
30 313
42 209
63 158
65 156
65 156
65 179
63 301
83 427
117 504
134 513
197 426
224 335
234 237
239 201
241 199
246 255
281 433
287 512
293 539
295 541
316 517
365 447
437 294
475 217
496 184
498 183
505 265
491 492
480 552
480 552
509 469
546 318
578 220
584 202
587 198
587 198
617 292
647 489
651 586
654 599
655 600
655 600
686 553
725 449
733 394
734 385
734 383
734 383
734 383
734 383
734 383
734 383
734 383
734 383
734 383
734 383
734 383
711 385
611 392
424 401
314 404
288 405
284 405
280 405
274 405
274 405
274 405
274 405
274 405
274 405
274 405
274 405
272 405
231 399
136 384
108 380
105 379
101 377
97 370
103 348
129 313
152 296
164 291
179 289
215 285
275 283
306 283
330 280
349 278
364 277
377 275
395 271
419 266
435 261
455 260
471 259
491 261
508 267
517 274
528 305
534 344
542 415
551 479
558 542
563 565
563 583
559 591
549 596
535 598
484 589
432 559
293 481
239 453
183 410
144 359
117 316
107 292
98 272
94 267
85 253
80 245
79 243
75 239
71 233
70 219
84 201
144 186
170 173
