710 768
711 768
711 768
711 768
711 768
711 768
711 764
714 745
715 717
715 699
715 678
714 652
714 634
718 603
723 572
725 530
729 502
736 447
738 388
735 345
735 304
731 265
724 201
722 178
716 147
711 131
706 126
691 119
662 106
617 93
587 87
560 81
541 79
535 80
531 84
526 95
525 128
525 191
524 248
524 293
517 325
510 383
511 409
518 478
518 497
518 525
518 551
513 586
509 602
504 629
503 641
503 667
506 693
503 722
498 744
490 753
474 759
446 761
420 757
401 751
390 746
385 744
380 742
376 739
371 734
368 730
360 706
356 683
356 662
357 625
357 608
359 590
365 563
371 541
376 525
381 508
386 491
393 463
399 433
402 407
406 384
406 353
405 330
401 309
398 293
397 270
394 253
391 233
388 219
385 202
381 179
376 160
371 141
365 130
353 120
331 107
302 88
268 70
248 54
245 52
244 52
239 53
232 60
227 72
222 88
219 107
217 136
209 177
206 217
205 250
205 291
204 322
204 354
205 380
200 408
196 439
186 491
180 526
178 551
181 576
185 602
191 646
199 701
203 722
210 769
212 784
212 789
210 790
203 789
187 783
155 762
120 742
93 729
81 726
76 726
74 726
74 726
74 726
74 726
74 704
70 683
69 643
69 598
72 574
73 536
79 501
85 475
91 446
92 426
96 401
96 388
100 361
103 342
105 313
106 299
110 283
115 259
117 243
118 221
115 201
119 185
125 170
130 161
138 155
153 154
175 151
191 148
198 147
203 150
206 155
210 175
209 207
207 232
204 250
203 278
199 315
196 341
191 361
185 386
178 405
175 421
170 440
164 466
160 486
155 507
153 534
151 551
150 572
150 599
150 616
150 629
150 651
150 669
151 685
156 700
162 713
169 717
184 723
195 727
213 732
229 737
242 742
272 749
300 755
309 756
311 756
315 754
326 731
331 697
331 657
332 628
339 588
343 563
343 514
342 474
342 452
336 407
333 382
324 340
317 310
313 286
309 273
309 268
308 262
308 258
308 252
308 249
306 240
307 229
312 193
316 142
320 117
326 90
330 84
336 79
342 76
365 70
384 69
396 73
404 77
416 83
429 112
434 131
437 152
433 183
429 217
421 286
417 325
410 373
406 403
398 452
393 484
388 513
382 540
376 568
370 594
368 609
365 633
364 645
362 662
362 681
363 686
368 693
371 696
383 704
397 710
409 714
433 724
441 727
464 735
489 743
507 748
512 748
515 747
519 722
521 687
503 620
496 573
486 499
485 446
487 422
491 376
491 350
488 293
487 275
487 237
492 201
496 167
500 149
504 132
511 114
516 97
526 83
544 63
546 61
552 58
563 59
578 67
598 83
603 90
607 96
609 111
610 141
608 192
603 228
597 293
593 328
583 429
577 472
571 544
571 565
570 578
570 604
570 620
567 643
566 654
565 669
565 684
565 695
566 712
572 729
578 744
586 756
591 761
601 768
621 773
638 773
653 773
669 773
676 773
693 773
707 773
719 770
728 765
732 761
735 754
737 729
738 714
738 696
733 665
730 650
725 628
716 572
716 544
718 507
718 458
718 431
714 380
708 338
704 297
696 251
694 229
690 207
686 191
681 172
671 148
663 129
659 115
650 90
631 67
612 49
590 37
577 37
555 33
535 27
522 26
512 26
505 26
503 31
498 53
492 78
487 99
484 130
481 165
481 191
480 240
477 278
476 313
476 386
476 444
474 496
470 519
460 544
433 568
411 569
371 574
324 580
292 575
275 563
241 529
222 505
206 471
201 451
203 436
224 413
266 377
303 339
334 314
360 294
401 259
422 239
445 221
467 201
504 166
540 140
570 118
590 104
602 98
615 93
639 87
654 84
657 84
657 84
648 101
594 179
547 239
515 286
471 352
449 382
413 435
370 489
337 524
311 550
296 565
263 599
242 621
221 643
197 674
174 713
165 727
155 745
150 765
149 777
157 793
164 796
214 786
276 762
343 733
406 703
429 690
442 679
452 669
471 638
486 607
507 576
526 541
541 496
545 461
544 413
540 381
521 302
505 267
485 233
431 187
395 164
347 141
315 128
298 123
242 103
184 85
154 76
123 72
113 71
100 71
96 73
94 85
115 147
152 210
190 265
234 316
290 367
321 394
361 424
399 451
456 490
499 516
551 552
582 573
599 588
622 614
648 640
672 673
683 694
695 728
694 741
653 745
571 741
481 729
433 722
401 718
361 715
339 717
322 717
304 713
286 710
266 706
236 701
215 695
162 678
133 672
115 668
97 661
90 654
88 635
118 588
149 551
178 512
211 468
242 433
278 381
321 337
362 292
378 272
406 244
431 224
451 208
474 190
498 177
519 159
537 142
550 128
555 123
556 121
556 121
550 120
476 113
415 107
303 98
232 95
182 94
142 98
117 101
97 106
85 109
84 109
84 109
97 130
123 151
198 211
239 261
293 323
328 361
359 409
380 444
402 470
425 495
445 522
463 542
479 565
503 605
514 621
518 626
518 630
502 630
421 602
344 580
294 555
254 516
232 425
229 411
231 391
237 383
248 377
253 376
253 376
