158 134
158 134
158 134
158 134
248 119
376 130
524 138
626 142
629 142
629 142
629 142
626 145
558 159
446 175
411 196
373 211
358 216
355 223
388 247
489 290
552 320
537 339
486 361
393 383
327 407
316 419
315 426
400 461
479 485
487 493
429 524
337 575
283 614
285 628
387 663
606 706
687 704
718 702
720 684
680 585
578 429
546 363
492 282
436 233
417 227
382 228
362 258
381 294
417 369
437 432
434 482
394 543
365 578
314 620
266 643
247 657
260 674
353 724
435 756
484 765
490 759
525 716
572 638
570 535
550 458
555 365
552 305
524 257
505 239
469 217
431 212
379 241
290 354
246 432
269 491
310 527
332 555
306 569
238 563
177 521
154 477
172 446
233 393
307 359
371 318
396 293
411 226
382 176
323 143
285 133
260 137
241 162
249 206
296 261
328 291
318 301
291 306
275 322
278 346
320 387
334 406
321 413
264 422
257 434
264 448
271 471
276 494
271 511
234 547
209 575
195 607
195 631
192 674
178 695
146 717
130 725
104 727
95 699
97 634
106 561
116 487
123 441
127 387
121 328
111 263
111 233
109 218
110 200
122 170
129 144
133 134
134 133
134 133
206 162
286 211
327 228
386 239
442 246
525 254
577 254
589 250
592 247
592 247
549 248
479 259
402 298
356 329
351 340
344 354
339 369
350 415
366 437
390 464
391 468
335 479
288 490
294 507
313 526
323 536
316 550
280 568
234 591
209 617
211 642
231 654
308 675
400 699
474 710
527 716
534 713
540 703
528 614
463 461
420 327
404 243
400 212
393 149
390 137
389 133
389 133
389 133
389 133
389 133
406 152
459 253
519 387
560 490
598 548
615 572
619 577
626 585
626 586
638 562
652 501
625 397
584 347
542 309
524 306
496 318
424 363
350 418
313 462
265 510
221 547
179 567
130 592
117 609
109 615
108 615
140 614
266 609
410 611
527 595
564 562
577 488
554 409
520 271
497 221
434 180
337 164
249 153
217 148
198 147
144 146
140 149
134 162
162 232
202 316
294 456
373 568
411 618
494 696
537 729
575 758
620 779
626 781
633 781
658 719
653 590
655 518
664 380
661 320
661 266
656 189
656 143
656 122
652 117
648 117
616 133
550 186
386 343
313 434
229 560
181 618
137 675
100 710
87 720
85 722
85 722
85 722
117 683
184 588
246 450
251 374
257 283
262 244
259 204
254 187
249 182
197 152
173 137
165 133
162 132
162 132
162 132
162 132
278 220
351 294
435 380
511 485
547 534
577 579
617 624
627 635
641 653
655 688
676 725
677 731
657 703
619 603
612 489
601 325
598 273
613 225
627 188
635 174
639 170
642 166
643 165
643 165
633 165
563 170
473 191
419 210
300 200
232 187
223 180
187 160
157 130
149 113
136 102
135 101
135 101
165 97
234 85
366 70
438 62
500 55
563 57
601 67
601 67
598 88
562 133
512 193
453 238
392 288
289 365
219 395
187 415
165 434
146 460
146 463
149 463
223 453
335 427
382 415
413 431
491 441
508 446
528 443
550 442
565 445
566 450
555 473
477 517
263 566
165 603
122 626
118 634
118 637
131 642
184 651
246 657
323 658
408 658
497 650
525 645
558 642
587 642
606 641
611 640
612 640
614 640
614 640
608 632
496 557
351 492
188 427
86 349
71 290
62 228
65 182
84 170
127 166
219 173
313 180
342 187
382 209
455 257
464 269
462 271
403 295
269 347
235 383
235 393
253 421
305 466
362 503
382 517
372 521
291 539
214 562
168 581
146 592
142 596
142 599
143 601
180 606
326 633
402 652
502 665
558 665
574 660
578 650
576 580
544 434
547 363
556 281
561 258
562 257
