448 129
448 129
448 129
448 129
443 133
415 175
391 204
354 263
332 298
309 347
274 420
233 494
206 553
183 595
148 647
113 694
106 706
106 709
106 709
140 695
209 670
266 659
336 652
359 651
416 644
454 639
495 607
535 576
573 504
586 446
608 354
619 321
629 271
627 248
616 235
578 216
504 204
444 194
366 184
311 175
274 170
235 162
211 161
176 162
166 163
166 163
171 182
203 245
231 296
273 363
307 417
341 475
373 527
401 578
414 603
434 636
446 655
468 680
495 702
525 725
541 738
563 754
568 756
570 755
575 715
582 605
583 570
584 497
593 432
601 390
617 335
626 300
629 273
635 248
639 214
645 184
649 172
654 167
663 166
686 173
704 201
707 241
702 277
696 316
687 362
685 416
691 459
694 479
695 520
693 554
691 575
689 592
685 616
678 646
674 665
642 704
573 734
538 740
501 742
485 738
477 721
473 695
474 657
482 625
489 604
496 573
504 542
520 502
544 465
566 436
607 402
620 384
632 331
634 288
629 237
624 203
619 178
602 153
572 130
533 127
491 141
443 179
422 223
398 264
379 293
360 322
336 363
321 398
297 454
281 489
238 543
203 581
189 597
165 619
149 635
123 667
110 686
104 699
99 721
100 732
110 744
126 747
150 746
185 739
224 728
250 721
280 705
318 672
342 633
357 598
382 560
416 523
443 481
462 461
484 435
517 397
535 380
597 319
659 256
689 225
710 198
723 172
731 149
731 130
716 110
695 98
680 91
655 90
609 94
593 97
553 115
537 124
516 140
498 150
471 168
449 185
419 209
381 238
355 262
297 322
268 351
242 387
210 430
183 461
163 487
141 520
128 542
116 570
110 591
105 612
105 628
111 641
129 662
153 689
173 705
198 724
215 735
256 749
304 762
344 766
375 766
413 763
447 757
506 754
526 752
547 747
582 745
599 744
621 744
645 744
678 750
689 751
693 754
700 759
711 765
720 767
730 771
731 771
733 766
730 728
687 631
671 588
666 566
658 537
641 503
633 478
623 454
618 438
609 421
603 408
592 385
570 361
539 330
518 307
473 264
448 243
410 210
392 199
373 189
352 176
336 171
319 165
287 152
270 144
248 136
221 124
197 113
186 109
164 100
159 98
147 92
143 90
140 90
140 89
139 89
134 97
122 139
122 191
122 247
122 290
125 320
126 342
132 364
138 380
150 392
169 402
190 412
224 432
280 481
294 503
297 529
291 550
274 576
265 597
263 619
272 640
289 666
306 683
317 694
334 708
349 716
362 720
380 721
417 715
440 709
457 703
488 683
511 662
555 633
595 615
644 591
664 579
674 571
678 567
680 564
678 549
673 538
664 522
649 509
629 495
622 490
613 484
600 480
572 474
550 470
523 471
499 474
472 480
443 491
429 506
425 516
424 536
428 561
440 580
457 602
463 615
464 631
455 647
439 663
415 677
370 696
354 700
343 704
321 705
293 708
258 713
207 711
182 705
139 684
116 668
106 656
101 643
101 635
104 625
123 610
143 601
176 579
227 553
261 534
306 507
374 459
408 438
429 424
500 384
520 372
564 345
600 314
612 293
620 246
608 201
580 159
516 109
499 102
463 100
445 104
441 107
440 120
458 158
493 207
523 244
543 281
566 314
575 339
567 362
547 394
533 442
532 487
538 526
557 592
577 645
580 653
582 655
588 651
619 581
622 457
633 364
657 306
665 256
672 211
675 202
676 200
676 199
681 202
693 235
702 294
707 326
713 361
715 400
715 447
716 470
725 519
729 551
729 604
725 625
708 650
666 677
606 683
545 659
477 588
468 524
461 454
464 413
494 368
547 326
566 296
566 257
533 202
507 179
478 159
462 160
446 174
421 223
417 269
422 291
440 308
458 327
461 337
466 364
462 380
440 410
414 432
392 462
385 493
385 534
389 578
400 622
406 645
408 662
393 679
355 683
269 681
188 657
158 636
146 618
136 577
132 559
132 554
132 554
132 554
132 554
122 563
88 598
68 634
64 652
65 668
71 681
104 683
138 677
191 664
346 642
424 617
479 576
510 551
531 520
533 431
490 342
456 297
419 268
344 249
301 246
256 282
250 316
256 356
283 397
313 423
344 451
345 457
315 469
215 500
181 521
171 546
175 557
191 598
204 614
219 640
236 658
251 670
322 684
411 677
497 666
546 654
582 622
582 583
550 478
523 388
501 348
483 331
458 316
435 313
414 315
393 336
387 368
406 411
415 449
412 464
369 495
331 513
305 521
283 517
236 465
213 412
206 361
207 346
221 317
266 279
325 245
368 221
406 180
408 169
408 156
400 148
370 135
329 126
306 129
301 146
327 220
356 262
388 320
406 351
420 412
383 472
355 500
349 533
358 555
374 583
383 611
389 629
396 649
405 664
419 670
448 660
532 621
583 571
591 502
565 440
552 386
534 353
517 323
498 306
477 295
455 286
407 285
350 295
339 299
335 303
319 310
283 329
254 353
219 391
213 399
212 402
211 404
216 413
231 424
264 425
412 397
510 386
534 383
537 383
537 383
537 383
