530 213
529 214
528 214
528 214
528 214
528 214
527 214
527 214
527 214
527 214
527 214
527 214
527 214
527 214
527 214
527 214
526 215
438 241
379 257
274 286
205 341
200 363
237 381
347 366
465 215
472 191
481 145
468 141
420 208
386 275
354 401
365 448
378 466
391 487
395 493
406 487
410 476
402 420
392 391
389 388
370 413
359 476
366 508
383 510
387 508
450 447
453 435
437 381
417 373
393 455
392 500
420 540
440 546
444 546
450 539
482 463
487 310
433 207
429 199
422 194
410 206
368 371
407 510
421 544
420 548
416 540
413 473
376 348
342 314
305 295
277 293
234 307
185 354
177 392
180 400
181 400
183 400
193 399
202 402
210 423
239 434
252 436
302 436
329 433
337 426
370 401
377 389
381 374
382 370
393 351
396 345
396 345
396 345
396 345
396 347
399 354
423 374
453 398
466 409
464 434
462 443
458 455
419 502
393 508
369 505
317 480
290 448
280 431
280 428
278 419
276 415
275 413
274 413
274 413
274 413
270 418
259 432
240 484
236 524
226 557
229 574
238 576
313 572
327 571
397 557
437 538
447 501
438 475
406 428
367 394
338 385
308 382
285 383
261 392
236 430
245 481
283 555
303 576
329 592
362 596
424 559
462 496
467 465
465 421
453 392
442 361
437 350
419 317
404 293
386 275
379 266
366 256
339 247
330 246
308 249
284 258
245 285
225 306
194 347
181 380
179 427
186 460
203 504
215 522
224 534
245 552
269 567
315 582
346 588
368 589
383 589
419 575
448 557
464 534
482 486
484 461
479 409
473 364
462 335
451 316
417 282
408 276
401 273
395 271
391 270
390 277
391 281
407 296
460 314
499 317
541 308
555 299
570 279
577 254
574 226
571 215
570 205
570 199
567 189
559 179
550 175
542 172
537 173
533 187
544 209
550 215
559 227
584 282
589 336
576 376
553 417
533 455
527 477
519 516
501 570
494 610
494 627
496 642
498 648
503 665
504 666
504 667
504 667
498 655
484 631
468 572
465 502
469 442
470 395
469 386
468 372
468 362
468 352
460 346
449 344
420 374
390 430
362 482
352 501
345 518
345 518
345 518
345 518
339 481
312 399
305 372
307 356
309 345
312 337
312 337
319 337
351 350
391 364
412 374
447 380
467 386
500 397
507 387
506 346
486 310
441 270
423 261
397 252
370 247
335 244
301 246
289 248
276 254
253 275
239 294
233 309
220 344
214 364
211 408
222 431
253 466
285 472
327 465
351 460
369 448
372 441
364 403
346 368
305 325
286 315
281 314
278 327
275 359
276 384
292 428
311 468
321 487
330 506
334 544
332 569
331 612
345 629
375 643
410 637
415 632
438 595
447 512
439 479
418 433
405 412
380 384
359 365
333 348
325 339
307 321
299 312
296 310
295 310
294 320
300 390
311 448
324 490
331 527
354 598
365 622
389 663
399 674
412 683
425 686
442 680
471 649
483 597
476 545
467 516
450 462
443 431
438 407
433 396
426 374
421 350
416 338
403 318
392 303
385 295
369 276
354 261
337 247
323 230
300 206
294 201
294 201
294 201
294 201
294 201
294 201
297 210
311 236
354 311
369 339
385 367
397 393
419 432
465 488
480 509
500 544
508 556
524 575
540 598
556 623
557 625
558 627
561 631
562 631
562 631
562 631
560 629
540 596
514 554
489 515
462 478
429 438
411 406
400 391
388 373
371 346
363 336
351 324
344 315
331 304
327 300
322 296
315 288
313 286
313 286
313 286
313 286
326 311
326 311
341 333
359 358
373 384
383 402
386 406
400 425
415 443
438 476
465 509
485 534
500 554
507 563
527 583
533 590
544 602
552 613
557 624
563 630
570 637
571 639
572 640
573 640
542 609
485 541
407 457
370 419
349 398
326 378
294 354
286 348
262 334
250 331
246 330
244 332
238 366
237 443
240 468
253 508
259 529
265 561
269 606
269 611
269 622
269 625
266 628
263 631
261 633
251 634
228 626
211 616
197 600
144 510
132 480
129 462
128 442
123 415
119 385
114 356
112 347
111 346
111 346
111 346
111 346
130 416
148 507
158 560
168 592
184 622
209 639
237 652
256 657
288 658
311 656
341 649
356 641
368 624
386 574
400 530
406 485
409 449
412 414
418 372
420 348
410 315
402 302
389 285
376 278
365 277
352 286
323 324
320 350
330 370
362 383
394 395
431 398
454 395
481 366
483 334
476 308
461 292
434 271
404 268
369 269
344 284
310 310
278 358
273 370
260 403
238 455
231 480
232 508
242 533
244 535
263 540
278 539
298 534
339 515
360 501
408 459
463 407
475 384
477 371
478 366
478 366
478 366
471 379
447 418
409 474
399 493
385 529
378 559
372 588
370 603
366 626
366 634
368 649
380 665
385 666
410 652
433 634
463 605
473 592
486 569
508 530
517 515
520 508
521 506
521 505
521 505
518 507
504 529
480 585
471 608
463 635
463 651
466 664
483 682
492 684
515 686
545 669
562 655
578 624
585 600
585 574
577 538
575 527
569 513
564 496
561 485
554 456
544 437
535 424
532 419
529 411
525 404
510 390
491 374
482 366
470 361
462 358
446 349
430 346
396 341
379 337
374 335
360 330
351 325
338 318
330 316
324 313
321 311
318 305
305 294
301 292
298 288
294 282
290 275
289 271
291 268
296 266
307 259
324 251
333 249
343 249
354 249
369 247
405 241
428 234
445 221
458 203
463 187
463 178
455 164
439 147
412 126
395 119
348 111
312 107
278 104
237 104
233 104
223 104
214 105
197 110
191 114
167 126
161 131
153 137
150 143
140 167
145 197
166 231
239 308
271 332
298 350
339 369
389 392
436 404
463 404
494 406
527 407
545 407
551 404
554 401
556 394
556 385
556 384
556 384
556 384
556 384
556 384
556 384
556 384
556 384
556 384
556 384
556 384
556 384
556 384
