281 223
281 225
282 234
293 276
334 371
382 460
404 488
415 497
424 501
469 491
491 425
489 407
429 285
403 275
363 286
331 320
326 357
339 396
364 433
387 459
424 486
445 507
458 543
473 610
474 624
468 671
444 702
399 734
356 745
340 744
280 720
214 676
187 615
186 596
188 590
225 560
237 550
302 500
309 491
322 463
334 404
337 352
347 308
346 270
321 237
279 217
245 212
231 243
199 328
198 354
226 393
249 412
255 447
255 464
238 516
230 537
226 548
213 563
203 575
193 586
193 586
193 586
193 586
219 568
234 564
300 547
364 526
393 482
402 449
403 419
395 392
392 384
391 382
388 380
388 380
388 380
387 380
371 403
362 423
360 443
360 462
365 460
398 373
399 335
365 287
325 268
314 269
304 278
294 316
294 341
308 398
336 414
372 410
383 392
388 358
385 322
380 302
366 287
361 284
360 282
360 281
369 276
379 274
400 269
422 263
472 250
499 232
518 218
524 197
507 183
473 175
435 175
385 177
337 182
290 185
285 187
281 192
273 214
292 246
307 254
336 269
360 291
390 322
393 330
388 368
355 419
318 452
265 494
204 538
173 555
165 566
159 585
156 610
174 635
217 651
252 649
306 627
331 600
404 475
424 391
433 346
436 280
431 238
417 206
412 201
409 201
369 209
338 267
332 293
329 356
329 393
337 409
357 418
433 431
471 423
488 392
488 375
488 338
475 309
406 266
268 262
246 274
240 304
240 393
240 469
257 492
291 485
309 467
328 416
348 364
371 300
372 292
364 292
338 297
327 318
326 324
326 329
331 336
333 336
337 332
366 287
435 199
438 162
430 162
282 165
203 206
196 224
240 248
330 283
363 285
514 269
607 261
609 261
610 261
612 259
612 259
612 259
612 259
612 259
612 259
569 255
504 261
413 286
390 305
332 361
315 409
315 414
317 428
330 467
348 488
362 490
394 495
443 510
495 523
555 520
567 517
567 516
567 516
570 498
562 458
525 433
461 403
447 401
412 398
369 403
342 408
288 427
255 453
242 470
239 478
220 539
213 586
230 617
249 625
310 644
367 633
415 619
439 611
501 583
512 571
532 524
540 466
516 418
507 409
477 376
454 354
418 320
382 297
355 285
338 281
337 280
337 280
337 280
337 280
337 280
337 280
337 280
337 280
337 280
337 280
337 280
337 280
337 280
337 280
337 280
381 321
556 493
585 626
627 692
657 716
658 717
658 717
658 717
658 717
658 717
658 717
658 717
639 691
613 673
587 658
563 643
546 630
536 610
535 605
530 592
513 566
504 556
499 546
495 533
487 518
479 493
475 469
464 414
444 338
439 324
431 287
430 282
427 279
427 279
426 279
426 278
426 278
426 278
426 278
422 285
407 304
376 328
340 361
299 394
266 418
243 433
236 439
222 460
216 480
213 492
210 510
211 516
221 525
228 532
237 543
239 546
260 559
299 563
335 563
357 560
371 552
412 525
432 503
447 479
447 456
445 451
433 434
406 413
395 403
385 395
365 383
345 381
335 383
320 398
292 419
243 457
235 467
228 477
214 499
200 523
191 537
179 552
164 581
164 590
165 592
170 599
181 605
196 608
209 605
247 582
285 562
337 536
442 484
522 443
551 419
577 393
586 384
611 361
645 321
673 270
699 231
714 204
716 197
716 187
712 186
699 189
655 219
633 242
595 280
580 291
549 313
509 340
462 365
439 378
382 423
369 432
347 446
318 464
308 470
295 483
289 486
257 509
239 527
220 540
186 571
149 605
111 645
99 655
93 662
92 665
92 665
92 665
92 665
92 665
91 665
103 655
158 598
184 572
212 543
261 493
296 458
339 417
368 392
466 309
525 270
614 203
646 178
656 165
693 128
722 102
732 93
741 83
746 78
746 78
746 78
746 78
746 78
746 78
746 78
746 78
746 78
735 80
675 128
650 147
613 179
577 206
560 216
533 236
499 262
471 287
446 314
404 361
382 382
365 407
343 432
304 477
265 520
224 567
196 598
163 640
157 658
160 666
195 684
231 691
254 694
289 696
326 692
365 685
387 673
392 665
404 641
412 618
417 597
421 562
416 513
404 476
396 462
386 445
374 432
356 414
349 408
335 394
319 370
313 356
301 321
295 299
291 272
285 231
279 197
278 160
277 149
277 141
281 137
296 134
325 129
355 131
380 134
426 156
443 170
456 189
468 220
469 256
465 265
453 276
425 292
416 299
415 302
413 314
420 331
440 352
463 375
469 383
472 392
469 399
467 400
460 406
448 409
427 412
414 412
393 416
361 426
337 432
314 439
296 449
269 468
241 489
216 503
202 507
191 510
188 511
186 511
181 508
183 493
186 481
192 455
195 435
204 403
222 361
226 353
227 351
229 342
230 339
253 333
278 333
310 342
347 348
385 354
400 362
412 377
410 405
408 421
405 437
404 507
411 528
424 557
444 579
466 594
493 598
505 597
527 590
570 556
583 544
618 491
635 455
644 412
649 345
647 293
641 275
628 247
610 219
603 209
581 198
558 197
516 197
479 199
439 209
394 227
347 239
323 248
281 275
261 300
253 314
252 324
263 340
310 364
365 385
414 404
459 425
468 433
469 436
461 444
441 449
403 456
378 464
359 484
345 508
336 544
353 594
356 621
347 631
324 638
279 644
258 646
205 651
187 649
175 646
169 643
165 620
165 608
171 588
183 573
194 556
209 538
246 501
266 480
278 456
287 434
303 410
314 394
329 377
351 346
381 322
450 280
493 256
517 239
520 236
528 226
521 218
506 213
475 206
446 203
395 212
366 218
344 222
320 236
312 260
326 320
343 344
357 370
375 405
387 431
390 447
392 468
392 480
390 496
378 529
366 549
359 562
355 572
354 584
359 625
370 661
373 684
378 728
378 746
372 770
369 775
368 777
368 786
372 792
372 792
372 792
464 797
509 766
541 733
583 690
621 644
640 619
676 566
695 536
712 504
719 481
724 457
727 431
728 408
728 396
728 365
716 312
698 260
693 254
669 239
651 233
609 226
594 224
577 223
572 223
555 235
526 268
519 292
511 328
497 367
493 380
479 430
467 466
448 509
433 536
422 550
395 569
370 582
353 593
343 599
310 613
270 620
267 620
261 618
260 616
257 607
253 583
253 550
252 506
252 469
252 453
255 435
256 420
256 409
252 389
252 383
252 377
262 351
264 342
269 329
273 320
273 319
273 319
273 319
273 319
273 319
273 319
273 319
273 319
276 323
277 327
279 332
282 337
285 342
285 344
286 347
286 353
286 357
286 363
287 370
289 380
291 388
294 396
295 398
296 405
295 413
294 415
293 417
293 421
292 426
292 430
290 442
288 455
287 465
285 474
283 493
280 510
277 521
277 526
276 533
276 542
278 557
278 559
280 565
283 574
284 575
287 579
289 581
296 584
311 589
330 593
348 595
360 597
375 597
387 596
400 593
418 587
432 582
444 576
452 570
466 555
475 546
498 525
508 518
540 489
551 479
563 466
572 453
580 435
581 433
584 422
584 418
581 416
573 411
562 407
552 404
535 403
520 403
503 406
491 406
485 406
460 402
454 401
445 399
436 397
428 395
423 394
413 391
404 388
395 385
387 383
380 380
372 377
367 374
360 370
360 370
360 370
360 370
360 370
360 370
360 370
360 370
360 370
360 370
360 370
360 370
360 370
360 370
360 370
