675 431
675 431
675 431
675 431
675 431
675 431
675 431
675 431
675 431
675 431
675 431
675 431
673 431
656 432
630 435
568 444
544 446
530 448
520 448
485 453
461 456
433 454
420 452
411 450
384 447
364 447
346 447
335 445
312 439
302 435
299 434
286 430
257 423
239 418
231 414
211 406
189 393
166 372
155 356
141 324
140 316
142 306
146 296
150 288
163 279
171 275
202 264
230 257
254 252
282 249
336 245
375 243
384 241
416 237
452 231
459 230
469 227
508 216
533 205
542 198
546 190
543 168
519 138
491 116
474 106
441 89
413 85
388 83
367 80
353 80
342 81
336 84
323 92
309 109
304 120
303 137
304 150
307 163
316 192
329 245
331 262
334 278
342 313
346 345
345 361
340 377
336 400
342 442
350 459
385 503
423 539
459 570
474 586
479 599
482 605
493 622
498 634
500 636
529 652
547 659
572 650
584 633
591 616
601 546
601 527
593 488
582 461
570 444
551 424
537 414
520 398
507 377
500 352
498 339
494 313
493 300
490 285
480 270
468 257
455 246
419 225
343 184
334 178
322 169
303 156
281 141
268 131
251 122
235 113
212 103
203 100
184 87
169 81
162 78
155 76
143 72
130 68
122 66
112 67
106 70
85 102
79 117
77 137
77 165
83 191
90 221
98 244
107 264
118 278
131 287
139 291
153 297
184 309
219 325
235 333
279 354
293 363
314 373
386 399
412 411
442 426
456 434
482 444
505 454
516 460
534 469
541 473
572 491
582 501
587 506
597 511
599 513
610 528
628 554
641 577
645 602
647 617
649 630
648 638
646 640
637 641
603 627
555 602
508 575
451 544
423 529
385 504
358 485
328 463
311 447
287 429
259 402
214 354
203 338
185 314
132 235
122 217
116 207
101 186
92 174
78 154
72 146
64 131
63 129
63 129
63 129
63 129
65 127
84 123
111 120
148 116
185 114
256 116
279 116
306 113
349 107
379 103
410 100
458 100
476 100
497 104
519 105
549 101
574 101
588 103
599 106
615 111
628 114
637 116
654 121
662 125
679 135
685 142
690 161
693 186
695 251
690 294
687 308
682 330
673 355
670 359
661 370
652 382
642 395
629 412
623 420
613 435
609 440
598 454
584 468
562 481
553 486
533 494
503 506
480 516
448 534
410 553
388 570
353 593
334 606
307 623
287 637
271 648
254 661
247 667
229 679
223 688
217 696
215 701
209 710
206 715
211 720
233 732
263 736
303 739
342 737
377 737
417 737
462 739
470 741
493 748
513 754
566 765
601 764
607 764
624 763
659 759
686 757
692 757
707 757
726 755
735 753
737 752
738 752
739 752
724 737
699 717
647 676
624 650
594 625
562 592
537 566
517 544
490 515
464 480
428 425
404 381
392 359
374 332
363 315
345 290
335 274
307 231
290 211
270 192
260 182
250 172
245 166
236 157
226 149
208 136
191 124
175 116
173 115
169 113
153 112
152 112
164 109
211 103
272 97
300 94
370 87
426 90
556 112
606 117
629 117
635 118
637 119
641 122
644 125
646 127
648 141
644 154
628 179
584 240
542 321
534 331
519 342
495 366
470 393
446 423
424 448
407 471
364 517
319 564
297 587
272 618
257 633
231 660
221 672
213 679
211 683
211 684
211 684
218 690
241 697
268 700
345 706
422 708
422 708
458 711
507 717
546 721
610 729
624 732
679 740
684 740
693 740
703 737
710 734
711 733
709 726
693 712
616 665
588 654
564 640
476 578
422 533
417 526
409 510
390 489
338 433
318 396
307 365
298 333
284 282
276 257
266 226
250 186
250 186
247 176
245 170
244 164
247 160
268 156
315 151
350 151
406 144
454 139
476 137
495 135
500 133
520 132
543 133
585 137
596 138
607 142
610 144
612 146
602 174
540 225
517 239
455 293
446 302
412 334
401 343
378 378
366 405
335 463
317 485
302 509
279 542
256 582
244 601
230 620
222 634
207 657
194 681
184 701
183 713
185 727
192 732
207 742
237 744
325 721
440 694
546 683
601 675
667 672
681 672
686 672
697 673
713 677
720 678
721 678
724 672
713 652
698 631
659 591
614 543
548 471
508 429
484 401
433 350
421 341
382 302
364 281
323 237
303 216
297 209
292 203
284 193
261 168
254 162
253 161
252 160
250 159
246 158
244 158
242 168
237 255
236 280
236 291
225 378
219 409
216 448
207 502
206 521
205 530
205 534
205 535
207 535
219 527
346 438
400 395
472 327
474 324
474 324
474 324
470 330
447 367
426 422
418 458
415 476
415 511
420 539
430 548
436 549
484 544
534 520
628 478
663 460
677 443
690 414
698 396
711 376
715 374
716 374
720 381
724 418
722 443
715 485
709 515
705 541
703 567
701 587
701 603
704 614
707 624
710 634
717 650
719 653
722 660
723 663
723 664
711 669
656 660
577 633
460 606
434 598
403 589
392 583
371 571
336 541
310 508
295 473
289 446
280 384
277 338
277 299
278 291
278 290
278 290
277 298
256 350
231 384
210 415
195 441
186 459
173 498
170 510
167 521
164 540
163 553
163 560
163 564
164 565
165 568
166 570
174 576
222 566
305 520
340 507
384 485
489 446
540 430
590 391
609 371
638 333
643 322
644 317
617 298
543 281
450 283
417 292
413 301
411 321
419 333
437 355
451 369
464 386
469 408
469 421
469 452
462 485
458 504
459 523
461 535
468 555
480 578
485 593
503 625
512 635
535 659
548 670
560 679
572 686
580 686
600 679
629 634
641 596
648 555
654 528
659 419
657 406
657 370
668 350
693 343
721 348
739 351
742 354
742 354
742 354
742 354
733 349
701 326
638 272
581 217
570 207
560 201
531 185
515 179
498 175
489 174
488 174
481 178
479 188
477 223
491 248
528 284
575 326
602 365
610 390
615 411
617 435
605 481
600 499
611 546
625 571
651 606
674 639
689 658
705 686
720 713
722 718
724 726
716 728
711 729
685 729
634 721
561 682
517 660
464 623
417 576
403 560
390 540
353 485
325 444
293 398
277 374
264 343
256 316
254 304
254 275
262 244
269 230
295 197
304 185
332 162
359 150
400 149
420 152
427 154
439 162
446 172
441 196
432 211
384 259
327 360
338 374
352 386
368 405
371 420
371 433
361 451
349 466
324 496
310 516
293 542
283 552
266 574
256 589
240 608
229 618
214 629
203 634
192 639
184 643
170 653
164 657
159 658
150 651
108 566
83 491
70 433
64 390
52 314
48 275
46 252
53 237
54 235
62 233
68 236
82 252
86 264
90 311
87 361
85 383
85 410
85 427
91 447
105 464
112 472
125 487
139 502
145 509
153 526
156 535
160 546
163 556
165 559
165 561
168 566
183 581
191 583
224 572
271 525
283 497
286 454
285 444
275 429
263 420
252 412
235 405
215 403
204 403
193 413
191 424
187 458
187 468
196 483
203 486
218 492
242 494
263 494
347 480
394 465
480 441
579 420
612 414
659 384
664 379
676 358
691 322
697 279
688 221
672 167
658 152
647 144
622 133
592 127
572 126
539 127
527 140
525 146
528 216
533 249
545 280
550 301
562 343
563 368
559 406
555 435
551 467
548 496
553 535
566 574
589 610
605 628
626 647
638 655
640 656
640 656
659 626
673 586
684 525
680 453
677 385
673 339
670 280
673 247
680 205
683 188
684 187
684 187
685 187
686 187
703 240
708 286
708 339
710 356
713 419
708 487
705 510
702 546
698 566
694 589
693 603
686 627
684 634
676 638
667 641
577 616
487 567
421 523
338 446
299 410
257 353
238 323
219 293
218 284
218 265
219 255
226 245
249 233
297 231
330 235
352 241
356 243
360 248
358 265
326 307
284 355
266 388
259 421
261 454
264 463
275 482
295 507
297 510
303 533
296 547
294 556
288 565
283 579
282 592
282 601
284 606
287 614
292 619
301 620
374 594
422 551
447 512
465 477
474 455
479 442
494 399
511 359
534 308
535 304
546 277
555 247
559 232
565 219
581 198
600 177
613 164
621 158
630 148
634 143
634 143
634 143
634 143
634 143
634 143
634 143
634 143
634 143
634 143
634 143
634 143
634 143
634 143
634 143
634 143
634 143
634 143
634 143
634 143
634 143
634 143
634 143
634 143
634 143
634 143
634 143
