185 220
185 220
185 220
185 220
185 220
185 220
185 220
185 220
185 220
210 205
246 190
275 181
301 176
349 157
366 150
382 147
412 141
433 137
457 127
477 117
517 107
531 104
539 101
567 98
575 97
580 96
581 96
581 96
581 96
581 96
581 99
581 100
575 117
564 132
552 148
500 198
486 216
473 229
443 272
432 291
418 314
386 361
372 384
333 445
294 491
262 530
229 573
183 629
148 673
110 723
92 747
89 754
89 757
91 762
132 784
167 794
167 794
167 794
317 797
350 785
391 768
426 759
468 755
480 755
493 751
502 749
514 746
521 745
542 743
563 738
575 735
591 726
596 721
614 702
626 680
628 656
625 631
609 589
567 520
546 491
510 438
488 410
466 380
450 361
434 342
428 337
405 304
400 295
383 271
349 229
296 174
289 169
267 152
252 142
234 131
224 126
219 123
217 122
215 121
211 121
208 124
200 151
199 200
203 231
206 264
206 299
206 307
200 350
195 392
192 401
181 429
177 444
172 469
161 499
152 516
144 533
132 561
125 573
111 596
106 605
99 615
94 623
88 643
88 647
91 656
94 661
98 663
171 657
251 645
273 625
298 598
310 581
315 576
333 550
358 516
383 481
405 460
415 451
427 440
448 412
460 393
481 369
493 358
514 339
540 313
550 301
575 276
589 258
604 237
627 204
635 193
642 180
645 168
647 162
653 142
655 135
655 121
655 117
656 117
657 118
664 135
665 157
665 157
665 157
665 157
665 157
665 157
665 157
665 157
665 157
665 157
665 157
665 157
665 157
665 157
665 157
665 157
665 157
665 157
665 157
665 157
665 157
661 165
659 185
649 210
644 222
625 233
617 237
599 241
573 244
557 244
503 224
468 211
430 198
400 185
376 176
363 169
342 162
329 158
313 148
292 140
286 140
273 142
265 145
260 148
240 166
229 180
213 207
208 214
197 225
179 247
166 261
154 295
160 317
171 346
176 356
190 375
199 383
210 386
234 387
269 372
294 353
317 328
364 243
383 216
407 190
424 167
427 158
427 155
425 153
413 146
395 137
355 123
329 114
294 107
269 104
252 104
235 101
232 101
229 101
223 103
219 106
219 106
219 106
219 106
219 106
219 111
219 114
219 115
227 122
237 131
247 137
285 151
300 151
309 151
335 152
362 152
378 149
401 145
412 143
419 143
429 143
436 144
438 144
450 147
469 151
485 158
487 158
489 158
491 159
495 159
499 160
504 162
506 162
506 162
506 162
506 162
506 162
506 162
506 162
506 162
506 162
506 162
506 162
506 162
506 162
506 162
506 162
506 162
506 162
506 162
506 162
506 162
506 162
506 162
506 162
506 162
506 162
506 162
506 162
506 162
506 162
506 162
506 162
506 162
506 162
506 162
506 162
506 162
506 162
506 162
506 162
506 162
506 162
506 162
506 162
506 162
506 162
506 162
506 162
506 162
506 162
506 162
506 162
506 162
506 162
506 162
506 162
506 162
506 162
506 162
452 155
380 145
372 145
353 145
301 155
289 157
277 162
275 166
268 198
264 218
263 242
278 284
295 312
330 354
336 363
350 388
353 399
355 418
340 459
335 475
319 497
305 512
291 528
284 542
284 546
293 560
316 579
367 594
393 597
419 599
428 599
459 584
479 566
497 536
502 527
505 515
509 498
515 492
524 482
548 477
555 477
562 482
587 547
587 583
587 599
587 606
594 622
597 625
605 635
617 647
638 667
647 675
649 677
650 680
672 701
684 711
692 717
695 718
698 718
701 716
709 687
713 629
713 609
713 581
713 555
707 530
696 495
694 479
687 445
683 432
675 401
673 385
672 379
670 377
668 373
668 371
666 366
663 363
663 361
662 359
661 356
660 353
658 349
658 346
658 329
657 315
655 308
653 303
653 302
653 300
653 300
653 300
653 300
653 300
653 300
653 300
653 300
653 300
653 300
653 300
653 300
653 300
653 300
653 300
653 300
653 300
653 300
653 300
653 300
653 300
653 300
653 300
653 300
653 300
653 300
653 300
653 300
653 300
646 296
634 293
620 292
597 288
591 287
578 287
548 291
538 294
519 322
506 352
494 390
489 446
485 519
482 546
482 572
482 602
480 614
479 620
472 632
467 639
442 655
396 653
371 648
306 626
260 597
236 580
213 554
202 542
180 505
168 482
158 462
149 428
145 408
140 382
139 366
139 353
141 338
146 320
148 313
150 308
172 281
187 272
220 252
237 245
272 237
278 236
281 236
294 246
302 258
310 278
313 336
314 355
315 371
318 393
318 409
314 435
306 479
306 499
306 517
304 557
304 579
304 596
304 615
305 628
311 648
313 654
317 667
323 676
332 680
343 681
368 675
394 661
448 609
459 573
465 542
475 510
490 474
494 456
498 431
505 401
510 383
526 336
532 316
542 293
549 276
569 230
573 221
582 208
604 194
612 189
617 187
645 185
665 187
704 228
709 292
660 342
604 364
563 369
540 370
486 383
474 392
468 402
465 431
473 456
484 477
505 506
518 524
543 555
556 569
582 605
608 633
615 639
623 644
630 648
631 648
640 648
658 634
666 622
668 562
653 524
633 502
624 497
612 493
602 493
579 498
572 517
563 537
555 564
554 572
554 573
554 578
554 581
555 586
555 588
553 591
547 591
503 577
491 572
441 546
434 544
431 540
427 535
414 517
400 500
396 492
387 477
372 448
362 421
359 411
355 401
350 391
345 377
341 368
339 362
335 355
334 351
333 346
332 341
331 340
330 338
328 334
327 332
326 328
324 323
321 306
320 284
321 254
321 246
322 241
322 235
324 226
329 207
332 195
335 180
340 168
345 163
359 155
363 155
366 155
369 159
377 196
391 243
405 289
425 332
501 480
518 516
533 548
543 569
557 596
569 613
591 645
600 653
610 669
616 680
621 687
625 693
631 700
634 703
637 705
640 706
643 709
660 713
663 713
684 714
716 711
725 707
745 683
755 643
748 602
739 574
726 536
707 491
701 472
692 448
684 427
679 409
672 391
661 372
655 365
638 341
631 328
626 322
615 307
604 294
599 288
590 277
578 269
563 260
545 247
522 234
511 227
496 222
490 218
471 208
446 199
432 193
415 190
400 185
377 184
332 201
319 211
313 216
299 230
288 242
279 255
272 270
255 303
243 327
230 358
223 383
218 400
206 422
192 455
187 470
183 488
175 504
172 510
168 526
152 560
145 577
129 613
120 628
112 650
108 662
104 679
103 693
103 699
103 704
104 707
107 709
108 709
109 710
115 705
145 681
162 664
177 642
189 622
209 593
223 576
233 567
252 551
274 528
290 511
311 493
326 481
352 456
359 446
367 436
384 416
404 392
419 376
447 339
459 326
466 318
482 299
488 290
488 290
488 290
488 290
488 290
488 290
