440 213
440 213
440 213
440 213
440 213
440 213
432 213
421 215
406 218
361 221
341 222
322 229
307 239
276 265
260 281
227 334
225 342
221 368
220 377
226 402
261 433
301 452
345 457
381 453
442 441
454 437
478 426
531 399
540 389
545 382
550 367
547 342
535 327
528 320
507 306
494 301
466 291
411 278
384 274
337 266
300 268
252 283
228 295
200 313
175 339
168 373
175 400
184 415
225 450
282 484
369 515
432 545
464 569
480 586
500 603
506 605
511 605
513 599
523 557
533 529
556 471
570 419
586 358
589 308
586 278
585 275
585 274
581 274
569 274
557 277
515 296
486 310
419 351
336 422
287 489
241 595
230 658
226 687
224 693
223 695
223 695
223 695
223 695
223 695
224 676
225 630
232 550
235 510
241 424
244 395
244 369
242 360
239 357
233 356
227 356
222 355
217 353
210 350
204 350
202 350
196 352
182 388
163 465
157 502
154 538
155 556
163 583
178 610
183 615
198 617
202 617
209 613
227 586
264 512
313 421
358 319
376 260
397 179
402 156
404 150
404 150
404 150
405 152
408 161
420 192
457 274
457 274
486 333
499 360
517 390
537 416
549 430
558 437
575 453
588 465
599 475
609 485
631 505
641 512
648 517
650 520
652 522
652 522
652 522
652 522
652 522
647 522
639 522
625 522
582 526
547 527
501 525
482 525
446 520
416 516
400 513
382 508
367 505
358 503
311 493
273 487
211 475
196 472
188 470
172 467
170 467
170 467
170 467
181 466
224 463
257 460
287 455
378 431
423 423
454 416
509 398
552 389
560 389
571 388
575 388
576 388
579 387
581 387
583 386
583 386
583 386
583 386
571 394
560 415
549 441
537 483
537 521
560 563
591 603
612 629
630 652
646 669
650 672
651 673
654 673
659 670
674 648
686 616
692 588
691 461
692 405
682 308
651 233
610 160
581 128
575 125
561 124
554 129
535 154
511 203
499 224
472 296
467 308
459 325
453 345
445 376
436 407
429 424
419 439
409 447
390 458
378 467
371 469
367 469
360 469
341 467
326 457
317 443
305 419
272 347
262 298
269 251
290 224
300 218
340 209
378 209
412 211
464 219
507 234
522 245
524 248
529 261
528 281
508 301
469 331
444 351
395 382
358 402
319 424
293 441
265 463
253 477
245 484
231 497
226 501
224 504
219 506
213 510
212 511
212 511
213 512
227 512
242 512
285 506
309 503
352 496
409 487
472 484
501 481
527 479
575 479
605 475
628 472
632 472
643 473
647 481
640 489
619 498
595 508
565 522
485 553
432 574
332 631
219 675
171 691
162 694
157 700
157 702
169 705
178 705
201 708
234 710
279 710
310 715
351 719
388 717
411 714
432 714
482 714
527 712
611 719
645 721
673 727
694 736
705 742
705 746
698 747
678 748
653 749
635 751
599 755
570 756
531 741
488 717
447 689
420 670
372 630
344 593
315 545
311 527
305 472
304 463
304 459
305 454
308 450
312 447
315 447
330 445
354 445
362 447
408 455
428 459
452 462
472 463
477 461
486 453
498 437
503 426
520 388
532 346
533 338
533 324
530 308
526 299
512 286
498 282
492 282
453 282
429 285
386 295
351 308
317 326
297 348
288 381
289 415
299 428
311 439
347 470
375 490
418 527
462 570
524 654
542 684
554 705
572 730
579 742
582 745
582 745
582 745
583 745
592 709
596 683
599 658
602 608
609 557
618 485
619 469
621 445
619 437
615 433
605 434
600 435
591 438
581 454
556 490
523 525
460 588
420 626
402 646
381 665
353 679
337 684
322 687
319 687
316 686
318 670
321 647
327 591
334 533
343 509
354 460
359 420
360 404
359 378
351 361
333 353
303 350
295 350
272 357
237 383
212 402
180 428
162 447
142 489
141 505
141 511
143 528
147 542
151 548
164 558
172 559
179 559
194 554
251 510
305 468
351 438
396 411
452 376
480 359
496 342
505 328
506 323
506 320
504 318
481 311
426 303
399 298
334 285
288 275
265 274
252 274
240 276
229 278
226 278
224 278
224 278
224 278
231 278
259 274
292 271
357 260
441 238
479 236
514 232
534 227
535 226
536 226
536 226
536 226
536 226
536 226
530 226
521 229
514 233
495 255
467 296
441 344
398 458
392 504
393 541
411 582
432 615
459 654
493 691
516 728
532 755
532 755
532 755
532 755
532 755
532 755
532 755
532 755
532 755
532 755
532 755
532 755
532 755
656 767
627 702
607 664
590 624
570 600
544 585
534 580
507 572
466 567
410 562
333 566
321 567
294 567
259 569
259 569
252 570
248 568
245 565
243 540
247 526
253 516
268 496
286 482
296 476
320 457
343 434
358 422
375 404
388 389
401 369
411 347
416 324
408 260
398 232
373 192
358 180
347 177
333 176
326 176
326 183
328 214
331 236
337 286
345 314
362 357
391 422
410 458
438 497
449 514
472 550
494 588
510 612
530 646
544 672
552 687
565 708
568 715
572 722
573 723
573 723
573 723
573 723
573 723
573 723
573 723
575 708
576 677
566 629
552 538
529 442
522 422
503 361
488 315
481 281
480 273
479 261
478 257
478 257
478 257
478 257
477 257
469 259
447 273
411 311
401 323
373 380
364 395
360 409
355 443
350 476
346 521
345 534
343 538
343 538
343 538
342 538
336 536
330 530
301 497
284 474
265 448
239 399
232 377
230 374
226 362
223 356
212 334
194 300
183 286
159 244
151 230
132 201
130 199
130 199
130 199
130 199
129 206
129 225
123 277
122 308
122 331
124 363
128 390
134 416
152 452
161 462
171 472
184 474
194 473
202 469
240 443
252 433
320 380
358 343
385 317
409 281
431 245
457 180
461 168
474 142
481 132
482 131
484 130
484 130
484 130
485 130
489 133
493 136
512 158
520 168
530 189
541 211
550 221
555 226
559 229
561 231
564 233
566 234
568 236
570 237
572 239
574 240
580 243
589 244
593 244
594 244
594 244
594 244
