104 96
104 96
104 96
104 96
104 96
104 96
104 96
104 102
105 108
109 131
112 159
112 189
112 218
109 238
110 272
112 291
115 311
115 332
111 360
107 404
105 439
101 467
101 486
101 517
101 525
98 550
95 567
91 590
91 594
89 612
85 630
85 638
85 643
83 662
83 667
83 679
83 689
83 698
83 704
87 717
91 724
94 728
103 734
109 736
124 741
135 742
144 743
154 744
169 744
183 742
196 741
204 740
210 740
215 737
215 735
215 724
215 721
213 714
209 688
207 677
203 643
198 612
197 586
200 568
204 542
205 527
205 502
205 459
208 414
210 400
210 393
208 337
208 307
208 274
208 260
210 244
224 201
224 201
240 169
247 153
255 140
258 135
267 128
280 120
283 119
292 119
319 122
359 129
371 134
411 156
430 171
438 184
441 193
443 234
440 258
435 280
431 305
422 354
421 364
421 395
425 430
428 450
437 491
438 499
443 528
449 546
456 563
470 584
477 593
494 606
504 613
524 628
534 637
543 643
553 648
561 651
567 653
582 659
585 660
595 664
604 666
616 668
623 668
634 663
639 654
646 630
648 622
650 615
656 595
658 587
660 580
666 565
668 556
670 551
674 538
677 525
681 507
682 503
682 489
682 483
682 473
681 463
681 454
682 445
684 431
683 415
680 395
682 376
683 364
683 348
682 336
682 318
682 308
682 292
682 283
682 265
682 256
682 230
682 206
680 190
679 178
677 168
674 160
670 157
664 154
659 150
649 146
637 143
629 141
615 132
605 127
602 124
588 116
560 104
555 102
547 99
532 96
512 92
498 91
466 90
426 87
415 87
395 89
377 89
367 89
349 86
329 86
315 87
301 89
286 92
279 95
278 95
266 99
255 103
246 107
240 110
230 113
224 115
216 120
212 123
209 127
203 135
196 143
181 175
177 193
177 214
181 224
188 235
190 238
203 254
207 259
219 274
230 289
244 306
253 316
262 326
267 333
292 357
302 366
320 382
325 387
332 394
344 406
359 418
373 434
382 442
393 457
406 471
416 484
427 493
437 502
457 521
478 540
488 551
502 564
516 580
521 587
537 602
548 617
559 632
567 642
576 655
581 664
585 672
591 682
595 692
597 697
598 700
600 706
600 708
598 710
589 714
582 718
565 721
537 726
525 726
512 728
502 730
486 731
476 731
462 731
449 730
437 728
421 726
403 725
381 724
368 724
357 724
351 724
330 724
320 721
312 719
305 718
295 717
283 715
268 713
265 711
246 705
245 703
241 701
234 698
223 694
201 689
184 682
179 680
171 678
153 673
146 672
137 668
122 658
119 656
107 649
105 646
101 639
98 632
96 626
94 620
91 613
87 598
86 591
86 577
88 570
89 565
91 561
94 555
96 552
102 549
109 545
109 545
113 542
128 538
137 536
145 533
151 531
161 527
172 523
191 518
199 516
213 512
225 509
231 507
246 503
254 500
258 498
281 488
307 480
328 476
331 475
342 472
352 468
361 466
368 464
374 462
391 455
406 443
418 432
430 421
442 409
453 400
465 391
477 381
490 367
494 363
499 353
511 342
513 339
517 335
523 329
531 320
538 310
553 289
561 279
564 274
579 257
592 245
605 234
612 228
621 215
628 205
629 202
635 192
641 176
646 159
647 154
647 147
647 141
647 140
646 136
645 133
642 130
634 121
623 112
610 105
604 103
587 100
580 99
579 99
562 95
535 95
508 96
490 97
468 100
460 101
445 104
431 110
416 114
394 119
383 121
366 130
359 133
350 138
343 143
332 154
318 167
315 170
305 180
286 199
280 206
271 222
266 231
261 248
260 257
263 276
265 281
273 293
283 309
296 327
307 339
321 357
337 374
348 384
364 399
379 414
389 423
401 433
429 460
437 465
462 490
472 503
475 508
484 521
495 534
506 549
518 566
532 585
537 594
545 611
546 619
546 624
542 630
531 639
519 645
487 660
459 669
441 673
425 676
403 680
380 684
368 685
364 685
354 686
347 686
335 686
327 686
297 686
282 688
276 690
267 693
256 696
254 697
247 697
191 662
141 614
108 566
101 522
101 513
97 476
93 442
90 421
89 401
89 381
89 366
90 347
92 339
107 326
120 321
131 318
154 318
187 319
221 323
251 328
268 334
297 342
352 353
360 353
379 351
393 349
423 346
435 344
459 340
495 336
503 335
522 329
526 327
540 324
549 321
561 318
576 315
593 311
600 309
605 308
605 308
605 308
605 308
