396 217
388 228
374 242
317 332
300 364
298 406
327 468
400 518
410 533
430 569
436 580
445 592
453 599
472 609
480 609
491 589
493 546
484 470
472 409
469 382
469 346
479 304
491 279
493 272
494 267
445 264
415 264
368 266
339 265
331 265
302 269
275 275
273 276
264 284
257 294
247 320
246 358
247 364
255 384
272 416
293 462
303 493
309 515
314 534
301 564
291 572
281 576
265 577
252 569
245 564
237 556
234 544
231 531
232 492
248 463
258 452
268 444
305 440
380 473
401 483
416 494
422 498
460 502
471 502
490 495
520 475
537 446
532 403
499 361
472 337
462 331
425 320
411 319
399 328
379 345
358 376
356 407
364 448
368 464
377 483
398 523
427 565
436 575
447 588
451 592
457 594
483 582
504 562
551 472
572 391
597 315
607 273
610 226
609 215
607 208
603 203
598 199
553 187
455 174
347 204
319 212
193 250
164 267
163 271
161 295
167 317
182 359
201 399
226 416
262 416
269 415
285 412
325 398
369 380
429 320
443 293
456 267
459 242
450 202
440 193
427 190
424 190
417 194
412 220
414 240
417 243
419 247
433 262
435 264
436 264
436 264
437 267
438 269
436 272
432 289
433 315
437 332
438 344
451 442
452 454
453 470
455 492
459 520
460 521
473 507
495 461
501 339
491 306
484 300
471 291
462 288
454 291
444 301
429 313
426 316
426 316
426 316
422 316
412 320
405 322
384 343
374 394
354 462
321 520
312 531
308 555
317 566
319 567
354 548
379 529
388 504
359 381
328 340
283 278
260 263
202 262
172 279
158 322
147 363
146 375
146 401
146 407
146 410
147 411
149 411
152 411
152 411
152 411
152 411
152 411
152 411
152 411
152 411
152 411
176 407
193 401
218 398
269 401
286 413
305 441
331 462
349 464
353 440
349 393
329 348
283 300
277 298
275 299
284 324
302 341
326 358
330 358
335 358
370 340
376 309
368 264
347 229
317 200
293 196
259 203
242 226
234 243
224 262
210 300
210 315
221 333
232 341
237 342
239 346
230 357
226 363
205 388
186 412
164 447
147 472
119 514
115 522
105 534
99 546
82 568
78 577
77 582
82 606
95 631
105 652
115 659
121 661
138 661
163 659
201 649
228 636
251 611
269 591
317 533
333 510
339 497
343 481
344 476
344 474
346 467
349 452
357 434
366 422
375 414
405 399
432 391
474 386
479 385
481 383
482 378
479 372
465 357
439 339
405 328
369 328
337 332
330 339
332 348
354 360
385 364
430 356
467 342
475 338
489 323
506 299
508 293
508 291
507 287
505 286
502 285
502 284
533 262
569 242
577 241
582 238
595 236
604 234
616 233
620 233
623 234
638 247
650 272
661 299
667 348
658 418
657 426
652 462
653 482
660 496
678 511
700 513
729 503
741 477
748 405
751 360
746 308
722 295
689 285
689 285
689 285
689 285
689 285
689 285
689 285
688 288
687 293
687 293
686 293
677 277
657 249
640 210
609 180
557 162
517 156
497 161
461 187
447 232
448 256
454 278
480 308
503 322
550 349
553 357
548 367
531 376
511 380
477 388
445 407
426 430
420 444
419 454
426 495
428 507
430 523
429 543
419 563
402 591
400 600
397 612
397 621
403 630
416 637
466 642
506 644
591 617
599 590
589 526
567 495
526 447
503 407
479 364
465 321
465 310
465 300
464 285
462 283
462 282
458 278
457 277
457 277
457 277
457 277
451 284
444 302
429 363
406 396
386 414
362 430
358 430
348 424
332 387
322 326
320 294
320 257
316 246
314 244
314 244
303 263
279 333
265 424
263 503
263 506
263 506
266 507
295 501
347 477
403 438
439 383
444 368
459 320
466 299
469 291
475 283
479 279
485 276
488 273
489 272
489 272
489 272
493 288
506 350
516 402
517 443
514 476
515 500
517 511
518 513
520 515
521 515
540 491
548 477
569 430
578 400
584 359
590 324
602 283
609 269
614 260
616 259
620 271
627 302
634 400
637 455
640 488
646 523
648 532
649 541
650 546
651 546
651 546
651 546
650 546
625 548
562 544
525 541
479 536
398 490
345 436
334 414
328 369
327 302
334 271
341 238
341 236
342 236
342 236
359 274
389 344
400 379
400 428
380 467
362 483
329 498
298 509
291 511
286 513
282 518
284 549
320 597
323 603
325 604
370 587
425 549
444 525
454 512
467 503
473 501
474 500
474 499
467 470
440 413
394 345
336 270
331 255
321 234
317 231
316 230
313 227
311 224
310 218
323 212
342 204
391 188
427 174
448 164
480 137
488 122
498 109
500 106
502 104
502 104
499 101
445 83
405 71
370 65
348 61
327 58
311 55
301 55
286 58
270 65
265 72
263 84
268 102
292 131
327 154
378 175
424 189
448 199
462 209
468 219
468 228
456 258
399 293
200 319
127 331
126 332
116 346
100 365
91 384
113 417
136 433
171 449
212 474
219 480
230 488
241 505
241 514
235 531
232 540
216 562
212 567
189 590
179 599
167 609
160 630
155 654
156 664
167 683
181 691
532 585
499 499
482 474
474 463
457 455
430 442
407 427
397 413
384 397
372 379
355 364
349 364
338 367
318 410
315 473
330 539
347 565
379 608
389 625
401 642
429 659
457 664
463 666
475 666
485 665
504 645
519 603
531 562
540 532
547 491
543 454
515 396
509 382
481 333
471 313
452 274
435 240
430 232
412 217
405 215
404 215
404 215
404 215
404 215
404 214
410 213
489 216
619 232
649 235
650 235
650 235
650 235
639 245
607 272
568 330
562 350
518 462
509 495
506 546
509 560
520 577
523 580
546 601
571 622
582 629
585 632
595 642
602 650
613 655
616 649
624 632
641 568
648 504
653 431
665 390
670 371
677 337
680 317
677 287
672 281
658 277
621 277
533 285
392 299
336 319
331 327
348 362
406 402
458 425
487 439
503 447
503 449
503 452
490 456
411 486
388 503
373 520
369 531
363 564
363 578
367 604
369 615
368 630
363 638
350 652
342 656
338 657
332 655
323 642
304 596
286 551
268 472
261 420
263 374
266 350
266 313
253 298
249 298
241 300
208 328
152 529
146 580
154 640
151 666
141 688
138 694
138 694
138 694
138 694
138 694
138 694
138 694
153 686
211 658
257 635
296 581
323 524
335 466
327 446
309 433
282 423
245 422
201 422
179 428
145 496
138 547
128 641
130 669
130 683
134 695
136 702
140 704
148 701
205 669
250 641
301 597
343 550
357 531
366 516
379 497
401 479
439 461
455 457
488 454
525 448
554 436
559 433
559 433
559 433
559 433
559 432
545 428
507 418
479 408
413 388
373 374
310 341
287 319
281 311
273 294
268 277
260 240
256 215
247 177
246 162
246 157
253 150
262 148
337 145
427 151
486 151
495 149
501 145
504 143
509 141
509 141
509 141
509 141
509 141
500 147
456 184
428 211
352 296
338 319
324 357
319 376
324 396
332 400
367 415
420 430
437 434
439 436
440 441
415 464
389 476
300 497
247 500
179 504
176 505
176 505
176 505
176 505
214 505
254 503
395 496
426 491
435 490
440 490
470 485
517 479
527 476
549 466
574 450
584 440
590 418
592 399
591 342
582 325
564 294
546 273
532 265
517 263
511 263
511 263
511 263
511 263
511 263
