225 101
225 101
225 101
225 101
237 106
294 114
395 120
477 135
537 145
567 148
581 149
595 150
622 155
633 158
634 159
634 159
634 159
634 159
611 161
567 170
516 193
473 233
459 250
437 273
417 307
417 328
431 340
482 368
513 381
519 385
519 388
510 401
451 470
428 513
421 555
421 555
440 615
484 670
524 718
543 738
562 765
568 775
573 778
577 774
592 745
621 680
650 599
704 440
729 355
747 279
754 252
765 179
765 129
762 68
759 44
758 30
758 30
758 30
758 30
758 35
763 110
763 162
759 279
751 344
751 420
754 459
760 510
760 535
760 581
757 599
755 610
750 628
743 642
732 657
726 665
715 679
712 682
704 684
696 684
647 646
591 567
567 455
569 426
589 342
601 288
621 226
644 172
657 112
659 91
660 78
660 77
660 77
660 77
642 87
599 114
571 138
528 188
518 245
588 385
603 400
642 453
656 478
666 502
664 520
633 544
612 560
607 565
588 582
572 597
569 610
575 629
579 634
586 650
586 660
586 663
572 667
521 673
483 676
406 684
355 687
311 692
299 694
286 694
273 693
254 690
240 680
234 647
230 603
230 572
243 541
267 514
351 468
448 415
485 389
540 351
583 327
631 295
637 266
635 222
617 163
605 139
583 113
568 105
534 96
461 92
396 95
357 100
321 114
317 119
314 126
313 137
339 161
378 188
420 214
431 228
431 234
428 244
387 266
367 276
338 289
317 307
311 324
326 361
362 397
388 418
409 439
413 454
408 462
384 479
326 502
291 515
225 544
203 548
181 564
175 570
148 595
139 605
130 628
130 641
130 653
134 664
137 672
139 677
139 677
139 677
133 669
119 625
110 534
107 496
107 441
105 385
106 343
111 299
114 272
124 201
124 196
121 167
120 158
118 146
118 140
118 130
120 106
121 91
121 86
121 83
120 83
120 83
113 100
104 156
102 245
103 262
109 309
115 384
118 415
122 455
116 506
111 535
108 562
105 580
103 589
99 604
97 620
97 626
95 639
93 647
93 655
94 662
96 667
98 669
104 675
111 676
119 676
145 666
156 660
172 619
176 585
179 508
188 437
191 423
199 382
207 306
212 247
229 193
245 163
260 142
277 128
283 126
293 131
328 157
348 179
357 199
365 244
349 320
336 371
317 444
308 512
311 550
316 581
320 596
323 611
327 622
331 631
333 637
342 648
355 654
367 657
394 657
424 645
473 621
508 598
542 569
565 526
564 491
554 452
530 375
526 350
519 291
517 266
518 238
520 219
520 176
523 147
533 114
542 97
550 84
571 66
599 61
607 59
610 59
626 70
643 93
671 168
683 255
681 287
682 362
682 399
678 436
674 471
671 531
668 556
664 577
661 592
660 601
660 612
662 626
663 631
665 644
665 652
663 657
643 664
546 657
437 626
320 601
285 597
260 594
257 594
244 597
243 600
245 614
248 626
249 639
247 648
242 651
222 654
207 656
187 660
173 666
167 670
166 674
166 677
177 685
193 690
218 697
246 701
273 704
321 704
345 704
383 697
406 692
476 678
500 674
528 667
543 659
604 628
616 618
610 591
587 564
560 544
523 527
486 519
442 515
371 516
363 517
307 536
268 544
243 547
240 547
229 543
214 531
192 514
182 491
184 449
202 406
210 399
256 377
285 373
404 372
488 376
718 326
731 294
727 265
715 239
704 219
686 199
652 182
603 173
586 171
509 175
402 184
359 187
327 194
325 196
316 204
299 228
297 250
303 274
349 324
390 359
405 381
409 390
400 412
378 422
332 443
285 470
274 484
271 494
274 515
288 542
297 557
304 582
297 601
259 622
251 626
209 646
200 649
185 658
181 665
181 669
181 669
191 672
213 672
228 670
322 669
349 669
368 668
412 660
461 653
477 647
492 638
496 630
501 614
512 591
516 576
515 566
485 547
428 529
291 501
223 495
214 495
211 495
203 496
151 491
114 476
110 461
156 407
182 374
203 355
261 330
310 316
357 307
395 299
417 288
461 265
492 239
543 203
561 186
556 129
515 93
473 83
437 79
273 71
142 72
95 78
86 82
85 84
85 86
89 100
116 132
156 166
218 222
267 266
295 293
337 339
383 405
419 453
446 481
467 501
483 518
500 537
517 557
524 567
534 582
543 592
552 603
565 621
587 639
595 646
604 650
615 653
620 655
624 656
626 656
628 643
641 591
651 556
657 489
650 445
639 333
623 259
622 218
623 210
637 170
645 155
652 135
656 121
662 97
664 92
665 92
665 92
665 92
670 94
683 102
693 109
707 113
709 114
710 116
712 117
713 118
713 118
691 136
662 170
655 179
634 205
633 223
646 255
654 276
657 298
657 323
654 345
622 384
574 413
549 446
547 475
550 497
552 533
546 540
497 565
469 575
438 583
397 595
374 607
367 610
361 613
356 615
327 624
299 630
276 634
228 644
216 645
185 648
144 652
126 657
111 661
108 663
86 675
81 678
79 681
79 681
79 681
79 681
79 681
79 681
79 681
89 664
116 623
172 554
189 533
228 493
262 450
288 413
314 379
365 330
434 270
467 245
495 225
536 193
563 165
566 159
570 150
573 142
575 132
552 120
486 117
405 124
307 134
296 136
273 143
254 148
230 150
213 152
212 153
212 153
212 153
210 157
210 158
210 159
210 159
210 159
210 159
210 159
210 159
210 159
210 159
210 159
210 159
210 159
212 165
210 185
207 212
192 288
175 368
166 413
155 492
160 539
169 570
185 599
285 637
340 638
399 623
444 607
470 600
504 592
526 590
539 587
543 583
554 578
562 576
562 576
562 576
566 582
567 590
565 604
558 623
545 641
515 667
469 688
453 690
395 692
382 692
372 690
355 685
347 683
341 680
344 678
372 663
414 649
484 630
542 612
570 599
597 581
601 568
601 540
599 522
585 489
568 468
555 456
539 440
513 427
490 423
451 420
445 420
435 424
409 447
378 482
367 500
354 539
332 599
318 646
312 680
308 691
305 693
283 697
207 679
180 665
155 632
142 603
134 584
133 575
142 551
154 534
185 510
259 497
299 494
365 482
399 462
410 440
411 436
414 411
412 396
400 379
364 352
325 335
216 342
212 345
208 359
213 398
233 441
263 491
303 551
318 579
333 618
330 641
325 648
299 658
258 657
218 642
159 604
129 573
123 557
127 543
153 511
170 497
219 485
271 478
302 475
318 471
361 458
429 443
447 437
463 428
481 418
507 399
516 389
528 366
537 351
552 317
565 288
583 256
588 251
627 226
683 196
692 188
702 177
710 158
710 149
708 146
693 137
675 133
621 137
550 145
477 152
459 153
454 155
446 161
437 184
442 236
459 286
460 306
459 336
441 355
422 362
346 364
314 367
293 383
291 389
296 408
303 440
296 465
288 482
274 503
252 544
227 584
206 607
194 618
183 620
147 588
132 504
135 486
149 408
146 380
146 366
146 348
146 324
145 296
145 290
143 275
142 267
137 251
134 238
133 226
133 223
131 206
128 197
126 183
120 166
117 154
114 143
112 136
112 134
112 134
112 134
139 156
194 202
244 237
273 259
308 289
314 296
336 322
344 333
375 387
402 430
419 470
435 504
466 550
499 588
515 619
534 663
546 689
563 724
573 746
590 761
602 766
607 769
622 771
633 753
634 710
637 655
651 604
661 563
662 523
652 495
641 429
639 394
639 375
633 328
631 301
630 290
630 268
629 259
629 248
629 237
629 229
629 221
635 200
638 191
644 174
647 166
652 157
655 152
657 149
660 144
662 142
663 139
664 138
673 116
681 106
690 100
694 96
694 94
694 94
694 94
