313 445
313 445
313 445
313 444
313 444
322 443
327 442
333 442
352 444
404 447
440 441
458 434
469 431
477 430
478 430
478 430
478 430
478 430
474 430
429 456
374 507
350 534
343 552
342 575
346 589
354 600
367 613
390 630
407 643
423 652
432 657
437 659
439 656
441 650
449 619
452 607
463 537
465 505
464 459
457 412
457 400
455 386
455 378
455 378
455 378
455 378
455 378
455 385
455 395
444 476
435 567
430 608
423 654
418 684
405 710
397 727
394 734
390 736
390 736
390 736
376 700
362 646
339 564
296 398
289 370
273 313
270 301
265 282
265 282
265 282
262 292
251 320
237 360
217 440
202 500
196 535
193 583
203 609
220 622
233 628
249 626
257 619
266 608
289 574
304 539
326 494
355 447
359 442
373 427
377 422
377 422
377 422
381 424
387 432
411 477
429 519
451 585
460 605
487 644
492 646
495 644
508 626
525 602
534 584
550 524
553 459
545 365
536 336
518 292
494 245
482 221
460 191
427 172
410 165
370 167
362 168
332 185
314 206
301 225
291 252
288 295
294 325
306 351
314 364
331 388
354 421
370 441
390 463
400 472
423 488
427 490
434 492
440 491
444 487
444 487
444 487
444 487
444 487
444 487
440 491
435 495
388 522
359 545
350 555
348 567
344 578
343 580
340 583
337 583
328 580
322 577
308 573
296 569
282 565
276 563
260 553
246 540
236 529
223 502
220 478
225 430
230 395
247 352
254 344
265 332
271 328
274 327
315 341
332 352
391 389
425 415
450 434
485 463
512 492
556 533
586 557
600 569
615 582
634 601
650 620
665 642
683 679
700 729
701 735
701 737
688 727
670 709
615 656
583 638
566 630
530 614
496 602
467 592
432 588
412 587
386 587
332 587
295 581
270 579
250 579
231 578
222 577
213 577
208 577
197 581
191 584
184 592
169 614
163 624
163 624
166 627
179 638
192 646
199 648
211 653
214 653
218 648
238 624
292 568
313 541
349 488
380 443
409 399
429 360
447 328
457 305
460 271
458 259
454 248
437 231
428 227
383 218
352 215
257 213
203 217
175 228
141 250
136 259
136 265
145 295
150 304
175 342
207 378
225 394
262 433
281 457
297 483
306 506
307 519
294 539
282 549
238 586
199 636
190 677
193 709
193 729
192 738
179 749
173 749
145 735
91 686
73 673
64 649
65 620
69 592
80 567
94 545
106 534
118 529
124 527
142 523
160 522
190 522
222 520
249 520
293 519
338 517
378 516
396 514
416 512
459 506
483 503
506 503
539 503
549 501
557 497
560 493
567 475
569 400
561 366
545 321
516 258
497 238
487 230
486 230
484 230
482 234
478 245
473 273
470 297
468 337
468 364
470 433
470 446
468 498
467 537
467 560
464 595
461 606
449 624
440 634
421 646
408 648
395 643
385 636
372 627
354 602
343 574
326 510
323 492
313 399
313 357
333 286
352 256
359 246
369 234
370 232
377 226
379 226
389 228
416 251
432 280
435 290
436 363
431 392
425 428
424 444
422 466
422 488
426 499
435 523
443 537
458 557
463 564
468 570
477 580
481 583
484 586
489 586
502 577
530 555
548 534
586 479
601 447
607 428
609 398
601 363
594 355
580 348
571 346
555 348
542 379
540 393
541 410
545 442
554 470
563 495
570 532
574 549
579 569
580 578
581 595
578 607
574 624
572 639
573 665
578 676
592 693
599 698
606 702
608 702
611 699
621 681
631 663
660 596
668 531
668 489
665 453
646 418
643 413
624 399
614 396
603 396
591 400
590 401
590 401
590 401
587 402
584 403
568 406
514 411
434 415
344 404
294 401
249 397
188 394
121 395
66 399
58 399
58 399
58 399
58 399
58 399
58 399
62 401
65 402
87 407
124 412
163 415
217 418
282 431
360 448
396 461
448 478
491 497
508 506
531 521
541 534
543 542
544 553
543 556
524 561
465 568
448 569
389 584
324 598
262 615
218 628
205 634
194 642
189 654
189 659
189 666
193 676
196 682
216 700
234 711
257 723
268 729
300 740
330 747
350 747
380 742
406 740
449 735
465 733
491 730
516 722
518 720
522 713
522 705
522 689
514 669
501 654
479 635
432 613
360 598
317 593
286 589
272 586
258 581
254 575
250 562
245 536
244 509
244 495
247 447
250 425
276 397
288 397
316 400
346 409
363 413
379 413
408 405
439 390
455 366
461 327
452 281
423 219
404 186
386 168
365 159
351 159
343 160
337 167
337 173
337 181
338 184
341 195
349 208
351 211
360 221
379 240
398 260
409 276
429 306
436 322
437 327
441 353
441 367
441 396
441 416
440 432
435 440
423 453
420 470
419 502
433 551
449 587
499 661
522 687
523 689
513 678
501 654
484 633
478 630
476 626
475 621
475 620
476 610
480 596
482 590
486 580
494 566
499 560
510 542
524 522
542 477
558 450
570 434
578 426
578 426
578 426
578 426
578 426
581 437
583 455
588 492
589 538
589 561
603 612
628 652
638 665
641 670
641 672
640 672
639 672
638 669
640 640
645 596
641 515
623 456
596 401
563 377
532 373
457 397
428 417
404 443
399 496
408 526
429 573
441 604
443 614
443 631
433 639
416 644
382 649
370 652
325 663
258 666
253 665
245 662
232 650
217 631
215 626
208 582
207 574
205 554
207 499
212 452
216 419
216 384
213 368
210 354
205 342
195 326
182 311
169 302
158 301
148 302
130 306
121 314
113 350
111 385
115 416
126 459
138 484
147 501
151 519
155 532
164 554
166 557
169 559
171 559
181 560
193 555
214 540
246 510
261 490
278 455
280 440
276 433
252 422
249 422
245 427
248 431
256 436
268 439
277 439
286 439
294 437
304 427
309 417
321 380
328 343
332 319
335 298
335 289
333 288
334 294
339 307
345 316
387 364
424 385
449 382
464 369
475 352
487 334
504 314
518 299
527 284
530 276
533 273
534 272
541 272
556 280
582 294
633 315
647 315
661 310
665 303
667 297
668 269
667 262
659 251
653 250
650 250
644 254
637 273
635 290
635 336
635 357
635 401
638 425
644 451
649 477
655 515
658 538
661 562
667 599
667 609
665 620
661 625
658 628
650 631
633 635
596 640
560 642
536 640
484 620
447 593
395 549
359 508
317 460
284 389
262 340
238 278
226 243
222 234
220 228
217 225
214 225
210 225
182 250
171 260
154 275
141 290
140 297
141 303
146 313
147 316
152 325
161 336
173 348
181 356
194 362
208 368
244 369
266 365
284 365
292 365
303 363
307 362
307 362
307 362
307 362
