189 115
189 115
189 115
189 115
189 115
189 115
189 115
189 115
189 115
189 115
191 161
194 188
191 249
191 286
200 326
206 349
208 354
217 376
232 397
234 400
239 413
247 434
249 441
256 451
265 458
275 466
276 466
278 466
280 456
273 428
257 383
242 358
229 341
216 329
193 310
182 306
173 306
166 313
159 324
144 362
145 401
155 442
169 476
183 508
198 535
202 546
205 556
207 562
207 571
203 577
195 587
181 601
173 608
170 610
169 612
168 624
179 644
196 673
207 693
208 699
204 701
199 701
187 700
181 698
162 694
155 692
143 684
132 670
129 662
126 649
126 639
127 624
128 617
139 583
149 565
163 538
169 529
185 510
195 498
203 488
204 476
203 447
186 394
171 365
148 337
137 330
134 328
126 324
124 324
124 324
124 324
125 324
142 344
166 389
205 479
213 544
209 602
203 617
190 632
159 654
152 659
144 667
140 669
133 671
132 671
130 671
127 671
124 669
123 658
123 651
122 619
117 576
117 559
127 526
131 517
151 495
169 477
181 464
193 449
202 436
206 419
198 375
170 325
163 316
143 290
121 269
100 244
79 222
68 213
68 212
68 212
68 212
81 235
99 268
114 297
133 343
140 375
138 421
132 444
123 460
112 475
99 488
84 512
75 526
74 538
77 555
86 571
97 589
105 605
111 634
114 648
117 658
119 664
128 677
152 697
166 704
197 690
207 683
243 644
280 585
303 506
308 449
287 388
282 381
255 351
237 330
224 313
211 296
211 295
211 295
211 295
211 295
211 295
230 303
269 320
290 329
295 332
299 333
301 334
301 335
297 350
290 362
247 414
220 461
220 495
234 520
248 537
268 555
293 575
308 585
322 590
324 590
333 582
341 569
359 503
361 467
361 434
353 404
345 387
337 377
333 375
333 375
330 375
328 375
328 375
332 381
358 406
388 434
411 459
429 471
444 476
445 476
448 474
453 464
477 416
492 378
500 349
499 306
483 267
477 262
470 260
457 259
444 260
434 262
424 276
417 294
407 355
410 382
418 433
428 471
445 520
448 530
448 545
451 557
467 574
473 580
475 582
475 581
479 576
503 556
520 506
520 481
522 452
531 404
536 381
533 337
513 313
466 287
426 278
384 273
309 282
285 285
255 290
250 290
250 290
250 290
250 290
250 290
250 290
250 290
252 290
259 290
276 285
276 285
322 273
387 265
422 261
437 258
460 257
463 257
469 260
477 266
485 273
508 319
509 340
500 376
490 383
479 388
437 397
430 400
426 403
424 417
427 440
464 504
483 528
525 573
552 600
572 624
574 626
574 627
574 627
576 629
587 640
601 657
611 667
654 680
731 673
765 665
765 665
765 665
765 665
765 665
765 665
765 665
765 665
765 665
765 665
765 665
765 665
765 665
765 665
765 665
765 665
765 665
765 665
785 349
765 323
701 273
664 253
580 223
545 217
537 215
534 216
524 235
521 285
541 344
558 393
572 431
591 470
603 490
611 506
614 520
619 549
621 561
621 572
621 596
622 633
623 647
627 669
628 680
632 692
632 696
633 709
633 712
633 713
633 713
633 713
633 713
633 710
633 694
639 645
645 600
651 544
654 507
656 484
663 441
669 413
674 386
681 354
688 322
690 312
696 293
697 292
697 292
697 292
697 292
704 296
729 312
747 325
765 338
773 344
773 345
773 346
773 349
764 352
727 363
701 372
648 410
629 434
627 457
632 470
662 520
677 544
701 593
715 627
718 640
718 650
714 656
709 658
691 663
664 668
635 672
613 673
553 674
518 663
494 648
462 621
427 574
416 550
399 496
394 474
400 457
406 452
429 445
457 441
489 436
495 434
499 434
501 432
502 428
502 426
494 405
463 385
425 369
369 363
314 371
304 374
296 386
295 416
306 451
342 505
378 542
393 555
398 560
399 562
399 562
399 562
388 564
345 567
320 570
275 574
240 569
232 565
232 562
234 553
250 529
256 520
286 479
303 464
314 461
334 466
339 470
354 484
366 493
388 512
399 519
406 523
408 523
414 518
420 508
430 490
436 465
441 435
442 413
444 398
445 388
445 370
445 368
446 368
449 369
471 390
487 406
521 449
539 485
552 514
566 549
571 555
574 560
576 564
577 568
578 570
578 571
578 571
578 571
578 571
578 571
578 571
584 569
589 560
602 533
623 486
632 452
635 436
639 391
644 350
649 302
651 276
651 253
650 237
646 234
636 229
630 228
592 223
545 218
501 219
472 220
461 220
461 221
467 227
488 244
516 278
520 291
517 305
509 312
480 323
455 332
429 358
427 362
425 381
429 409
436 433
443 477
441 507
439 527
430 543
423 550
407 560
394 567
391 576
385 588
383 593
381 600
376 614
371 623
366 629
363 634
351 653
346 657
345 657
340 657
333 655
321 651
315 648
308 644
295 635
285 627
265 606
245 582
237 569
221 528
209 501
202 479
202 449
204 429
210 418
216 415
231 411
337 473
382 508
393 518
411 522
414 521
417 513
422 500
425 491
442 466
459 440
485 398
493 383
504 360
509 338
510 332
513 320
515 315
521 302
542 286
549 284
564 282
582 281
587 282
597 282
598 281
605 268
606 263
612 239
612 239
614 219
615 203
610 180
590 151
580 144
551 131
530 126
514 123
498 123
471 133
459 145
457 151
456 174
458 186
465 219
469 235
473 255
473 275
469 285
458 297
440 314
435 324
433 340
440 376
448 401
462 434
475 458
491 487
496 498
497 526
493 537
492 540
482 553
479 557
457 570
402 593
368 604
330 610
293 614
233 624
202 628
143 631
69 621
47 610
43 604
42 591
46 569
47 536
51 514
55 497
64 475
70 459
77 450
91 439
124 419
133 416
151 408
174 404
212 398
239 399
279 416
333 443
382 473
389 484
395 524
391 550
389 558
380 573
374 583
365 599
363 622
370 645
379 661
392 673
414 687
437 700
440 700
441 700
445 700
457 695
485 673
491 665
514 642
541 613
557 588
567 552
572 517
576 479
579 440
565 382
554 364
534 348
530 345
505 339
478 335
460 335
442 336
436 337
432 347
430 373
433 397
436 419
437 453
430 470
418 485
396 499
365 509
327 521
294 530
270 535
268 535
267 535
264 529
262 523
259 513
253 481
246 442
246 428
251 408
278 377
286 371
294 369
301 369
313 372
332 373
345 372
345 372
359 367
381 357
399 353
414 343
454 322
466 316
490 296
508 281
541 257
552 245
565 230
569 220
572 214
572 212
570 208
561 201
550 193
531 179
518 175
502 173
479 169
473 169
451 165
420 159
400 155
383 152
366 146
327 132
310 127
284 121
262 117
255 116
254 116
254 116
254 116
254 116
254 116
254 116
254 116
254 116
254 116
254 116
254 116
254 116
254 116
254 116
254 116
254 116
254 116
254 116
254 116
