219 119
219 119
219 119
219 119
219 119
219 119
216 120
215 121
212 125
206 133
191 161
182 185
179 239
181 277
184 305
184 311
184 315
186 323
192 337
204 350
219 361
234 366
248 364
253 362
272 345
293 326
309 315
328 295
331 294
335 293
342 296
360 318
371 343
383 379
408 431
422 459
451 495
465 504
484 509
491 508
515 494
532 475
537 464
544 431
548 392
548 369
529 338
489 310
454 295
433 287
421 284
404 283
395 283
381 286
375 289
349 298
346 299
342 300
338 306
335 315
333 319
332 323
332 330
336 340
345 357
354 365
367 378
383 393
408 412
418 421
433 431
445 434
463 433
475 424
478 422
478 420
478 420
478 420
478 420
478 420
478 420
470 420
441 437
403 460
394 468
385 484
385 490
390 502
407 523
414 533
421 540
430 548
437 553
441 556
444 558
449 562
474 570
511 561
516 558
523 549
528 522
524 490
514 461
500 429
476 386
463 366
429 334
407 320
385 315
353 317
328 325
294 346
261 374
246 391
222 434
218 448
218 458
217 475
217 478
212 499
212 515
214 526
220 543
230 580
233 588
243 620
256 638
263 645
275 650
284 650
297 642
306 635
341 606
384 562
415 530
453 491
491 446
510 420
517 405
519 395
519 384
518 371
516 359
516 343
518 332
522 308
527 279
533 230
529 146
514 117
487 104
448 102
390 109
311 131
251 154
231 165
205 180
200 192
200 204
204 215
215 239
223 259
235 280
247 295
264 315
278 330
282 335
298 357
332 392
339 402
354 422
365 437
382 455
398 474
410 488
421 499
454 528
468 543
476 550
489 563
497 575
502 585
503 587
506 593
505 598
501 601
451 612
397 623
359 630
267 636
240 636
205 635
188 629
182 627
165 618
151 606
141 591
139 568
149 539
162 522
182 509
228 492
298 480
312 479
338 479
397 474
420 469
444 459
462 449
476 438
487 428
498 415
505 405
516 384
519 372
521 363
524 346
510 322
504 315
479 305
446 298
399 292
354 294
295 301
259 311
235 326
230 346
227 368
230 423
239 455
249 480
259 524
262 541
263 568
257 581
253 586
238 609
230 614
224 619
219 628
216 644
217 657
219 672
220 682
220 682
218 682
216 682
209 679
196 675
187 671
174 658
171 651
167 630
165 605
164 583
164 541
172 518
187 501
206 487
218 479
259 458
274 450
303 432
331 410
372 374
397 355
434 329
488 294
504 283
527 257
546 232
559 209
563 195
564 179
557 163
542 148
530 140
470 124
436 121
351 111
298 95
239 80
169 65
142 60
136 58
128 57
127 57
118 58
116 60
108 83
107 97
107 132
110 148
132 188
149 219
153 231
164 255
185 305
211 361
234 409
242 426
261 460
272 481
276 494
280 508
296 537
309 554
329 575
339 584
345 588
349 590
353 592
355 592
364 592
384 582
415 563
441 544
468 517
505 471
522 446
552 389
562 367
569 349
574 332
580 315
585 304
589 295
589 293
589 283
586 274
585 271
570 259
550 249
519 234
483 219
445 205
383 196
356 192
300 185
269 185
255 185
244 185
240 185
240 185
240 185
239 185
237 185
231 189
226 194
222 200
218 210
215 216
208 229
204 242
197 253
191 265
185 278
181 291
180 297
173 313
173 314
171 316
171 318
169 320
167 324
165 329
162 339
158 351
157 355
154 368
149 378
145 387
145 391
141 402
137 421
133 438
129 456
129 464
129 466
129 481
129 489
129 498
129 510
128 521
128 536
128 545
126 558
125 577
125 588
126 602
129 612
132 623
136 637
141 649
143 652
154 660
166 666
168 667
175 669
192 674
199 677
215 678
238 675
253 672
266 667
283 657
309 645
344 623
353 617
401 583
476 531
504 512
562 480
576 469
585 459
592 448
597 423
602 400
608 377
613 340
613 332
613 310
610 296
602 275
591 257
576 236
560 220
537 205
511 194
468 184
446 182
412 182
373 184
331 187
281 202
259 210
235 226
222 241
216 255
215 260
213 284
213 299
216 311
222 327
237 350
251 367
263 377
273 387
286 400
297 412
311 430
326 448
341 474
343 487
343 493
341 505
337 518
332 529
322 559
320 570
317 588
317 598
321 615
323 620
325 627
332 638
341 641
358 649
371 653
402 662
432 667
443 667
450 665
452 662
454 660
471 645
475 641
483 631
487 627
503 608
515 595
525 582
528 576
534 562
536 552
537 536
537 525
535 519
531 503
531 491
531 484
531 479
530 470
530 462
534 451
538 440
545 434
548 430
549 429
550 428
552 426
554 426
560 432
562 440
576 472
581 485
597 518
602 536
604 547
604 559
604 572
604 591
605 609
610 622
614 635
620 645
628 656
632 662
643 673
652 677
657 679
663 679
668 678
675 676
684 671
698 647
704 629
706 616
710 598
715 573
720 552
721 540
721 525
721 509
723 486
723 471
723 462
723 440
719 416
715 403
712 388
707 365
705 354
696 317
685 293
677 278
657 243
652 233
641 212
637 199
632 187
621 169
609 156
594 142
573 131
561 128
539 128
518 134
494 152
468 174
451 187
434 209
428 239
426 255
427 279
440 321
445 334
450 350
454 364
456 377
450 400
440 411
419 425
383 440
341 454
299 480
291 509
296 534
303 551
316 575
320 591
323 609
324 634
324 641
324 643
324 647
321 648
321 651
320 653
325 657
331 660
336 662
350 663
368 659
404 642
429 628
455 607
481 590
507 570
516 545
518 537
521 526
524 515
524 506
522 497
516 475
511 467
505 456
502 454
494 444
486 440
467 428
464 427
444 419
421 412
408 407
382 392
368 382
353 365
337 347
332 333
332 325
336 320
348 316
370 317
392 318
441 326
487 343
522 369
527 382
528 390
516 418
479 465
457 500
452 532
463 554
473 569
493 601
497 612
514 645
529 681
531 690
528 703
522 705
504 705
492 702
450 695
416 685
379 670
359 657
338 636
321 613
294 570
286 546
281 521
284 501
291 493
303 479
315 462
326 450
340 435
364 415
399 389
416 376
441 358
445 350
446 334
445 330
442 316
441 314
441 309
441 309
441 309
441 309
441 315
442 337
440 371
424 422
413 482
410 506
410 526
406 546
404 564
402 578
402 588
402 592
402 593
402 593
402 593
402 593
408 589
416 577
438 532
458 492
489 449
512 416
554 376
564 369
573 360
579 355
580 354
584 350
587 348
587 347
589 347
593 351
598 362
602 371
606 382
610 392
613 401
616 407
620 417
625 422
631 425
635 427
640 429
646 430
652 429
657 427
670 418
681 404
687 394
692 382
693 382
693 382
693 382
693 382
687 380
672 376
628 369
606 367
597 367
579 363
567 360
550 358
536 357
513 355
486 355
434 357
392 359
342 356
332 356
318 355
288 354
274 354
271 354
268 354
268 354
268 354
268 354
268 354
268 354
268 354
268 354
268 354
268 354
268 354
268 354
268 354
268 354
268 354
