335 187
336 187
336 187
339 190
342 191
374 209
424 215
492 217
538 205
549 192
560 168
561 150
552 138
531 128
505 124
484 121
473 121
452 129
444 135
428 154
419 172
416 193
416 202
421 214
439 236
444 244
462 266
467 273
470 280
479 296
496 330
516 364
522 384
528 404
529 434
522 453
503 469
489 472
452 475
391 473
360 464
327 437
326 395
331 367
345 338
360 325
376 320
426 319
461 323
486 329
492 329
507 307
518 280
529 161
508 117
466 77
445 67
438 80
456 118
478 141
524 181
556 210
567 227
565 241
537 280
511 312
499 367
506 397
525 426
550 451
562 475
555 503
552 507
542 533
532 554
529 567
533 590
542 600
550 607
568 621
593 630
621 639
637 644
640 647
640 649
642 661
642 665
634 676
624 686
608 706
606 712
603 721
603 729
608 734
632 734
647 729
668 718
693 696
709 654
714 625
713 570
708 514
701 488
681 442
663 409
646 390
633 381
633 380
632 380
632 380
632 380
653 352
686 290
684 225
663 182
649 165
620 146
593 136
572 135
566 136
556 149
555 178
569 216
583 243
591 265
592 274
590 301
583 319
570 344
555 390
561 442
608 512
629 554
632 571
632 583
629 599
621 609
611 616
609 620
605 626
600 629
600 632
603 634
605 637
605 641
605 645
600 648
578 652
560 654
535 649
503 616
481 555
482 528
490 500
497 453
497 443
496 438
491 419
480 377
473 347
464 331
448 312
442 309
424 298
410 290
394 286
385 286
374 291
365 320
361 382
365 422
381 464
401 511
413 544
428 590
430 614
430 634
430 656
428 668
418 691
411 699
393 712
348 720
334 717
321 705
293 667
284 628
289 574
297 535
313 483
319 446
324 417
317 358
299 321
279 290
261 270
247 260
238 258
218 256
207 260
201 263
173 316
159 369
156 406
159 458
169 505
183 568
187 607
189 648
192 666
201 676
213 680
224 680
265 653
311 584
317 548
317 510
322 464
323 458
328 428
332 405
342 379
356 355
361 347
364 341
365 340
367 339
367 339
367 339
380 377
401 445
405 469
413 511
428 530
442 544
455 556
473 569
486 572
498 571
518 552
541 515
550 491
565 434
570 381
571 339
571 313
562 294
536 271
529 266
517 261
503 259
497 262
483 296
476 328
476 351
507 399
534 426
576 483
579 511
578 529
566 559
551 579
541 588
526 600
500 613
458 630
446 632
421 634
387 620
345 583
306 542
297 527
296 502
302 484
307 466
314 451
321 442
346 424
351 422
359 421
402 429
439 447
464 461
470 464
484 457
509 432
521 404
520 362
515 339
512 332
504 327
478 329
472 333
417 377
404 393
400 418
422 475
439 503
455 528
459 543
460 561
451 579
443 590
414 606
394 610
366 609
349 607
339 605
334 602
318 568
303 489
309 430
318 414
322 406
362 384
414 366
432 355
446 338
458 310
445 253
389 196
357 179
328 166
295 160
282 186
277 213
275 271
289 301
370 379
474 470
498 502
503 533
504 556
504 574
491 594
472 612
443 620
412 618
378 611
338 597
300 570
290 545
285 524
284 515
285 498
295 483
306 478
315 477
322 492
323 519
314 536
291 541
254 536
217 515
208 506
196 481
204 453
220 434
234 426
256 415
271 411
303 408
325 424
327 431
330 437
333 440
346 437
370 417
397 387
408 371
435 343
439 332
441 320
441 312
434 305
418 293
415 290
415 290
415 290
415 290
423 314
435 358
442 381
448 391
450 391
456 385
480 330
483 309
483 256
481 248
480 247
474 247
463 264
435 317
413 352
411 354
411 354
411 354
408 334
407 290
407 280
407 270
407 270
407 270
403 279
394 305
384 327
379 335
373 339
360 326
317 255
297 216
290 205
290 204
290 204
290 204
286 234
283 269
275 297
273 298
273 298
273 298
273 298
270 290
240 210
237 190
235 178
234 174
234 174
234 174
224 211
214 237
202 260
202 261
202 261
202 261
197 247
174 202
169 192
168 191
168 191
167 191
143 268
138 287
135 294
135 294
135 294
124 267
119 253
118 243
118 239
117 233
117 233
118 236
128 264
140 334
150 370
156 390
158 397
162 409
164 414
165 417
176 436
188 461
197 476
206 495
214 505
221 513
230 520
233 521
245 523
268 519
308 509
363 488
376 483
379 480
390 465
410 429
422 405
445 364
467 314
472 279
472 236
465 200
464 188
466 176
475 158
479 148
501 114
519 94
528 89
535 93
548 107
566 133
575 160
576 175
576 185
573 197
570 199
564 199
556 199
541 185
540 182
543 175
556 164
567 157
579 146
584 136
585 132
580 123
547 103
526 95
523 95
500 116
490 126
477 151
498 182
527 184
535 180
568 98
555 70
545 54
538 46
529 36
528 36
528 36
525 49
525 80
533 153
543 181
551 223
556 248
548 281
520 296
487 314
471 331
464 348
450 389
448 416
460 455
474 491
486 532
486 536
480 542
472 544
427 548
364 546
320 537
286 526
273 521
247 505
233 501
230 501
222 504
220 510
218 546
218 546
220 558
232 569
241 570
293 570
337 575
377 583
390 583
417 583
447 579
448 579
448 579
448 579
448 579
443 579
411 589
384 595
347 597
307 598
266 603
228 611
214 617
203 624
200 629
207 645
215 650
235 659
274 665
301 668
340 668
371 671
382 672
436 670
467 665
471 663
485 657
492 655
507 647
523 632
541 599
549 570
546 531
526 499
479 445
436 409
388 376
352 358
323 348
291 330
279 321
257 301
230 253
220 232
206 203
202 190
201 180
202 174
209 165
235 160
257 157
313 159
325 161
390 160
430 159
448 159
448 159
448 159
448 159
448 159
448 159
448 159
450 159
452 163
447 185
421 234
388 271
351 314
340 330
308 380
278 422
263 442
240 479
224 504
220 523
227 534
238 543
267 550
317 548
409 524
462 515
486 513
510 513
525 514
535 515
567 516
572 516
574 516
575 535
578 586
591 623
606 651
617 670
623 677
631 685
634 686
634 687
636 687
653 670
668 653
696 595
692 512
664 459
578 340
547 285
542 258
535 231
504 194
499 189
497 188
493 187
480 189
471 191
455 198
417 222
364 268
333 322
297 380
290 407
292 428
300 469
317 504
362 551
382 567
396 575
447 586
458 587
478 569
495 499
497 474
492 450
471 408
465 398
427 366
420 362
388 354
379 353
369 353
354 353
341 359
321 383
310 410
308 434
323 459
328 467
343 480
352 481
380 478
450 459
496 446
510 429
528 389
533 374
544 348
547 325
546 303
525 274
506 254
487 248
430 239
403 239
390 241
349 244
339 244
310 243
269 230
248 220
240 216
200 196
180 191
153 187
144 184
143 184
143 184
143 184
143 184
143 182
154 170
174 152
205 145
218 143
263 136
313 129
357 125
407 118
475 112
491 109
505 109
506 108
506 108
506 108
506 108
507 108
508 108
512 113
518 125
535 153
553 191
566 224
569 240
569 254
565 283
555 304
542 335
525 385
523 448
530 472
553 507
567 522
579 535
600 558
614 574
617 579
618 581
619 587
624 600
627 603
628 603
629 595
625 543
614 479
583 394
568 366
559 353
557 351
548 341
499 322
483 322
466 328
433 343
397 366
380 382
371 392
362 425
359 451
355 467
348 493
345 517
344 550
344 575
343 593
339 614
338 617
328 629
318 632
287 642
263 647
227 653
222 654
214 656
170 665
163 667
151 667
126 665
101 652
77 622
70 602
66 566
58 506
50 455
50 439
50 426
52 393
52 387
53 365
57 345
62 318
66 306
77 289
80 283
89 271
100 261
118 252
127 248
139 245
157 239
168 233
182 227
194 223
200 221
227 216
264 207
307 199
318 196
335 191
357 188
411 173
429 168
433 166
436 163
447 156
467 149
473 147
484 145
486 145
499 160
524 196
537 221
553 260
575 296
602 345
621 378
629 395
648 442
660 477
667 498
671 513
675 527
687 549
694 580
695 595
697 604
698 608
700 620
700 635
698 639
691 648
687 652
674 657
646 656
607 644
555 626
522 614
490 599
448 579
411 563
386 550
369 539
352 521
321 491
304 468
247 396
219 355
210 340
202 323
180 284
172 269
167 256
148 224
142 214
129 196
129 192
129 183
131 181
136 179
150 178
201 176
234 176
270 176
286 176
317 176
347 173
377 169
389 167
454 158
474 155
485 154
491 154
491 154
492 154
500 154
515 157
522 160
539 165
542 166
546 168
