95 82
95 83
95 83
95 83
95 83
95 83
95 83
107 85
153 91
281 110
384 131
438 143
466 147
479 150
479 151
479 152
476 159
462 168
369 195
309 216
259 234
242 254
240 265
256 328
294 355
337 395
335 412
326 417
293 436
235 473
212 496
206 514
206 536
213 549
240 581
279 611
333 632
376 637
420 632
457 585
471 561
487 517
488 493
463 430
423 376
411 365
386 351
362 347
347 346
298 349
256 361
229 375
215 393
203 420
193 467
191 490
196 527
203 546
236 588
270 615
295 632
351 656
445 663
458 663
505 645
530 618
554 566
565 517
563 462
559 438
536 389
519 365
494 335
476 318
449 302
408 286
373 281
340 280
281 296
243 321
198 359
167 400
156 424
147 473
148 498
158 546
178 581
197 601
239 626
281 644
324 657
413 642
460 619
494 592
513 557
513 506
496 455
489 440
480 425
464 409
419 399
373 409
334 455
325 485
324 509
328 522
358 534
381 537
408 537
408 520
387 509
354 507
344 514
337 521
314 554
296 587
277 617
265 637
261 643
247 638
217 619
213 600
213 584
238 552
263 539
316 524
349 517
401 514
442 508
496 490
520 473
529 461
537 427
537 415
535 394
525 385
508 380
489 378
471 379
447 380
429 380
425 386
424 395
430 439
439 472
443 490
445 498
433 531
420 537
361 551
327 564
321 569
319 572
320 585
336 609
344 622
346 624
339 626
317 624
298 614
280 597
279 581
285 530
289 501
299 488
312 477
364 460
413 446
480 413
509 383
519 359
522 329
519 298
495 256
481 241
474 235
468 232
445 231
385 251
348 279
343 300
352 333
370 351
413 375
427 387
426 394
380 418
328 451
306 472
255 526
241 551
230 576
224 594
214 612
194 627
177 633
172 634
172 634
172 634
175 636
217 634
321 613
378 594
415 566
431 542
444 508
452 484
445 466
427 451
422 450
393 447
347 450
300 466
295 472
295 485
304 495
337 526
352 537
353 538
353 541
353 543
349 553
344 565
344 574
399 607
446 622
461 626
461 626
457 627
434 627
414 626
364 621
343 618
320 614
302 607
300 599
299 584
310 571
313 568
324 563
337 560
385 556
416 556
433 553
461 541
468 533
483 511
488 496
488 483
476 448
455 428
446 422
428 416
420 416
406 418
404 423
413 455
449 494
467 521
470 530
471 557
455 583
442 598
435 607
429 625
429 637
429 646
432 654
432 658
408 657
332 626
294 613
262 598
258 592
253 584
248 575
242 570
242 569
242 565
243 564
247 564
260 565
319 575
380 589
439 594
453 595
480 597
502 595
510 592
511 591
511 590
511 590
507 590
484 593
451 597
398 611
377 621
356 637
338 652
322 661
312 667
307 679
308 688
318 697
338 704
377 704
385 704
403 702
404 700
408 695
409 683
404 672
372 643
329 602
320 581
309 554
304 522
291 484
282 460
274 439
272 432
272 432
272 432
272 432
272 432
277 431
292 431
346 434
374 430
383 426
385 425
385 425
385 425
385 425
384 432
363 457
346 475
310 503
269 542
259 558
248 578
245 595
247 613
258 621
287 626
314 629
338 630
355 629
357 627
352 621
338 611
292 571
277 550
271 536
272 517
276 511
291 502
309 497
333 491
387 482
428 479
446 480
453 480
453 480
453 480
453 480
450 496
434 536
422 570
418 591
426 613
447 635
457 641
459 641
459 641
449 636
437 631
354 600
310 578
288 551
286 527
287 524
290 516
296 500
309 475
313 466
329 462
353 461
373 462
396 462
421 456
439 443
456 416
459 404
463 379
476 340
485 315
489 304
504 278
518 249
528 216
543 194
554 174
549 161
534 152
493 134
448 123
400 117
363 114
350 114
344 116
335 119
326 129
333 157
351 180
419 229
438 262
411 306
370 357
356 378
349 387
340 402
352 434
390 464
435 494
452 518
454 545
447 568
434 582
404 587
352 590
317 586
266 555
232 528
190 502
168 486
167 485
168 475
178 449
185 438
203 416
219 402
232 394
275 373
298 364
326 355
362 347
405 329
456 312
509 293
560 268
577 255
583 244
587 230
588 219
584 204
568 187
552 175
521 158
497 149
466 146
416 143
395 142
381 144
372 149
341 167
328 179
324 202
335 245
346 262
368 287
398 315
403 321
416 362
418 386
418 409
410 427
388 455
352 490
304 535
296 548
292 565
298 591
311 617
320 640
324 668
324 675
307 687
282 691
246 696
215 699
192 700
191 700
191 700
201 705
262 713
302 717
388 718
475 716
512 711
530 707
551 690
564 675
568 657
571 635
569 583
562 550
555 506
552 484
549 465
546 435
537 400
535 392
534 386
540 370
547 365
559 361
577 354
592 340
605 320
610 305
606 273
599 267
585 256
534 243
504 243
447 242
439 244
435 256
433 262
433 272
446 313
452 323
481 357
491 372
502 402
505 433
503 473
500 498
500 524
500 538
504 561
513 589
514 605
497 608
436 605
399 601
370 598
299 580
236 555
203 535
196 530
186 518
177 503
172 486
168 473
157 438
151 418
147 396
146 374
141 329
135 314
127 304
118 296
117 296
101 315
80 359
46 444
38 502
38 538
43 575
52 612
77 636
106 647
167 636
232 615
259 609
311 594
384 569
398 563
439 544
472 526
516 502
576 480
634 456
645 450
681 427
688 414
693 405
695 396
697 375
693 362
686 350
677 336
661 314
648 302
620 281
567 261
532 255
489 249
475 247
446 240
423 237
361 226
310 217
272 208
263 207
221 211
190 220
177 227
173 231
171 235
171 240
177 251
196 272
220 302
239 325
287 386
330 432
349 454
403 507
420 535
439 566
454 583
476 604
488 616
502 629
514 640
526 651
556 673
564 677
567 678
572 678
583 666
595 633
603 572
604 531
596 458
593 414
591 381
589 363
585 352
571 350
559 350
532 354
442 375
343 391
331 396
331 398
337 408
362 443
365 456
357 469
345 478
325 497
315 514
314 522
316 548
325 565
332 588
332 601
323 616
293 633
269 637
235 646
234 647
234 652
242 661
261 676
293 683
339 686
404 687
443 682
457 680
462 680
463 680
478 678
530 675
550 670
578 656
594 642
620 617
657 577
659 567
658 551
649 504
624 458
614 444
611 437
610 434
610 434
602 436
594 440
591 441
582 445
551 446
467 423
427 413
427 413
430 422
435 437
434 446
424 448
411 448
341 417
289 358
265 316
248 284
245 273
245 269
244 264
242 257
241 241
253 213
262 204
291 196
316 193
454 184
549 169
588 165
603 159
605 157
608 146
611 124
612 118
613 115
613 115
613 115
