323 363
323 363
323 363
323 363
323 363
323 363
332 366
350 369
376 369
391 356
399 331
400 292
398 283
397 281
397 281
396 281
394 281
392 280
392 280
392 280
392 280
392 280
392 280
392 280
390 280
390 280
390 280
390 280
390 280
390 280
390 279
400 263
405 233
401 220
373 199
322 195
279 223
271 235
250 288
247 359
256 385
293 426
338 458
344 464
344 468
339 481
319 505
280 538
257 557
204 591
203 597
212 607
233 610
362 581
432 525
428 424
375 363
316 330
282 316
266 310
244 314
238 325
232 355
236 389
280 463
306 527
306 541
295 557
285 564
279 568
271 576
263 585
265 601
286 610
329 616
367 618
450 598
474 576
502 548
527 513
537 497
540 482
544 465
547 457
547 455
547 454
539 452
470 469
460 493
461 498
486 517
563 541
675 580
723 604
773 636
795 661
795 661
795 724
792 733
791 733
788 720
788 647
798 601
798 601
798 601
798 601
798 601
798 601
798 601
797 418
796 413
796 413
796 413
796 413
796 413
796 413
796 413
796 413
796 413
796 413
796 413
796 413
796 413
796 413
796 413
796 413
796 413
798 410
798 410
798 410
798 410
798 410
798 410
798 410
798 410
798 410
798 410
798 410
798 410
798 410
798 410
798 410
798 410
798 410
798 410
798 410
798 410
798 410
798 410
798 410
798 410
798 410
798 410
798 410
798 410
798 410
798 410
787 260
774 259
739 274
710 311
706 321
695 366
692 430
692 439
691 442
691 442
691 442
691 442
691 442
691 442
691 442
691 442
691 442
691 442
691 442
691 442
690 442
690 442
690 442
690 442
690 442
690 442
690 442
690 442
690 442
689 442
673 452
646 465
622 477
582 495
549 513
535 525
534 527
534 527
534 527
534 527
534 527
534 527
534 527
535 524
544 505
553 468
546 413
528 384
511 366
498 369
474 389
457 439
464 479
494 523
504 531
511 531
526 511
530 468
524 423
512 393
510 389
509 388
503 390
493 427
494 479
520 539
538 572
549 587
549 589
542 587
513 568
390 467
306 378
286 356
265 318
253 252
240 223
231 208
226 201
216 195
202 191
190 187
174 180
172 177
169 171
166 167
164 149
161 124
160 118
159 113
159 111
159 124
161 159
183 239
184 257
186 273
182 304
180 340
178 357
183 378
184 379
199 380
259 365
268 363
272 361
272 361
264 374
249 416
244 441
244 466
251 496
283 535
313 558
350 582
351 582
351 582
337 579
309 570
265 538
253 511
257 497
273 477
298 456
356 416
368 409
374 405
374 405
374 405
374 407
372 418
372 422
372 422
373 421
375 414
378 407
381 401
384 396
385 388
388 375
390 368
392 365
395 362
397 358
402 345
409 323
412 306
413 302
413 293
411 283
407 280
380 290
351 310
308 341
292 355
282 369
281 369
281 369
286 356
302 313
308 270
308 262
302 269
283 312
258 406
257 473
296 501
315 504
339 504
350 489
353 436
342 408
324 376
312 367
309 367
294 396
283 444
288 475
307 490
317 492
328 491
348 471
370 439
373 423
373 414
373 414
373 414
373 415
370 429
365 479
366 491
376 533
381 539
382 540
396 524
412 491
422 453
424 436
424 431
424 428
414 418
411 418
400 426
396 432
395 447
399 459
403 464
408 467
412 468
432 454
440 415
437 392
428 381
425 381
405 394
386 415
358 474
358 489
372 503
389 504
398 499
408 469
395 422
368 390
348 379
345 379
328 403
318 429
304 504
306 531
318 559
360 604
372 610
389 598
401 571
332 530
305 530
265 541
211 566
177 584
130 608
109 620
82 643
78 652
75 664
74 674
77 683
88 693
116 699
148 698
241 675
314 642
358 607
411 560
433 540
450 511
462 476
462 449
464 423
464 402
452 375
433 358
407 346
399 343
376 333
359 327
335 320
297 310
296 308
301 299
312 274
312 229
302 199
287 150
268 128
267 127
267 127
269 139
283 156
311 175
354 185
382 190
415 192
440 185
449 182
476 158
481 140
481 134
473 119
423 106
392 103
368 107
361 110
354 117
350 120
324 121
291 118
217 110
159 107
100 106
84 114
75 126
72 138
92 158
138 176
187 187
284 217
288 222
259 234
187 266
136 324
138 336
256 395
287 405
304 418
293 430
279 441
256 466
233 491
229 503
236 516
288 538
296 545
304 555
308 571
309 584
309 605
308 619
313 648
334 666
392 684
414 687
454 685
504 673
542 651
560 627
572 606
592 562
598 537
603 471
602 432
597 372
593 325
592 314
583 268
575 243
568 215
561 186
556 175
538 154
520 141
490 132
458 123
438 121
422 121
380 134
355 151
341 165
338 168
328 183
314 205
297 237
283 264
270 289
266 314
267 337
269 356
274 374
304 415
335 441
388 484
411 512
435 549
442 559
451 569
461 584
467 598
471 617
473 624
472 648
460 674
445 691
367 707
291 710
251 707
206 707
173 701
117 695
83 689
68 682
66 681
57 668
57 661
75 630
97 609
104 603
132 587
163 568
206 542
218 536
272 513
314 486
329 476
370 451
389 439
421 412
451 388
477 366
508 344
543 310
556 294
582 270
583 269
590 263
594 259
610 247
638 204
649 184
657 169
668 151
683 129
687 120
692 110
699 102
708 86
714 74
718 65
721 60
721 60
721 60
721 60
721 60
721 60
721 60
721 60
721 60
724 73
724 82
727 107
731 138
736 163
742 191
744 213
744 237
741 261
740 287
740 306
738 345
736 380
736 395
736 429
737 454
737 487
733 521
729 552
725 585
723 594
721 604
720 612
720 625
720 628
723 646
726 657
728 669
729 682
729 692
724 699
717 703
683 712
651 716
618 719
593 718
569 714
541 710
516 709
481 706
456 704
445 704
431 705
417 705
404 702
394 700
388 700
360 698
332 691
310 686
296 684
277 680
261 676
253 674
243 670
203 662
166 656
147 647
140 644
134 635
132 628
131 623
129 616
128 585
131 567
133 532
133 506
133 493
130 447
130 439
130 429
137 384
137 353
136 339
132 308
123 259
120 237
118 202
118 185
118 173
118 160
119 143
120 131
123 122
128 106
133 98
137 96
146 102
163 114
180 128
228 155
278 188
291 201
316 234
331 253
344 271
375 318
390 354
403 385
417 410
435 439
446 453
478 493
495 518
506 532
523 555
548 587
559 598
560 599
560 599
564 599
565 599
574 594
589 578
616 521
626 493
631 447
634 412
634 379
631 344
630 301
632 259
633 243
633 231
627 220
625 218
619 214
599 206
566 202
491 197
447 195
367 209
343 222
338 246
355 286
388 322
412 343
428 357
435 366
443 385
443 393
434 406
412 421
381 436
325 472
316 478
285 509
282 522
280 546
288 578
288 586
281 606
267 619
242 631
203 637
152 646
134 649
126 651
119 646
108 607
105 565
101 526
97 492
95 457
95 422
97 414
98 411
101 410
130 416
337 456
420 470
476 469
507 468
530 468
539 468
542 468
546 465
572 450
587 439
589 431
584 428
557 429
488 460
444 490
421 529
430 557
457 588
490 611
500 618
507 622
508 623
512 626
530 626
554 611
571 588
587 554
608 457
613 420
598 352
590 345
567 327
554 316
550 313
535 303
481 290
473 289
461 289
458 289
458 289
458 289
458 289
472 274
501 244
540 198
554 166
556 157
558 149
558 140
554 136
543 134
533 134
520 136
510 148
505 159
504 175
515 197
527 211
541 221
548 225
550 228
550 235
547 242
537 255
527 266
498 309
494 325
497 350
522 390
535 407
560 439
567 457
573 472
584 502
600 556
613 582
617 593
617 606
619 614
619 615
619 615
631 594
640 563
656 517
667 472
673 422
671 376
665 348
664 321
666 301
669 280
669 260
667 222
664 209
659 190
658 186
658 185
658 185
658 185
658 185
658 185
659 189
670 209
675 235
678 263
678 289
678 295
680 307
684 324
684 346
686 400
686 408
686 450
685 483
682 509
674 554
670 578
667 595
659 607
630 625
578 627
536 619
470 595
455 584
432 564
412 538
373 490
352 457
329 427
306 402
275 356
261 327
248 305
242 294
229 282
227 281
227 281
227 281
223 284
212 299
205 319
198 345
191 367
176 425
172 451
172 467
175 497
180 525
186 539
190 547
204 560
222 573
234 571
247 565
308 529
337 509
390 473
413 450
434 427
491 374
542 335
565 315
583 297
596 280
609 262
615 248
618 241
619 238
619 238
619 238
619 238
