207 410
208 410
208 410
208 410
208 410
216 410
229 410
287 405
319 402
342 400
384 395
407 392
449 385
468 378
472 376
485 366
499 359
509 352
512 349
523 331
522 304
512 272
499 255
457 218
443 207
422 197
404 194
392 198
374 217
365 231
359 265
354 314
360 355
370 394
378 431
379 472
373 487
358 504
342 512
324 515
310 508
292 490
259 437
241 395
238 375
247 369
260 367
301 364
368 357
401 342
422 319
414 289
377 239
350 217
300 200
289 199
280 199
264 208
249 231
249 257
255 356
251 408
250 433
236 492
229 530
228 541
228 553
228 554
228 554
228 554
228 554
228 554
217 521
202 461
198 443
197 434
196 434
196 434
196 434
196 434
196 434
196 434
196 434
196 434
196 434
196 434
196 434
196 434
196 434
196 434
194 434
194 434
194 434
194 434
194 434
194 434
194 434
206 435
235 437
246 443
296 482
309 492
309 492
309 492
309 492
316 495
331 505
332 505
332 505
332 505
332 505
332 505
332 505
332 505
332 505
356 509
378 505
381 502
381 502
377 491
372 474
371 471
369 469
359 459
358 458
357 458
341 443
335 433
334 431
334 431
334 431
338 416
390 358
517 297
679 280
706 285
716 291
722 294
723 296
738 308
750 316
629 369
497 404
427 427
217 515
56 579
8 594
8 594
8 594
8 594
8 594
8 594
8 594
8 594
8 594
8 594
8 594
8 594
8 594
25 742
29 737
30 736
31 730
62 722
173 701
234 675
351 619
384 574
389 534
391 516
393 498
392 491
386 486
384 484
383 481
383 480
383 480
383 480
383 479
383 475
391 465
400 453
404 445
432 383
435 369
437 355
437 331
436 325
426 309
419 303
412 298
398 292
395 292
384 292
374 296
371 302
369 310
364 348
366 377
390 449
406 491
423 547
426 568
429 586
426 660
416 686
393 734
370 751
357 753
338 756
314 759
300 760
290 754
274 717
274 702
283 669
287 658
290 643
293 634
295 633
299 630
310 623
337 607
360 590
383 552
398 529
417 501
420 483
416 456
393 424
378 411
354 395
325 373
309 365
289 359
274 354
272 354
268 354
260 358
253 365
243 387
243 393
245 413
249 429
255 445
258 464
261 481
261 486
256 491
247 494
235 499
210 509
183 530
168 542
166 549
168 578
175 588
192 610
209 630
236 660
243 662
258 660
270 648
282 630
308 600
333 569
352 546
366 531
381 512
404 481
427 447
446 427
476 392
490 366
499 337
503 314
503 301
489 282
447 256
348 222
294 209
272 205
192 190
139 170
98 149
96 148
97 149
130 173
163 198
197 212
229 220
300 243
370 261
419 273
487 294
527 308
556 324
592 349
615 370
635 395
660 427
668 442
668 446
664 449
653 452
638 454
618 458
586 462
560 463
546 465
540 471
530 491
530 503
556 563
588 604
633 643
704 687
744 709
753 715
753 716
753 716
753 716
751 715
734 703
694 677
652 654
614 634
549 597
507 576
470 561
436 545
430 539
419 523
416 514
415 501
416 496
427 481
433 479
448 476
474 472
506 466
541 460
567 451
573 443
581 426
581 411
573 390
556 354
533 323
504 298
476 285
454 278
432 272
430 272
430 286
430 304
430 329
430 349
437 381
443 414
443 425
441 428
437 430
432 432
422 441
414 454
394 488
379 515
372 531
362 546
348 563
345 568
343 570
340 572
333 572
311 567
302 562
268 541
251 529
241 519
220 501
208 486
199 475
191 461
190 458
189 448
188 444
184 435
179 422
170 407
162 393
146 375
138 363
137 353
140 344
148 343
158 341
168 341
171 341
173 341
173 341
175 346
179 366
184 393
191 425
198 442
213 472
234 500
258 524
262 531
263 536
263 548
260 557
249 581
236 606
228 646
247 674
264 683
294 688
319 687
334 682
350 670
372 647
381 639
422 601
442 583
449 573
470 542
491 501
497 483
496 459
459 412
396 393
326 380
278 372
275 371
274 368
274 368
274 368
283 358
305 342
337 313
355 293
382 271
398 256
403 243
412 233
449 200
492 167
548 135
572 130
608 130
632 130
664 144
673 158
675 164
675 166
674 169
666 175
650 185
635 194
623 201
611 210
603 217
596 231
594 251
595 272
600 298
604 321
618 354
641 389
658 409
666 423
676 439
682 455
685 463
685 466
685 468
682 469
681 469
674 471
664 473
649 477
638 483
631 488
629 495
626 507
626 526
628 540
633 551
636 559
637 566
636 569
633 572
626 574
615 574
593 571
561 567
520 560
480 549
415 526
396 518
366 504
356 500
348 492
329 474
309 452
301 441
284 416
263 372
244 329
222 282
227 246
257 247
267 252
276 260
282 271
291 322
290 352
290 373
290 385
298 396
333 397
386 393
550 376
554 377
554 377
554 377
554 377
554 377
554 377
554 377
554 377
554 377
554 377
554 377
554 377
554 377
554 377
540 377
495 378
481 378
424 373
385 352
351 327
324 305
308 286
308 286
301 267
299 260
284 224
266 194
246 170
234 158
228 152
223 148
220 145
217 144
212 143
196 142
181 147
165 175
154 198
146 229
146 240
154 277
157 291
161 301
165 312
168 321
184 358
191 381
202 409
206 452
205 494
200 514
175 541
165 550
149 558
141 565
131 574
125 589
127 598
133 610
136 623
141 641
148 654
158 664
163 676
171 687
177 698
184 705
190 708
197 711
202 715
202 715
202 715
203 715
205 715
207 712
210 701
213 694
216 687
221 668
227 653
233 637
234 634
242 614
247 604
262 567
279 533
287 520
306 486
313 470
326 445
339 428
356 411
362 404
377 395
386 392
392 390
393 390
393 390
393 390
393 390
393 390
393 390
393 390
393 390
393 390
393 390
393 390
