516 680
517 684
518 685
518 687
514 691
492 687
460 659
403 596
346 504
311 422
292 359
282 308
283 290
289 276
296 266
298 266
300 266
315 267
335 279
353 302
379 359
382 373
380 433
360 479
340 505
326 528
305 551
293 568
285 582
280 604
279 615
290 640
304 663
312 675
363 684
398 655
424 623
453 558
464 523
499 453
528 387
547 347
562 316
581 272
589 257
597 246
600 244
602 243
612 256
643 324
655 371
663 414
666 441
661 504
661 522
663 538
667 557
672 589
672 597
672 605
666 625
661 632
655 635
634 630
583 597
450 490
399 449
374 426
358 409
305 354
258 304
244 284
228 259
191 197
185 189
182 186
178 179
178 178
178 178
178 178
178 178
178 178
178 178
193 231
202 282
208 332
217 389
222 429
231 495
235 528
234 558
231 574
221 601
215 608
210 611
205 613
183 618
147 622
132 619
122 605
109 554
109 529
121 455
130 427
146 403
152 398
176 392
184 389
202 383
251 366
301 346
368 311
372 303
377 288
391 253
394 214
388 186
378 172
365 163
329 153
289 162
271 181
267 197
283 228
306 265
360 324
393 366
399 387
398 393
390 405
363 430
321 457
300 479
299 489
304 508
322 544
333 581
335 604
334 633
331 646
324 654
313 657
293 658
245 644
190 619
178 608
166 588
141 498
137 478
135 456
139 433
144 418
165 396
188 389
234 382
242 381
272 377
313 368
323 362
337 353
369 328
377 322
413 307
429 296
439 286
447 276
473 249
510 216
525 203
551 182
565 171
581 152
592 137
611 112
615 101
623 88
637 73
638 72
638 72
638 72
638 75
635 90
617 126
540 218
484 266
459 301
446 321
411 372
396 396
373 432
351 465
333 487
311 513
298 526
287 540
273 557
251 576
214 595
177 617
167 623
155 628
144 632
134 632
118 615
102 573
90 519
85 467
86 420
92 378
96 348
100 310
100 281
103 265
106 244
111 228
114 215
116 207
119 199
127 196
136 195
147 198
182 214
220 248
251 280
289 321
307 339
335 375
354 406
377 454
388 476
407 511
433 555
450 581
467 605
486 639
493 652
507 670
516 676
535 688
551 694
557 694
573 692
578 691
601 688
625 688
648 689
662 691
675 694
686 691
697 684
701 670
696 652
666 593
628 533
610 506
599 489
564 436
539 405
509 367
475 336
442 309
394 252
361 215
342 195
328 182
318 173
290 156
265 150
252 145
224 135
219 133
191 124
151 119
128 119
107 126
98 137
79 176
75 205
72 242
67 285
66 309
66 319
68 349
66 375
65 413
65 448
67 470
68 507
68 530
74 574
77 596
81 624
81 640
81 653
86 669
89 675
91 678
95 680
101 682
121 671
144 652
157 634
173 586
177 566
183 552
193 524
201 511
207 505
207 504
207 504
207 504
232 529
265 547
285 549
313 520
325 485
338 458
351 451
359 447
363 446
378 441
389 439
414 437
448 429
484 414
529 361
539 334
550 289
551 280
551 279
541 268
490 236
458 225
410 212
404 211
400 211
400 211
400 211
400 213
400 224
409 277
412 323
410 383
409 436
440 510
469 552
501 596
525 616
530 620
530 623
526 632
528 633
531 632
548 613
580 564
591 495
589 417
582 369
577 349
571 319
568 309
553 290
539 276
522 268
513 266
473 266
428 264
422 259
419 257
413 255
401 252
397 251
385 251
373 252
353 252
351 252
351 252
351 252
351 252
351 252
351 252
351 252
343 260
341 267
328 278
323 284
323 286
323 287
323 290
326 293
356 294
396 275
414 238
412 213
409 183
405 144
405 131
393 118
383 109
374 105
325 97
274 102
269 115
264 134
266 169
276 200
280 209
280 215
294 294
303 317
325 364
334 386
339 405
342 419
324 468
310 505
289 534
258 585
248 596
234 609
225 621
210 625
195 625
174 618
156 574
149 536
152 482
164 447
173 434
214 413
227 410
231 410
269 422
309 443
346 479
373 521
382 539
387 544
406 548
441 546
481 517
508 457
526 397
536 333
536 329
528 305
519 296
490 282
445 267
391 290
386 308
388 321
400 338
426 374
453 401
475 432
479 441
475 447
447 462
413 475
374 499
356 517
333 544
332 555
330 574
330 582
327 598
322 608
308 630
295 639
287 646
271 656
261 658
246 658
188 644
171 630
145 589
131 547
130 516
130 496
134 480
139 472
146 464
154 459
162 456
177 454
208 453
251 450
284 446
301 443
326 442
348 442
380 438
409 432
418 431
446 426
477 416
503 405
515 402
541 386
553 379
565 367
585 341
596 324
612 307
617 299
619 292
624 276
631 253
639 235
648 215
653 200
654 179
655 172
656 156
660 142
663 132
665 122
669 111
670 99
662 84
633 67
605 60
592 58
579 60
555 65
534 68
521 70
506 73
475 75
451 74
421 69
410 65
392 62
381 61
357 61
348 61
337 60
330 59
320 58
300 54
275 49
262 46
252 46
225 45
214 45
209 45
195 46
181 49
150 55
139 57
133 58
131 59
120 67
114 72
111 94
118 134
126 146
159 190
178 211
206 246
220 262
256 296
286 324
330 362
357 390
410 451
433 481
438 490
460 513
482 542
493 556
515 580
532 597
552 621
573 643
582 652
590 659
605 673
618 686
629 698
644 714
644 714
666 731
673 737
683 743
689 747
698 751
700 752
704 751
712 742
719 726
721 708
721 701
725 680
725 670
726 656
731 642
735 630
739 620
743 603
746 592
749 586
754 571
768 538
775 525
781 507
785 493
790 481
794 466
795 463
799 440
799 436
799 436
799 436
799 436
797 346
795 329
788 306
777 278
766 260
762 252
754 240
746 231
734 222
725 216
721 212
710 199
699 185
696 181
682 167
657 151
634 144
619 140
606 137
599 136
569 135
557 135
546 135
503 138
491 139
486 139
471 141
455 144
430 148
410 155
402 157
386 162
363 173
327 193
319 199
315 201
299 218
290 226
276 243
269 253
253 276
247 282
233 299
220 316
209 331
195 359
189 376
182 406
180 415
173 442
170 457
165 482
159 501
152 530
149 543
144 562
138 582
133 597
129 613
125 628
124 636
120 651
115 671
113 680
110 690
107 699
107 703
107 708
108 721
111 729
114 732
125 737
135 741
153 746
177 747
195 742
206 736
225 724
249 710
272 697
290 688
297 685
321 680
380 670
385 667
389 665
416 649
418 646
426 632
432 610
433 606
433 606
433 618
444 665
467 705
500 737
511 746
523 748
537 748
556 743
584 728
594 721
608 709
613 706
615 703
619 693
626 661
626 653
625 643
620 631
614 622
599 610
591 606
580 599
551 578
524 553
490 514
474 497
460 481
445 472
426 463
423 460
381 431
366 419
354 411
332 400
314 388
300 377
298 374
280 347
259 314
253 301
251 296
247 280
242 257
242 252
242 247
242 229
243 210
243 199
245 187
248 182
252 178
260 172
268 170
283 168
298 167
308 167
327 170
348 175
363 180
377 184
411 201
417 207
420 212
423 230
419 258
405 274
391 293
379 313
369 328
331 372
316 386
295 407
289 414
276 428
252 466
234 490
222 508
211 527
195 563
183 586
180 599
175 610
174 620
172 631
174 641
184 653
207 664
264 675
306 676
341 671
377 670
402 670
416 667
427 665
447 662
467 663
490 669
518 678
530 682
544 687
549 688
571 672
586 631
590 597
590 578
576 496
561 455
540 406
522 375
514 365
502 343
482 316
480 312
475 304
465 285
459 271
457 264
454 254
454 238
458 224
476 207
486 198
496 191
507 181
520 168
533 151
541 141
547 131
554 119
556 113
559 107
563 103
572 101
587 102
608 118
620 130
632 165
633 204
633 236
629 256
628 268
625 296
623 338
625 358
625 368
628 388
630 408
633 426
642 469
657 505
670 536
681 567
687 591
690 603
691 617
688 627
677 633
649 637
624 637
564 628
434 588
390 559
363 530
317 474
294 437
271 389
262 366
247 338
238 318
234 308
221 281
206 253
200 243
186 223
183 220
183 220
183 220
183 220
182 220
135 414
140 440
142 455
145 476
145 486
140 520
139 538
140 550
142 559
152 565
164 564
203 539
237 505
257 472
276 446
296 417
313 393
328 381
355 359
376 339
401 314
429 288
437 281
446 270
450 264
461 252
470 238
472 236
475 234
476 233
476 233
476 233
