619 238
619 238
619 238
619 238
619 238
619 238
619 238
619 238
619 238
591 236
550 226
438 209
411 203
410 203
410 203
412 210
423 228
447 248
472 265
491 283
493 303
495 321
495 353
506 397
530 435
535 444
536 453
537 464
540 479
541 483
547 487
552 489
572 499
573 500
580 489
587 465
587 429
568 322
565 289
574 224
578 211
582 193
585 176
589 162
592 159
594 156
601 157
637 193
661 241
661 253
656 285
652 316
633 371
612 415
607 428
602 448
602 456
603 463
611 481
622 495
628 509
633 527
633 530
312 301
309 270
304 216
302 196
299 183
289 168
263 154
248 150
239 151
237 169
232 215
216 286
215 319
224 331
230 339
233 363
233 387
233 389
233 403
229 417
228 424
228 424
228 424
228 424
228 424
228 424
228 424
228 424
228 427
240 450
275 498
292 514
303 513
323 460
355 322
380 222
379 59
373 50
368 49
352 88
361 149
425 275
510 434
571 548
582 569
583 573
583 598
581 625
580 627
580 627
580 627
580 627
584 583
572 523
563 493
561 484
561 484
560 483
559 478
559 478
559 478
551 480
501 557
441 656
412 705
399 710
351 671
342 657
308 558
294 500
286 454
285 449
282 448
275 448
254 449
247 454
244 462
240 470
236 474
231 476
226 479
210 486
193 496
177 512
162 551
162 576
155 640
143 675
136 716
136 718
154 708
179 689
236 653
279 619
299 598
315 577
318 573
322 567
324 562
325 545
324 522
304 479
276 452
262 439
250 430
219 417
179 402
163 395
163 395
163 395
163 395
167 398
204 430
253 466
257 469
260 473
289 489
325 506
345 533
348 570
354 605
370 649
372 652
384 675
379 689
374 695
364 701
348 706
299 719
207 723
145 706
142 706
142 706
142 705
146 700
169 679
183 666
223 641
260 616
300 593
342 567
364 555
372 548
389 532
407 503
414 466
420 415
422 363
418 286
418 271
413 238
381 193
352 177
325 169
307 168
296 169
289 174
281 191
281 203
289 223
329 283
339 296
362 319
436 379
481 423
576 517
591 529
621 558
647 580
654 587
679 612
703 640
709 649
709 652
709 653
707 654
701 654
664 640
605 615
547 598
519 586
484 561
453 526
435 492
408 442
389 403
368 341
365 326
353 281
340 255
330 241
317 223
304 204
297 193
289 182
287 181
283 179
281 177
281 177
281 177
279 177
277 177
271 178
262 182
257 186
251 192
241 201
225 213
214 224
213 225
210 226
201 227
169 202
166 199
155 185
151 179
148 172
147 169
146 169
146 170
154 194
158 206
177 249
199 286
216 314
242 363
257 399
264 416
276 456
278 468
279 477
276 489
270 498
264 507
256 520
249 527
224 541
199 548
176 547
157 542
153 533
153 531
169 513
208 461
235 418
255 389
259 380
264 371
271 357
276 347
283 313
283 288
283 270
286 239
285 221
285 218
281 202
277 194
262 181
238 167
217 155
172 149
114 153
90 161
84 171
81 183
81 193
95 252
112 289
127 327
136 364
154 411
171 438
184 454
191 463
195 470
195 477
177 486
144 496
104 511
79 522
69 530
63 546
63 556
62 592
70 624
83 657
96 682
102 694
113 708
124 723
152 748
163 753
180 756
202 755
226 746
273 722
289 703
333 643
362 590
375 554
394 503
405 472
413 433
419 381
425 349
428 332
433 305
433 278
430 270
426 265
426 266
457 424
511 556
524 573
535 579
543 580
548 580
550 544
550 482
531 381
524 341
520 288
519 275
517 269
515 263
513 262
513 262
513 264
520 287
586 480
613 542
628 568
631 571
631 571
631 571
631 571
631 571
626 498
631 445
634 401
637 357
639 332
637 303
637 283
651 230
655 214
657 208
658 205
658 200
659 199
661 194
664 185
669 169
671 164
671 161
671 154
660 148
651 146
602 141
531 122
463 98
409 83
384 81
341 80
320 82
307 85
304 86
291 93
285 99
265 124
262 132
262 139
276 168
319 196
332 201
361 207
384 210
416 211
422 212
426 219
429 236
430 294
430 304
428 321
424 328
421 335
420 338
417 346
416 350
411 358
410 359
410 360
409 363
408 365
405 372
403 377
396 388
370 416
343 438
343 438
298 473
257 530
240 579
242 616
258 636
271 644
291 645
363 645
441 622
525 563
546 533
559 483
558 437
552 417
547 405
541 397
536 394
528 391
522 391
520 391
516 401
513 409
512 412
512 412
512 412
512 412
512 412
512 412
511 412
506 405
497 395
485 382
476 370
464 357
454 346
441 333
421 318
411 311
404 307
400 304
391 301
382 297
369 285
352 269
346 263
330 245
315 223
311 217
301 200
298 195
295 191
293 189
281 184
278 184
276 184
259 210
250 226
233 266
225 297
225 302
224 303
223 294
213 249
205 227
195 206
192 203
192 203
180 219
163 245
146 274
123 326
117 348
116 351
113 370
113 397
111 428
116 475
129 502
136 512
147 521
161 532
182 539
230 541
293 528
336 502
366 442
369 396
362 350
351 320
328 273
315 259
293 246
276 237
260 235
250 241
237 263
236 269
252 280
325 286
375 268
394 254
402 246
419 230
440 212
453 200
457 191
457 187
444 176
431 168
370 146
285 139
215 138
169 126
150 121
140 117
136 114
136 114
136 114
136 114
136 114
136 114
155 120
167 122
226 123
242 120
358 104
404 110
451 116
465 118
470 117
471 117
471 117
471 117
471 117
471 117
470 120
452 132
399 153
382 160
341 182
329 194
325 206
331 216
378 234
412 244
416 246
418 247
418 247
414 247
377 247
317 253
306 255
305 257
304 259
311 266
368 284
419 298
436 309
442 320
439 325
420 335
379 357
357 374
349 384
349 389
356 402
372 420
422 452
442 465
444 469
443 480
434 499
425 511
406 526
381 538
354 556
352 560
356 572
367 588
403 620
424 643
435 663
438 679
438 689
438 701
438 723
443 731
475 763
501 780
548 799
556 799
564 799
593 781
625 739
646 692
659 616
658 576
638 479
634 431
632 417
625 361
622 323
620 295
619 285
619 273
619 257
617 241
613 230
599 212
586 201
574 190
527 165
491 151
491 151
398 173
370 210
350 258
366 304
412 331
454 348
502 363
506 364
507 365
502 374
467 397
426 422
386 443
317 463
281 475
253 484
222 485
220 485
220 485
222 485
242 516
307 600
357 636
390 623
398 569
400 518
403 492
406 483
406 483
406 483
408 491
415 508
440 527
466 514
506 454
549 371
585 320
590 314
591 313
591 313
592 313
593 315
594 316
585 292
520 167
493 124
484 116
457 113
445 117
419 132
366 164
351 170
349 171
341 169
310 154
268 132
252 125
234 126
226 135
217 148
196 182
178 202
158 220
146 222
143 222
142 222
142 224
142 276
162 350
168 367
206 426
266 459
294 465
325 467
340 464
391 423
408 374
398 308
359 278
329 276
287 277
226 315
214 330
194 381
192 405
202 441
221 458
257 467
264 467
281 439
266 352
255 341
227 330
224 330
207 356
199 424
220 496
255 520
278 523
300 524
325 509
340 484
340 470
326 458
320 468
302 535
299 561
315 575
339 578
368 570
385 559
413 532
432 491
435 467
437 434
437 422
437 410
438 401
441 385
451 362
459 348
474 321
480 309
486 300
496 287
503 273
506 265
507 263
507 257
508 257
512 257
515 274
517 296
516 320
504 356
493 400
490 416
486 439
482 463
479 474
478 475
473 474
463 465
438 447
409 426
402 424
401 424
389 433
374 442
370 443
369 443
351 406
337 364
324 330
317 309
315 305
314 302
313 302
313 302
310 302
301 312
278 370
267 393
241 450
229 470
226 473
225 473
225 473
225 473
223 468
220 455
207 415
203 387
201 382
198 368
197 361
197 360
197 359
197 359
196 359
193 369
184 414
180 457
178 491
178 502
178 502
178 502
178 502
178 495
182 439
183 417
185 405
186 400
186 396
186 395
185 392
182 391
182 391
179 392
167 424
158 461
149 502
144 545
143 553
143 553
143 553
143 553
143 553
143 553
147 549
154 540
191 506
219 490
243 481
280 470
300 466
311 463
323 460
325 464
330 488
336 509
345 539
347 544
351 548
362 545
382 503
403 452
416 421
420 413
420 413
420 413
421 426
431 497
434 503
435 503
443 497
455 459
471 404
479 366
477 330
460 293
446 279
433 274
423 271
401 268
347 265
307 265
293 265
283 265
273 265
271 265
271 265
270 268
269 277
289 329
300 344
334 378
369 406
377 412
379 414
379 415
379 425
387 442
399 464
416 483
433 494
449 503
466 508
487 512
503 489
530 407
537 376
541 323
546 293
547 286
549 279
552 271
555 269
560 265
563 262
573 257
579 253
586 247
588 245
588 245
