146 189
146 189
146 189
146 189
146 189
146 189
146 189
146 189
146 189
146 189
164 190
235 191
286 172
293 166
302 154
306 146
307 143
306 140
295 136
287 136
277 144
275 165
287 195
303 210
318 231
326 248
345 271
367 300
369 304
375 317
375 333
363 357
359 366
349 385
341 410
338 445
340 469
351 493
364 510
372 522
381 541
380 553
365 564
332 578
316 584
296 596
290 608
294 623
307 636
321 650
336 661
368 679
386 688
428 705
452 708
463 708
476 706
490 700
513 682
527 665
536 646
540 631
541 621
541 602
537 576
534 567
530 558
519 539
510 529
495 515
485 508
456 488
436 479
422 474
407 472
400 471
384 474
368 488
352 506
345 513
328 531
317 544
307 558
299 579
293 585
273 600
255 602
241 604
219 597
200 584
180 565
175 559
156 517
152 499
150 487
150 479
154 470
167 452
169 451
175 448
188 435
200 423
212 402
213 392
209 367
205 358
196 346
174 324
157 310
154 308
148 303
138 295
126 285
118 276
112 269
103 255
99 244
91 212
91 209
105 180
113 170
120 162
138 147
152 139
163 133
168 132
174 133
191 140
200 149
211 165
214 198
213 206
177 257
164 282
153 304
145 319
139 338
139 346
143 369
153 387
173 408
187 423
201 438
214 455
224 481
224 502
204 524
168 553
151 569
134 591
132 604
132 612
138 630
143 636
153 646
170 654
191 658
231 659
281 660
322 657
344 655
380 645
401 631
410 621
417 600
425 575
430 546
430 536
427 524
425 518
424 491
425 477
433 465
452 445
462 433
477 415
482 410
506 390
517 383
527 382
530 384
553 408
560 415
564 427
567 442
567 449
566 459
559 486
555 527
554 547
557 557
563 566
577 579
590 589
593 589
595 589
605 588
629 575
645 563
658 550
678 522
686 509
694 485
694 476
681 424
667 392
656 374
649 361
644 357
627 353
611 352
596 352
578 355
565 359
560 362
557 366
541 386
538 393
533 417
531 449
529 466
529 492
528 506
522 539
517 553
509 565
501 574
494 578
476 582
454 580
420 571
372 549
359 538
345 525
335 514
314 495
295 480
281 471
266 469
263 469
243 475
220 488
210 499
202 514
198 529
196 538
189 566
186 583
181 600
175 619
169 629
156 644
146 653
134 664
121 670
114 674
106 679
95 692
90 708
90 711
90 717
95 721
113 731
141 736
178 737
219 733
258 728
279 721
284 718
311 708
319 706
330 697
335 692
339 678
339 660
337 646
332 634
314 617
292 602
279 599
271 596
251 587
222 571
205 555
204 546
204 533
218 508
247 486
262 481
282 477
302 475
327 473
378 471
390 469
407 463
452 435
469 421
473 405
475 380
475 360
470 339
457 316
447 299
435 281
424 270
412 259
405 254
401 251
396 248
362 244
337 243
329 245
305 251
292 259
290 266
290 274
300 298
303 313
303 321
303 328
299 345
280 397
277 409
277 421
285 448
297 471
333 520
370 566
379 580
388 595
393 626
393 632
395 651
395 675
398 703
401 712
416 728
422 730
438 732
467 726
474 724
495 709
505 702
521 681
525 668
532 628
533 620
538 592
544 560
546 532
546 502
530 463
514 436
502 423
489 409
472 395
462 390
462 390
460 390
451 391
439 397
417 414
410 428
407 434
399 442
381 461
373 469
365 478
363 480
356 488
333 497
320 501
302 503
295 504
270 504
257 503
242 491
226 467
213 431
206 403
206 396
208 389
211 376
214 372
222 365
237 351
243 347
248 344
249 328
234 303
220 290
200 272
176 255
167 251
151 245
148 245
146 245
133 253
120 273
120 276
117 293
119 304
132 324
147 341
161 358
164 367
159 389
144 418
134 430
119 450
114 470
109 489
105 509
105 521
109 530
113 538
124 551
139 563
148 566
156 570
188 575
230 569
245 561
262 548
279 534
290 515
293 504
296 491
296 482
284 458
281 453
278 449
270 442
269 438
271 424
276 410
286 400
296 392
304 386
314 383
327 381
349 381
360 385
373 398
381 409
383 416
384 428
382 439
378 446
374 453
370 464
366 478
365 495
368 503
376 517
390 533
399 543
413 561
419 567
431 577
435 579
454 586
463 586
472 585
489 573
499 559
500 541
490 519
482 502
479 498
476 495
474 483
474 476
486 462
492 459
511 453
533 444
544 438
565 426
574 425
608 421
611 420
619 417
625 413
630 404
633 394
633 365
625 349
617 336
602 316
598 309
592 303
588 299
584 296
582 293
579 291
567 282
566 273
570 263
586 227
587 225
594 213
613 195
616 193
622 190
630 185
640 179
646 177
651 179
655 184
661 192
667 213
670 237
665 261
662 269
659 278
657 284
655 307
656 321
677 372
697 415
703 438
703 457
703 470
697 491
694 497
683 530
683 546
687 566
697 589
701 603
701 616
701 623
699 634
674 654
667 656
661 658
650 661
635 671
633 677
631 687
631 695
632 713
632 717
632 721
609 727
609 727
575 731
538 729
487 716
466 707
452 697
431 682
401 642
396 629
390 610
388 600
385 586
385 578
387 577
409 566
476 560
507 558
512 556
517 541
520 520
519 505
502 469
494 454
481 433
476 412
469 394
464 375
458 357
462 344
467 342
479 336
508 330
574 339
609 371
609 379
607 391
590 416
587 419
566 435
556 443
550 457
549 483
562 508
572 526
588 544
599 559
603 570
606 589
605 599
600 611
594 616
584 620
574 628
568 634
564 639
544 649
538 651
515 657
510 659
506 662
506 662
506 662
506 662
486 655
431 630
347 593
261 553
236 535
229 526
224 512
209 487
200 476
199 474
199 474
196 474
175 495
165 505
148 522
141 535
136 554
132 580
130 598
130 606
127 619
124 629
116 633
107 634
101 634
94 634
88 633
85 640
84 658
85 665
99 679
113 684
122 685
151 686
195 675
216 665
227 652
232 638
239 615
245 607
252 589
251 547
238 525
235 521
235 518
236 512
243 483
243 453
233 428
210 381
202 357
201 342
201 330
203 310
207 292
219 269
235 249
250 236
259 226
261 224
261 224
261 224
265 224
273 230
301 255
309 266
312 274
315 285
312 306
306 313
297 325
282 344
271 363
270 373
272 385
277 400
285 412
299 425
328 448
337 456
340 471
339 483
326 508
315 532
306 555
301 589
301 598
304 612
313 623
323 627
329 628
346 628
364 628
424 633
451 636
486 637
500 636
515 633
537 627
562 619
593 611
603 609
626 599
636 592
655 577
667 571
676 561
682 534
687 507
702 483
705 471
714 438
719 421
719 408
717 394
714 375
691 333
672 305
666 297
658 284
646 268
641 261
637 255
635 253
633 245
634 227
636 218
639 201
644 183
647 174
659 150
662 141
664 130
666 118
667 110
667 105
667 102
664 94
664 92
664 92
664 92
674 94
682 98
692 101
696 106
710 126
714 137
715 150
711 163
694 186
686 198
680 207
669 231
669 235
670 251
675 264
679 278
681 288
679 308
674 317
671 325
664 338
657 355
655 361
655 373
660 389
673 407
677 415
680 420
684 432
687 443
688 454
688 465
688 466
683 469
666 475
636 482
627 487
621 489
596 499
583 504
569 511
549 515
507 518
462 500
397 467
373 455
339 437
292 413
261 395
246 386
244 384
240 381
235 373
221 354
221 353
219 342
219 317
220 309
223 296
226 290
230 276
239 265
245 262
246 261
254 258
268 253
282 246
300 242
309 239
330 237
350 233
379 228
391 228
404 229
453 236
527 251
569 263
615 284
616 286
618 292
617 302
607 315
604 320
595 329
589 333
577 340
568 342
560 343
542 348
521 352
496 357
481 362
468 366
446 370
425 376
398 382
380 387
366 393
353 397
339 403
310 418
281 438
270 447
268 448
264 457
260 469
259 477
254 500
251 516
253 522
268 539
282 553
295 566
304 576
314 584
328 598
352 619
375 640
391 647
401 648
421 645
448 635
480 614
485 607
487 582
483 553
479 542
472 533
465 527
447 511
409 481
405 478
404 478
398 476
388 473
378 489
373 509
360 540
349 552
336 567
330 573
316 589
310 594
300 601
285 614
275 619
271 620
263 621
234 605
226 595
206 564
193 536
180 513
176 497
172 485
169 470
159 447
150 431
147 426
145 424
141 421
133 417
128 416
121 414
109 416
87 433
74 453
62 469
55 481
49 495
46 508
47 517
51 520
64 527
80 531
94 533
133 534
153 532
210 518
265 502
303 489
334 476
385 463
435 457
451 454
462 445
463 432
455 419
435 397
428 387
417 375
376 329
337 292
329 287
321 282
310 280
305 280
298 283
293 299
292 315
304 336
347 370
389 398
404 423
381 460
375 467
354 489
342 503
337 509
333 521
331 554
332 562
338 574
363 599
372 610
398 636
412 648
439 670
448 675
464 680
476 684
489 684
504 681
528 668
539 658
551 638
568 595
584 572
594 557
600 541
604 537
619 519
627 509
631 499
634 487
634 469
633 451
623 434
616 426
586 395
554 369
543 361
540 359
535 356
515 345
508 344
507 344
504 344
485 341
463 335
431 315
417 293
388 231
372 200
368 181
369 165
381 147
390 136
405 116
410 111
427 95
436 91
440 89
448 89
461 89
463 89
469 91
473 91
473 91
475 93
486 107
496 117
527 141
548 162
563 189
567 217
568 228
563 236
551 243
530 248
524 249
463 258
427 269
409 272
388 275
374 276
344 277
328 274
315 271
285 264
276 262
263 262
248 266
226 278
214 289
202 302
185 324
160 368
158 373
157 387
155 408
160 430
165 445
171 457
193 496
203 519
205 534
204 542
201 551
184 572
179 575
164 578
149 580
141 580
134 590
131 597
141 618
155 633
165 643
178 654
195 662
212 665
239 665
252 662
261 657
275 645
298 620
306 613
310 606
314 589
319 565
326 551
329 546
331 543
351 522
373 514
392 511
451 503
493 477
510 460
515 445
518 443
521 439
524 437
530 441
537 448
547 457
557 468
567 481
574 497
576 509
575 516
566 529
559 538
545 550
524 556
520 559
520 560
519 563
519 567
520 569
522 570
523 570
524 571
