314 252
314 252
327 302
350 363
386 412
399 415
423 408
460 380
512 308
518 267
518 263
518 263
518 263
518 263
519 278
520 373
538 434
546 439
550 440
561 437
581 400
593 383
593 383
593 383
597 390
616 444
642 503
665 556
682 606
691 643
697 666
699 679
698 691
695 698
686 699
666 696
597 670
506 637
483 627
450 569
429 515
427 512
424 519
407 575
383 631
372 652
371 653
371 653
315 578
267 495
246 460
233 443
231 442
230 442
221 452
199 506
192 534
188 565
178 594
168 611
158 627
154 629
150 627
142 612
127 576
102 515
99 510
96 510
94 511
96 562
88 611
82 637
72 675
72 683
74 694
87 708
98 711
141 709
186 695
234 676
289 637
327 597
368 566
419 513
445 470
446 463
447 455
440 447
405 431
337 417
302 414
296 413
294 412
294 412
304 432
314 448
342 499
359 532
374 576
375 597
384 612
408 624
420 630
461 653
497 680
509 691
515 699
525 709
534 715
553 719
569 709
597 655
589 565
572 525
560 507
558 504
544 465
546 421
555 359
566 335
571 335
592 374
608 407
611 408
619 402
642 342
646 301
646 294
633 280
616 270
579 252
557 240
549 235
548 235
552 245
573 271
577 273
587 266
595 231
585 184
572 153
557 134
556 133
547 132
539 133
496 146
468 153
442 162
430 167
428 173
414 236
414 298
416 306
418 310
420 310
408 288
375 256
355 243
331 231
288 215
265 210
249 209
228 220
218 230
214 235
213 236
207 230
200 220
185 191
182 178
166 157
163 156
157 159
137 176
128 186
126 190
125 197
138 202
195 186
217 177
228 167
230 162
240 148
243 136
240 131
228 127
212 127
198 128
178 139
180 170
184 175
210 200
281 244
306 277
304 292
295 336
288 355
284 363
266 391
261 409
273 430
328 481
357 510
410 556
428 579
465 617
507 663
515 684
524 714
525 732
525 738
521 742
518 746
508 751
501 752
501 752
499 738
515 699
563 676
661 636
707 593
715 547
707 490
703 476
694 460
683 450
677 447
662 446
651 475
636 532
615 630
615 638
654 700
669 711
694 728
710 734
721 738
726 738
727 738
727 738
728 711
715 653
679 570
609 474
558 405
527 358
504 327
491 315
476 301
450 282
417 265
401 261
387 260
369 260
346 259
332 258
322 262
324 301
336 327
368 391
379 443
382 509
387 571
382 597
370 613
363 615
362 615
362 615
362 615
362 615
375 603
419 567
443 545
454 527
455 511
446 492
428 458
406 420
397 408
380 392
379 391
379 391
379 391
387 391
403 387
433 350
446 325
472 280
482 270
499 258
506 256
538 281
581 333
575 379
556 425
540 489
539 522
539 537
539 550
546 582
548 598
546 628
543 651
547 685
551 687
564 688
570 687
608 593
623 525
629 455
627 364
625 333
623 315
620 272
620 209
622 183
624 176
627 173
631 173
639 178
650 200
644 276
631 314
612 365
607 378
593 420
579 468
576 491
580 496
586 498
611 499
634 498
651 488
680 449
688 414
689 381
683 358
674 347
656 348
610 377
541 448
531 457
499 489
485 500
449 533
445 538
428 554
410 569
381 591
362 609
345 622
326 636
317 644
306 657
277 683
273 690
279 705
290 713
345 723
442 721
548 716
566 712
572 706
575 697
578 691
584 681
587 676
589 667
589 644
589 638
589 637
589 637
577 639
553 648
518 667
506 678
492 691
486 698
491 709
505 720
573 747
595 752
612 752
614 751
619 750
630 735
648 684
640 635
632 610
619 573
592 533
562 490
526 456
508 441
475 428
437 425
422 426
415 427
405 427
335 382
312 347
294 310
272 284
260 270
256 257
255 235
254 187
253 179
241 153
220 121
209 110
201 107
168 104
116 100
106 99
95 96
68 95
60 98
55 156
60 172
67 178
72 181
127 202
170 215
194 220
226 252
275 358
276 407
254 479
241 508
236 541
242 550
274 582
327 628
341 641
353 651
360 662
359 675
352 679
322 682
280 677
223 662
182 632
170 606
140 503
138 482
138 464
147 432
153 416
156 409
157 408
160 406
167 406
234 456
273 483
319 517
351 538
416 571
443 582
453 584
469 581
491 566
529 524
551 481
557 444
557 419
557 410
558 397
563 380
571 360
587 351
614 343
660 342
677 340
686 336
699 310
701 271
686 246
662 218
652 209
632 196
595 169
550 147
530 142
492 142
416 145
335 143
335 143
335 143
335 143
325 141
311 138
293 149
282 181
274 257
324 361
371 419
380 456
383 500
387 534
387 582
376 628
363 642
334 645
318 643
301 636
258 609
206 569
159 513
148 494
131 459
122 436
119 395
114 364
102 339
95 327
94 323
94 322
94 327
109 434
113 496
116 527
125 578
134 595
165 621
206 637
214 639
232 641
256 641
302 636
352 618
421 568
468 510
483 477
489 453
504 403
511 381
515 346
527 285
529 278
530 277
530 277
530 277
534 305
552 393
559 456
563 495
564 498
564 503
564 512
559 515
540 504
461 437
393 365
382 354
356 331
350 329
346 328
332 344
312 398
307 425
303 464
297 512
294 536
287 572
285 579
276 586
271 589
271 589
271 589
271 589
246 564
227 534
193 442
191 423
194 390
203 352
214 327
227 299
237 273
249 247
269 227
297 211
313 213
373 247
443 310
460 348
469 397
470 421
493 462
513 474
548 485
557 486
562 486
575 479
592 459
596 442
589 390
577 344
574 309
570 285
566 272
547 243
531 226
525 219
510 208
466 195
446 192
426 188
417 188
408 190
401 194
396 209
396 246
401 296
416 355
422 374
437 408
463 440
488 465
549 507
585 525
634 546
645 552
655 552
665 542
675 489
677 475
674 405
656 337
623 264
609 233
605 220
598 214
587 202
580 197
570 195
561 194
545 203
530 220
513 244
500 302
499 330
508 383
512 413
516 430
518 456
516 487
514 491
490 514
473 530
461 545
447 559
435 567
414 576
404 579
399 592
399 600
400 618
410 632
417 645
421 660
428 678
430 688
427 691
421 693
409 694
387 687
343 670
288 649
274 642
260 638
252 632
220 597
207 578
181 535
174 507
173 486
174 482
181 479
199 479
231 488
280 505
341 527
366 540
368 541
370 542
370 542
374 533
383 502
396 451
406 416
421 380
424 377
426 375
426 375
426 375
426 375
462 432
495 471
504 472
516 452
532 398
565 288
576 223
579 194
581 170
581 165
581 164
581 161
580 159
576 158
572 158
559 157
551 156
526 154
512 154
492 155
445 165
427 170
406 177
388 185
364 199
337 215
310 223
277 236
272 240
269 246
281 258
286 263
329 295
358 310
419 334
478 358
495 371
494 374
487 378
452 385
416 394
314 410
246 420
231 425
221 430
221 430
221 430
221 430
221 430
232 440
239 444
307 465
455 485
546 503
579 511
602 520
617 526
625 529
628 530
629 535
629 536
629 537
628 539
625 539
624 539
623 539
604 545
564 550
535 550
457 550
427 548
392 549
367 549
336 549
322 549
316 549
312 549
304 549
304 549
304 549
304 549
310 554
329 566
380 576
394 578
433 585
434 586
434 586
432 592
420 603
414 606
398 621
401 635
415 645
433 654
443 656
456 652
463 640
493 558
497 497
494 379
484 310
477 269
472 250
468 238
456 218
450 209
438 191
424 177
412 170
401 168
394 180
382 229
367 287
358 340
355 367
348 443
338 511
335 581
331 598
326 620
324 627
321 634
321 634
321 634
322 617
323 563
307 488
301 449
297 424
290 408
282 390
275 381
266 370
256 352
244 327
236 314
236 313
236 313
236 313
236 313
236 313
233 316
224 344
224 351
220 373
213 393
210 404
209 406
209 409
209 410
