675 714
675 714
675 714
675 714
675 714
675 714
675 714
674 714
672 714
657 718
629 713
563 680
546 672
537 668
530 665
513 657
503 654
494 652
485 649
467 640
445 626
429 614
418 607
404 599
387 591
375 587
356 582
349 583
345 589
342 599
340 604
340 606
339 607
338 607
327 591
318 564
307 541
296 521
283 502
272 488
257 468
253 462
242 438
224 404
213 378
203 356
194 337
187 313
184 303
179 287
176 278
175 275
171 265
166 253
164 246
158 232
154 222
151 207
150 200
148 185
147 176
147 169
151 157
155 154
165 148
180 145
182 145
195 153
200 163
208 192
208 201
202 220
197 239
194 255
194 269
200 288
209 306
222 322
231 337
239 357
240 366
239 377
231 388
210 402
192 418
186 422
182 429
177 443
174 464
174 468
176 490
175 497
170 514
168 522
156 541
146 556
136 569
127 581
119 591
115 606
115 612
117 624
123 649
124 653
128 667
129 678
133 688
152 701
157 702
221 696
254 689
296 673
313 656
325 647
338 635
350 625
360 617
376 607
383 604
408 600
423 600
436 606
442 613
452 626
460 643
461 647
473 665
479 670
481 672
485 672
494 669
502 664
514 644
518 629
518 622
520 590
522 548
522 530
518 504
516 495
501 463
475 407
458 391
456 390
453 400
453 446
454 460
459 521
455 554
444 591
431 626
429 633
421 637
392 641
384 640
370 636
352 630
326 623
288 606
245 583
221 568
205 555
190 538
173 519
153 494
145 481
132 453
123 437
120 429
114 415
113 415
113 415
112 425
111 452
116 472
117 475
117 475
118 475
142 454
175 401
184 377
195 352
198 349
199 348
199 348
209 362
242 420
257 444
268 458
284 466
293 466
326 446
351 404
364 370
371 340
371 340
371 340
371 340
371 340
372 340
387 392
409 436
415 443
425 448
434 448
466 437
489 421
513 400
534 379
562 353
571 339
576 319
578 308
582 292
579 281
575 271
572 263
569 256
567 253
567 249
567 246
565 243
562 234
561 232
552 216
548 210
542 202
539 199
535 195
534 195
534 195
533 195
532 195
532 195
532 195
532 195
528 195
501 201
460 208
427 221
399 235
365 269
350 299
340 375
365 448
388 471
420 474
425 470
450 448
476 407
487 378
490 336
483 318
475 309
470 305
466 302
460 301
454 299
453 299
450 299
447 302
447 302
447 302
447 302
447 302
447 302
447 302
447 302
447 302
444 308
441 313
436 318
407 345
363 367
341 374
332 379
307 396
304 402
301 409
300 416
308 424
331 425
363 425
397 420
403 402
400 386
396 379
386 368
380 364
366 364
349 392
348 406
349 422
352 455
353 479
356 494
358 500
358 507
357 514
353 519
349 523
334 527
325 529
322 530
320 530
320 532
319 535
319 540
332 555
361 589
429 654
448 664
466 669
492 652
510 609
510 584
510 538
502 468
494 444
480 408
459 362
454 350
445 334
438 322
435 317
423 301
423 300
423 300
423 299
423 299
423 298
415 288
358 250
343 245
315 239
300 237
295 237
278 253
270 281
281 322
286 330
292 331
300 324
315 305
329 273
327 259
317 243
306 234
306 234
305 234
300 259
298 273
337 328
381 344
406 342
408 308
402 286
363 231
346 221
324 218
297 229
273 275
270 301
278 369
302 416
316 430
321 432
323 432
325 432
325 430
321 429
315 429
291 448
276 460
257 486
253 508
263 531
291 556
312 568
327 569
354 560
370 550
395 496
395 484
393 459
360 396
336 377
323 372
298 365
288 369
285 405
293 455
318 489
332 501
338 502
344 497
354 471
349 429
336 395
318 362
309 347
299 336
284 324
271 316
263 313
254 312
242 312
229 314
217 318
204 329
198 346
194 362
181 409
177 426
173 441
168 465
164 487
160 512
158 525
157 541
157 555
155 564
155 571
155 593
161 599
196 613
241 615
290 611
314 596
323 566
323 555
316 535
311 531
298 527
283 522
272 521
264 521
260 521
260 521
260 521
260 521
260 514
264 492
266 484
268 449
268 435
266 430
257 425
250 428
247 435
249 456
280 473
310 454
322 413
322 396
313 356
308 345
305 343
301 342
299 342
297 342
295 342
294 343
290 345
290 346
289 346
287 347
287 347
287 347
287 347
287 347
287 347
287 347
287 347
287 347
289 347
308 338
321 324
328 302
328 288
320 266
265 254
214 270
198 318
193 374
199 397
212 408
222 409
273 388
299 354
313 316
320 267
320 251
316 223
310 193
295 147
293 136
288 111
284 99
279 84
279 84
279 84
279 87
292 172
318 211
342 229
352 230
406 217
436 199
457 172
459 155
452 136
447 134
437 153
436 183
449 198
485 214
548 218
675 199
692 165
671 139
604 84
564 78
536 80
518 90
503 109
482 164
480 184
494 197
500 197
509 186
506 176
478 166
428 170
399 186
371 220
360 272
370 306
408 343
440 360
443 360
446 344
413 308
369 287
344 281
310 293
281 340
274 381
279 424
288 439
296 443
299 444
323 411
323 397
318 376
299 354
293 354
285 356
276 401
276 438
294 459
350 471
385 470
406 437
407 410
398 376
365 338
353 334
324 339
283 366
249 427
234 467
231 523
238 563
242 575
244 582
244 582
244 582
243 582
232 580
211 579
207 580
205 588
206 600
219 611
241 620
278 621
300 609
311 580
301 553
276 536
253 538
247 553
247 577
265 595
319 610
336 606
336 604
326 585
313 582
302 586
248 656
247 664
246 672
246 678
246 678
246 678
241 670
220 638
203 622
198 618
194 619
182 629
169 668
179 696
191 702
230 691
282 664
318 609
342 513
350 478
355 434
352 404
347 393
327 364
324 354
322 353
320 349
321 347
322 346
327 346
362 383
433 457
475 500
485 510
485 510
485 510
485 510
459 488
408 452
372 429
349 412
339 403
328 388
321 369
316 355
311 346
306 342
302 341
295 349
270 422
267 431
267 431
267 431
267 431
270 421
272 384
272 365
272 363
272 363
272 363
275 373
282 420
316 508
320 512
325 515
365 485
386 454
393 435
407 417
408 415
408 415
409 424
411 438
415 480
415 505
413 551
417 569
422 590
423 590
468 530
486 505
493 494
505 478
506 476
506 475
506 475
506 482
496 563
494 628
500 681
503 685
508 688
527 670
560 628
574 604
587 575
600 547
603 541
603 541
603 541
593 576
582 629
576 681
576 710
576 714
576 715
576 715
576 715
583 710
598 688
616 657
633 631
652 599
654 596
654 596
654 596
650 627
640 668
637 681
636 693
636 693
636 693
636 693
637 685
639 617
605 499
595 480
566 424
542 382
530 370
514 361
482 353
449 349
416 347
393 349
377 347
369 339
355 312
343 291
324 264
314 252
306 245
291 236
281 234
268 234
233 232
213 220
211 214
197 184
187 168
185 158
203 152
239 153
258 154
330 162
376 162
419 164
431 168
442 173
451 177
455 187
456 204
448 218
375 261
330 291
296 320
260 358
248 378
243 387
238 393
235 395
234 396
234 396
