354 349
354 349
354 349
354 349
354 349
353 349
345 349
297 350
265 355
252 365
239 377
216 410
211 429
212 466
221 494
225 499
269 538
284 552
289 557
292 559
305 565
326 568
370 568
378 567
396 560
429 539
448 522
455 497
450 477
433 446
423 432
412 423
398 419
378 415
354 412
345 412
337 419
333 425
329 432
326 445
323 454
322 465
325 481
334 490
341 495
347 497
349 497
358 495
366 490
379 477
383 473
398 460
413 442
434 395
432 372
413 333
393 308
378 298
339 284
313 277
255 281
239 284
230 286
215 300
192 329
184 344
174 373
170 401
173 434
182 470
186 485
199 517
211 534
227 552
239 564
266 594
287 615
316 630
365 644
385 648
404 648
435 638
462 621
477 608
486 598
499 578
505 546
505 499
510 448
511 416
503 378
490 344
468 311
440 289
418 272
404 263
383 252
348 244
328 241
282 241
247 249
198 268
156 297
139 313
104 364
83 410
71 446
69 468
69 489
79 521
97 568
118 599
150 632
157 638
172 651
209 672
234 685
253 694
277 696
311 698
360 693
414 684
441 672
456 666
473 660
506 645
536 632
553 619
562 600
572 568
578 553
593 516
598 482
600 461
600 441
597 426
589 403
575 374
564 357
540 342
522 338
492 332
449 321
421 315
411 313
395 313
378 317
362 321
332 334
318 345
302 360
277 399
265 421
256 438
254 456
251 467
245 515
245 523
260 551
272 567
306 593
316 597
350 602
384 602
406 600
413 598
414 596
427 583
433 568
436 563
439 548
438 529
435 516
429 500
417 484
398 472
390 468
384 466
375 464
363 464
346 475
336 486
320 500
317 506
314 517
314 520
314 521
316 524
319 527
323 529
333 534
337 536
339 536
340 536
340 536
343 536
355 533
373 526
376 525
377 525
379 527
379 530
374 543
355 555
347 557
317 560
303 560
272 554
258 549
206 531
185 514
176 492
176 479
182 456
185 450
198 440
227 434
244 430
266 426
274 425
318 410
360 389
400 366
414 351
429 332
454 300
466 281
478 263
489 236
504 216
524 199
531 194
537 188
540 186
545 183
555 181
568 187
571 188
576 192
585 224
570 291
550 319
499 373
486 386
428 446
409 465
380 497
354 527
336 545
307 563
262 587
246 603
228 623
209 644
209 644
188 666
184 670
174 688
173 691
171 699
167 710
167 712
171 715
175 716
190 717
236 708
277 684
340 647
357 634
389 607
427 564
443 550
448 543
464 527
496 485
506 466
523 438
560 416
590 384
599 365
603 351
608 312
611 291
615 272
620 247
620 233
616 219
605 204
581 187
571 183
538 180
466 177
406 172
316 176
264 181
240 184
231 182
216 179
199 172
186 166
186 166
186 166
186 166
186 168
191 183
212 235
234 268
354 382
433 450
462 480
499 534
512 559
528 587
553 611
584 647
600 664
627 697
642 715
657 730
659 732
662 735
671 742
671 742
671 688
672 675
682 624
687 563
683 497
676 462
667 412
669 380
673 343
673 318
671 283
670 248
670 233
670 227
669 211
664 199
660 185
658 182
656 177
647 173
636 171
594 168
427 167
347 165
320 165
297 165
283 165
270 165
262 170
257 176
250 204
250 226
258 276
284 366
293 390
342 480
373 533
384 554
384 562
382 570
367 585
311 608
297 613
230 634
166 654
130 664
75 675
62 678
59 681
59 682
58 684
58 686
58 689
69 694
71 695
72 697
85 697
118 671
150 641
207 580
235 549
286 479
310 438
351 383
367 366
382 346
439 283
460 264
481 246
500 231
514 220
521 212
524 209
526 208
528 205
529 203
529 202
529 200
512 197
411 188
280 172
173 159
164 158
161 158
159 157
159 157
159 157
161 164
172 183
204 222
275 297
292 312
342 362
390 410
445 455
473 481
501 510
535 548
572 593
592 618
600 629
610 645
625 663
626 666
627 667
636 680
652 702
660 712
661 715
671 726
678 733
685 739
687 741
687 741
687 741
687 741
687 735
687 698
681 560
679 504
676 454
676 382
680 351
687 276
692 248
692 229
694 219
695 208
695 201
696 186
696 178
693 171
691 169
684 168
675 168
629 199
613 208
465 269
284 308
263 314
256 323
243 338
236 346
226 361
226 371
244 392
284 422
326 447
353 467
356 471
357 478
352 487
324 501
265 520
213 534
172 554
162 572
162 586
164 591
168 603
177 628
180 644
181 666
171 686
159 695
137 709
122 723
111 738
109 747
115 750
144 749
190 739
240 718
340 676
387 647
415 612
438 560
459 495
485 444
500 398
514 362
521 336
531 305
536 291
553 258
562 245
578 228
587 217
602 199
605 193
605 188
605 185
605 184
600 181
565 167
525 157
433 141
387 135
342 129
296 119
247 104
207 90
168 81
150 78
149 78
148 78
147 82
156 104
167 118
215 156
230 169
287 214
313 252
340 298
379 369
393 393
402 422
403 434
396 447
374 459
340 477
301 492
252 513
189 535
161 557
154 574
152 596
162 622
167 631
192 675
193 687
193 692
159 702
138 706
135 707
135 707
150 703
163 695
218 655
300 600
365 571
448 534
504 498
531 462
564 406
602 368
626 350
632 329
634 307
624 270
618 262
600 252
549 236
426 206
362 201
334 210
319 224
311 234
305 256
305 271
324 322
333 344
337 375
334 388
318 397
297 403
243 412
208 418
196 419
193 420
190 424
189 440
188 479
176 524
167 548
157 581
147 615
134 638
122 652
110 659
98 661
92 660
81 646
70 599
70 565
73 518
81 456
84 425
83 385
83 360
93 296
96 257
97 211
100 184
103 158
108 142
109 138
111 138
117 143
134 155
167 187
196 221
281 330
366 427
399 471
421 500
454 541
489 585
489 585
532 637
555 660
605 702
623 716
643 728
649 731
649 731
649 731
651 730
657 717
689 640
701 580
713 510
720 426
723 399
726 375
738 294
739 274
741 248
736 232
727 222
713 210
703 208
671 203
638 203
629 209
571 254
490 308
476 350
478 393
481 422
487 481
506 541
518 584
529 620
529 629
527 637
516 640
449 648
410 651
369 654
317 656
295 655
262 652
220 649
195 649
194 649
189 665
187 676
186 684
183 706
182 717
182 724
196 736
228 746
263 749
304 736
364 717
447 694
503 681
535 673
573 656
603 621
608 598
612 565
615 540
615 467
612 449
596 408
580 382
565 359
539 328
534 323
492 291
452 274
426 265
382 248
339 236
317 236
300 236
283 240
266 255
242 281
232 329
246 389
260 419
318 511
359 575
361 589
355 602
331 606
277 610
225 603
193 595
186 588
190 577
208 568
242 553
260 546
380 489
397 482
431 464
469 445
502 424
568 376
586 353
607 322
623 279
637 212
637 192
636 170
630 155
619 140
616 139
615 138
615 138
615 138
615 138
615 138
