304 362
304 362
304 362
304 362
304 362
304 362
304 362
304 362
304 362
304 362
304 362
304 362
304 362
304 371
304 388
306 418
300 450
291 477
280 504
268 527
256 548
245 558
228 574
226 576
223 579
217 582
208 586
207 586
207 586
207 586
207 586
207 586
213 587
226 588
240 589
288 589
325 584
356 582
375 578
412 571
426 569
444 564
472 559
515 551
531 547
540 543
548 541
598 535
602 535
602 535
602 535
602 535
602 535
602 535
598 538
583 545
555 562
506 591
466 614
439 628
401 652
378 667
375 670
366 685
366 689
368 691
372 694
390 701
416 708
449 714
456 715
474 718
502 722
554 726
597 727
600 729
602 730
601 733
596 737
582 749
570 759
563 768
562 772
562 774
568 776
583 776
598 772
631 748
638 738
643 717
646 676
640 624
635 594
627 553
611 509
590 466
577 442
533 395
508 373
494 366
484 365
474 365
460 372
440 394
435 419
440 460
453 500
470 536
483 577
485 597
484 622
481 628
479 631
438 638
396 640
360 636
330 619
312 601
304 588
294 539
296 518
319 504
329 503
377 501
438 507
486 513
503 513
522 511
534 498
546 480
550 446
544 421
518 373
475 317
445 274
433 253
421 229
417 220
403 187
395 168
387 155
384 153
382 151
379 151
377 152
371 158
354 177
336 195
320 214
282 281
319 343
371 386
402 440
396 468
386 485
371 509
354 541
341 561
330 569
316 577
295 580
275 583
237 584
211 585
201 595
191 608
185 627
183 639
183 647
182 654
180 655
171 641
157 572
133 457
128 407
138 367
143 337
151 307
160 287
171 272
201 249
221 240
254 235
271 239
298 254
319 274
332 282
379 304
421 325
454 350
460 359
459 367
451 369
427 371
376 374
341 378
315 389
302 397
290 409
288 429
300 449
311 465
324 486
324 494
314 531
301 556
295 569
296 587
314 607
335 625
355 639
364 640
401 606
412 592
474 513
496 478
515 429
539 349
556 302
567 279
571 265
576 258
581 255
591 256
605 263
630 309
638 396
616 484
612 509
606 552
599 581
591 600
588 609
583 619
571 632
548 642
442 639
403 612
346 561
318 532
286 500
276 479
273 457
256 395
249 356
243 297
240 270
238 252
238 252
238 252
237 251
234 251
227 249
198 250
181 274
145 350
134 380
128 423
128 433
128 450
127 463
119 483
95 526
78 552
68 569
52 585
49 585
38 569
27 524
22 462
24 410
30 386
34 368
45 325
51 307
53 302
65 293
78 287
97 285
124 297
152 313
188 352
203 388
214 428
223 496
237 532
263 582
272 595
284 610
294 624
303 630
315 633
332 630
378 599
421 542
445 503
490 412
501 379
501 298
495 276
471 238
448 213
437 206
409 203
392 209
384 223
378 243
372 290
384 345
401 388
423 429
439 460
453 485
471 518
483 536
496 553
507 568
525 588
535 596
549 601
566 603
584 592
590 583
611 535
626 472
633 422
636 384
642 324
646 295
649 271
649 221
640 187
628 151
621 139
613 129
605 123
601 121
593 120
585 121
578 135
572 162
571 180
569 217
587 279
597 314
620 387
638 434
648 464
661 514
665 532
673 578
678 603
679 607
687 635
692 658
692 671
693 677
693 682
693 690
694 693
695 707
695 711
690 716
681 721
650 731
625 735
567 738
480 715
448 710
436 708
417 706
395 701
372 693
361 689
342 683
329 679
288 665
278 661
261 657
239 654
202 650
182 645
134 635
104 625
81 605
74 577
74 541
79 500
85 476
127 438
170 419
194 410
209 408
253 390
329 368
353 361
450 340
483 325
502 309
520 293
536 277
548 261
557 251
576 231
584 215
588 201
594 182
599 173
603 166
605 159
604 146
580 115
564 100
525 72
494 61
446 56
414 59
390 63
364 67
322 74
267 86
219 92
184 97
175 100
172 100
167 106
165 108
164 111
167 116
194 138
227 162
313 199
349 214
358 217
377 230
379 233
382 243
382 247
377 259
348 289
324 304
255 348
239 361
226 376
224 388
229 420
234 438
247 472
259 490
264 506
243 537
208 565
168 593
148 617
145 624
148 651
154 657
162 664
187 677
201 680
244 689
305 689
346 676
364 655
377 615
394 565
408 516
402 490
362 424
331 386
298 354
266 320
249 305
189 269
171 257
162 248
156 244
155 243
155 243
155 243
150 269
137 347
122 401
105 471
92 522
88 560
80 592
74 619
67 652
67 673
67 686
67 694
67 702
67 703
67 703
68 703
69 703
86 698
111 684
198 628
249 574
277 541
325 490
367 447
383 423
404 400
447 365
485 334
498 320
516 302
527 290
542 275
548 268
550 265
557 258
568 246
578 232
589 217
599 207
613 194
621 178
624 159
602 123
586 105
565 89
530 74
497 73
463 78
392 94
362 98
342 105
337 106
324 109
304 114
294 116
283 120
252 126
237 129
224 133
209 135
196 138
192 140
192 140
191 146
200 175
216 205
263 249
294 272
347 313
404 372
430 406
453 427
461 437
491 480
518 518
538 539
586 589
606 609
641 639
660 656
669 666
696 708
703 721
707 727
710 734
711 735
711 735
712 735
713 708
666 608
644 559
622 488
618 474
605 432
601 395
595 356
590 313
582 271
578 247
576 215
576 200
579 172
579 146
578 130
581 111
581 102
581 100
578 94
577 93
573 93
566 94
562 99
557 108
553 153
554 222
568 290
584 342
603 428
603 443
597 475
593 494
591 502
584 549
578 575
573 589
573 591
565 598
547 608
515 620
443 634
334 628
253 625
199 619
169 613
155 608
150 605
149 605
148 606
133 630
83 724
78 736
77 736
77 736
77 736
77 736
77 736
101 700
141 638
220 524
309 394
378 306
416 266
480 216
496 201
529 169
551 148
576 127
584 118
588 112
591 110
593 107
595 106
596 105
596 105
596 105
596 105
596 105
596 105
596 105
596 105
596 105
596 105
596 105
596 112
596 141
592 184
593 235
596 280
592 320
577 360
564 428
561 470
561 514
561 532
570 576
592 619
601 638
617 671
624 683
631 693
639 705
639 706
639 706
639 706
639 706
638 705
614 686
547 624
438 517
353 405
320 339
298 283
267 242
248 207
226 171
197 138
174 114
146 84
145 84
145 84
145 84
145 84
145 84
148 121
151 148
158 207
175 314
184 387
194 445
199 480
199 517
198 545
196 577
195 596
195 604
191 626
191 643
192 656
192 665
194 676
196 680
199 684
203 685
221 685
256 673
292 651
344 604
385 554
426 487
461 456
487 434
523 403
569 369
600 347
613 331
639 291
654 270
662 256
667 242
670 223
670 213
667 210
658 210
630 214
589 220
558 228
481 253
456 278
450 293
449 301
454 324
468 349
495 388
517 417
533 438
533 444
532 450
506 468
462 488
448 494
436 504
424 522
422 536
428 552
453 587
464 603
486 628
493 643
495 650
494 661
484 668
437 669
353 640
299 610
278 594
257 562
252 523
252 504
260 482
269 476
295 467
314 463
339 460
365 459
408 452
446 440
478 420
494 403
513 352
511 298
497 256
473 220
440 201
421 197
409 197
400 201
388 214
382 229
381 237
383 255
408 309
456 362
515 425
541 453
546 458
564 483
572 493
581 509
584 515
589 522
595 536
598 554
602 580
608 609
620 626
631 640
639 649
640 649
644 649
656 645
675 606
684 557
684 509
684 486
684 454
680 426
674 402
673 386
673 372
680 343
685 317
686 300
689 277
692 259
692 240
691 232
688 223
679 218
664 215
654 215
594 221
553 230
513 239
489 246
429 274
405 293
390 308
381 314
372 319
350 329
293 348
266 357
252 361
228 366
202 370
183 370
177 368
176 368
176 368
176 368
176 368
180 393
184 407
190 423
207 452
215 470
218 484
219 500
212 534
202 552
189 567
181 575
179 577
176 581
175 585
175 598
177 611
183 623
190 627
199 629
243 617
294 598
356 575
384 558
399 545
405 540
409 536
418 531
434 523
458 518
472 514
496 510
511 506
522 504
534 501
557 495
570 491
591 484
597 481
618 471
631 465
652 453
654 451
655 449
655 449
656 447
660 444
664 441
666 439
671 434
674 432
675 431
675 431
675 431
675 431
675 431
