207 465
243 502
281 542
311 564
344 578
360 580
384 580
428 569
445 559
461 532
478 473
480 440
474 419
460 388
452 376
440 361
429 356
418 355
410 358
403 375
410 389
436 412
466 439
498 468
531 506
549 533
556 550
558 580
553 604
530 637
509 650
472 667
456 671
423 680
399 682
369 682
275 652
165 604
126 585
118 575
107 557
104 542
117 498
145 486
203 481
265 476
322 463
391 451
403 447
439 427
452 406
456 398
462 362
462 328
457 304
432 269
407 254
378 243
323 230
275 227
258 229
254 234
255 248
267 266
292 293
335 333
375 373
413 429
417 447
420 473
411 509
402 534
385 565
382 580
380 589
379 602
383 614
391 616
400 618
422 614
431 609
451 557
452 541
463 471
470 431
478 395
482 367
483 336
487 314
491 297
494 295
494 295
499 301
532 354
546 382
566 430
569 446
569 484
571 521
567 547
567 570
568 596
566 624
566 640
570 649
575 650
582 645
605 591
615 498
615 464
610 361
609 330
609 296
608 253
587 198
570 173
551 157
536 151
469 148
441 156
387 191
365 239
395 296
408 322
417 379
401 416
368 448
312 488
305 492
295 504
293 513
300 542
313 566
321 579
329 598
316 615
296 625
256 635
212 633
201 630
182 612
172 594
163 558
162 517
167 461
170 430
174 380
174 372
174 326
172 302
162 259
157 246
154 235
142 221
129 220
112 225
109 232
106 259
114 291
155 344
199 383
220 409
214 421
174 454
148 473
136 490
126 517
126 533
131 556
138 573
149 599
150 614
135 636
112 665
102 675
98 677
94 680
94 681
103 684
123 689
174 695
198 697
312 691
428 642
466 607
484 581
488 535
489 515
495 468
501 407
506 374
506 318
498 295
474 258
469 254
445 247
421 259
357 301
353 310
367 334
395 350
439 370
465 389
477 405
470 411
444 415
401 436
396 450
398 478
412 504
425 521
467 556
507 584
517 592
532 603
547 615
573 628
578 631
579 631
579 631
579 631
580 596
571 513
566 486
550 411
549 386
551 352
552 319
554 277
557 249
560 238
564 223
566 214
569 204
573 193
575 191
578 186
581 186
584 189
592 231
600 268
601 280
604 343
604 366
607 383
610 418
608 442
601 478
598 494
594 520
594 528
594 566
595 582
606 623
611 645
612 652
610 658
588 662
547 667
448 663
389 661
347 654
316 647
312 645
305 645
292 642
284 640
280 640
258 639
242 640
226 646
217 648
173 660
142 667
128 672
110 675
110 675
117 669
146 639
184 604
222 562
273 522
348 471
398 429
420 409
449 384
482 356
492 344
495 330
495 328
494 325
489 325
461 324
385 331
304 340
177 346
146 349
136 350
131 352
123 356
117 362
111 402
118 420
130 443
173 491
210 521
274 558
314 577
356 601
357 604
357 604
353 606
333 613
300 621
245 620
191 616
164 620
159 624
156 630
156 632
157 635
164 637
207 643
270 651
362 653
411 655
485 650
535 647
546 645
547 642
547 641
549 639
542 633
519 621
387 577
278 557
226 550
148 532
72 513
67 512
67 512
67 512
90 504
121 496
178 493
242 486
293 475
310 465
344 445
368 437
413 420
429 408
432 397
434 369
433 346
381 318
302 301
185 294
161 294
156 294
156 294
156 294
169 308
195 327
287 356
374 393
418 438
407 474
385 499
320 564
301 590
293 611
299 637
347 676
481 714
525 742
534 749
536 751
539 749
541 738
555 691
582 584
587 514
587 485
588 441
596 398
605 344
603 318
601 294
598 276
572 240
531 211
483 199
466 199
407 229
379 259
389 288
411 304
483 339
507 356
510 361
507 367
457 383
397 405
379 424
372 449
388 490
415 518
429 533
447 561
448 569
431 583
384 597
284 605
149 621
122 624
113 625
109 625
91 613
38 565
33 549
61 506
96 478
186 447
269 412
315 392
348 351
366 338
431 300
482 264
528 233
607 203
624 193
627 184
631 177
635 167
637 157
624 142
611 137
559 131
481 118
336 101
264 91
213 85
189 84
167 80
146 76
132 75
132 75
132 75
132 75
134 78
137 85
152 103
182 145
218 191
275 274
316 340
359 397
390 435
427 497
454 559
471 587
497 614
533 654
550 673
562 682
578 691
579 691
584 687
600 675
629 647
643 622
660 571
667 507
678 421
692 381
693 365
692 326
688 292
678 250
673 242
666 232
659 227
638 221
579 218
518 217
424 233
396 245
378 263
374 291
389 355
445 435
486 478
517 518
523 534
523 542
521 546
518 551
516 561
537 583
568 593
591 595
627 570
630 546
613 459
564 372
510 308
479 278
453 269
398 264
356 269
351 275
351 296
354 313
356 321
358 336
360 359
362 368
362 378
334 397
306 404
255 417
255 420
266 441
283 467
311 517
316 527
315 534
303 546
281 559
262 564
230 558
195 541
169 521
124 472
122 451
125 437
130 424
145 396
160 377
182 360
234 342
269 332
322 319
349 312
398 287
411 263
409 216
393 188
377 176
304 157
284 155
232 152
205 152
198 157
196 163
193 187
197 234
226 295
269 353
330 411
345 434
339 462
334 469
309 494
285 509
253 527
226 542
188 551
163 551
114 523
85 473
86 459
109 423
130 405
191 367
265 345
370 326
480 306
494 304
528 300
547 287
562 268
565 261
568 228
558 206
554 198
549 196
532 191
528 189
512 182
398 148
356 145
311 142
299 144
244 180
228 191
207 216
218 264
250 310
277 351
309 419
330 463
333 479
327 504
313 518
250 565
230 576
215 581
214 581
214 581
214 581
214 581
214 581
214 581
214 581
214 581
214 581
214 581
214 581
214 581
214 581
214 581
