596 193
596 194
598 194
599 195
600 197
606 238
609 263
614 311
617 343
620 380
623 396
626 407
626 416
626 420
625 423
623 434
619 451
611 462
608 465
596 473
572 475
558 470
482 392
428 313
406 272
376 213
361 178
360 171
359 170
355 171
340 187
320 216
316 228
297 270
274 309
241 350
231 363
199 427
196 435
186 450
185 453
179 457
177 458
174 460
171 460
163 452
142 412
131 388
123 371
114 352
99 303
96 276
95 237
91 202
86 171
84 162
81 140
80 132
76 123
69 110
65 101
64 99
61 95
59 94
57 92
56 92
55 92
52 98
48 126
48 161
46 187
44 260
47 334
45 363
42 402
38 425
32 475
32 485
30 500
27 509
24 525
23 533
19 546
16 559
13 573
12 585
11 597
11 616
8 637
7 641
4 656
0 671
0 684
0 690
1 700
3 708
4 714
4 720
8 730
20 750
20 750
36 760
43 762
46 762
68 767
84 769
118 773
128 774
138 774
175 777
186 779
222 783
230 783
250 784
265 784
292 784
316 784
341 784
363 781
375 780
413 775
438 763
462 748
477 734
491 723
522 706
529 701
552 678
565 649
579 611
589 594
605 565
617 534
620 494
616 461
607 436
602 426
601 425
595 421
584 417
558 416
531 417
516 422
498 434
466 452
450 462
437 470
427 486
418 504
412 527
408 541
406 548
404 559
402 564
400 571
400 581
402 588
407 589
414 590
446 592
471 592
483 592
505 595
522 598
530 601
530 601
531 603
532 606
532 618
526 632
520 641
507 657
488 673
468 692
458 701
451 708
445 717
443 722
443 728
448 735
462 742
478 743
492 743
518 739
534 735
549 729
564 719
576 704
582 695
587 684
589 657
582 631
577 601
575 581
575 576
575 570
575 548
574 542
571 526
569 514
567 507
564 495
554 481
532 464
521 458
512 456
504 455
499 458
471 486
444 517
431 534
421 553
402 579
365 605
344 619
305 647
294 657
291 661
280 676
273 694
272 703
274 710
276 712
305 723
323 727
338 727
369 727
408 722
434 718
451 715
460 712
483 700
513 687
538 675
560 664
575 655
589 643
599 630
603 622
606 616
606 615
606 614
605 614
605 614
594 617
569 628
521 648
500 657
468 670
429 679
393 691
340 705
329 707
317 710
295 712
267 712
261 712
256 712
250 710
240 702
237 693
238 682
244 677
263 665
280 656
312 650
336 642
404 623
436 614
447 611
474 599
521 577
551 559
566 549
583 538
603 520
616 501
618 485
617 468
615 464
610 458
606 456
586 445
571 441
566 440
554 439
532 438
509 447
487 471
473 491
464 499
445 521
395 570
384 580
359 608
319 632
294 645
269 655
252 659
233 662
201 665
193 666
183 666
178 662
174 654
168 630
164 586
172 576
183 561
196 544
212 527
259 509
269 507
300 503
331 490
351 484
368 476
388 464
400 455
419 432
455 388
491 349
503 329
509 317
521 281
531 248
532 244
534 214
519 181
494 158
469 144
460 139
405 118
387 113
333 105
293 107
272 111
261 114
252 120
236 137
231 145
228 158
228 182
232 197
247 221
271 247
301 278
323 303
360 346
385 373
429 416
449 439
475 475
493 515
500 529
514 560
522 573
527 583
537 605
539 613
544 632
545 636
547 648
553 660
560 672
563 679
569 688
571 692
578 697
584 699
590 700
594 696
598 687
605 672
612 657
622 631
628 582
630 547
630 507
629 491
629 458
635 428
643 405
654 377
658 362
663 328
664 296
666 283
668 270
673 243
676 224
678 206
681 195
683 188
683 179
681 154
677 132
676 117
677 105
679 100
686 88
692 77
700 67
713 57
720 55
743 54
755 55
757 55
757 55
757 58
754 64
740 74
704 89
666 106
638 119
591 143
568 155
546 168
505 190
462 212
446 227
439 238
432 253
425 278
426 295
435 305
462 328
471 336
491 362
503 379
522 407
544 438
555 454
564 477
564 491
562 513
529 547
497 558
439 582
402 605
379 626
363 645
353 657
347 667
343 682
343 695
346 706
350 717
355 726
357 736
356 741
348 744
319 748
259 752
225 755
211 755
169 757
149 753
140 747
119 734
103 724
96 719
93 716
93 710
93 696
109 678
133 653
144 643
163 630
212 597
252 582
278 573
301 561
343 536
369 525
400 510
439 481
469 445
475 435
495 387
510 351
521 329
535 296
537 271
536 257
529 237
523 229
513 222
502 220
493 220
472 226
426 255
369 281
330 319
309 349
299 366
279 402
242 445
226 462
210 488
203 500
196 511
186 538
184 550
177 579
175 587
171 608
165 630
161 642
158 654
157 658
156 675
162 694
172 702
175 706
182 712
199 722
210 725
242 728
256 727
278 723
319 714
353 699
372 687
400 663
433 641
454 629
470 616
509 562
556 491
592 448
631 383
653 336
657 315
657 306
652 291
650 288
648 287
630 289
624 293
594 315
571 338
524 383
497 409
463 443
459 449
450 461
438 477
408 509
361 552
352 563
325 591
309 609
281 636
264 652
252 662
217 685
194 692
178 694
155 690
147 687
143 683
142 680
135 645
135 621
135 617
138 608
145 590
156 579
198 560
229 551
257 542
287 532
323 521
377 501
405 489
425 478
444 465
464 449
476 437
487 420
501 397
513 382
515 377
527 358
533 342
535 328
535 318
531 303
525 292
520 287
511 279
495 271
480 265
452 258
412 245
383 240
359 239
330 236
303 231
296 229
289 226
277 219
261 213
257 212
236 207
218 197
212 193
207 183
203 176
196 161
193 153
191 146
191 142
191 138
202 132
205 131
224 125
252 122
301 118
314 121
340 130
346 134
378 155
429 196
456 223
471 240
486 271
499 322
502 348
504 382
503 415
499 452
501 489
520 531
535 559
547 582
565 609
575 626
589 644
598 651
607 657
609 658
610 658
612 660
612 660
612 660
612 660
614 655
617 650
618 649
619 649
