718 417
716 418
709 420
696 430
667 452
634 465
622 469
606 472
581 476
563 480
548 484
538 491
520 506
512 524
512 530
515 544
520 552
526 563
537 576
546 583
558 593
564 599
573 606
578 622
579 628
578 642
570 648
561 652
554 655
552 657
551 659
554 662
574 666
597 666
640 659
653 654
671 639
678 621
681 586
677 553
671 526
665 498
661 481
652 451
641 424
623 389
595 353
588 341
581 322
576 307
569 274
561 250
545 216
539 203
536 189
539 174
565 156
602 147
647 147
658 152
659 154
659 159
652 170
649 175
598 231
587 247
579 266
579 287
602 321
644 367
657 384
662 394
664 403
659 416
652 423
615 455
594 480
584 494
583 512
594 528
614 550
621 559
625 565
627 576
625 585
618 594
605 602
587 606
533 609
460 599
415 583
359 558
333 541
316 520
295 458
291 434
291 405
298 381
315 366
330 362
347 359
361 359
366 359
371 349
363 311
348 282
307 233
290 214
275 203
263 198
260 198
245 208
227 223
192 249
182 259
172 265
161 279
203 330
239 378
253 412
252 422
237 436
206 456
186 468
166 481
149 494
138 526
140 542
154 576
159 585
168 605
171 627
164 659
152 679
147 684
132 686
124 686
101 677
70 622
51 558
51 504
58 458
61 442
64 419
78 379
86 363
90 354
99 337
101 334
103 334
108 335
124 350
132 367
150 417
166 455
183 491
192 506
209 518
220 516
261 446
276 421
282 414
282 414
285 416
293 429
301 452
313 477
317 486
319 486
325 475
355 426
363 412
371 400
381 389
395 381
401 382
405 392
417 428
424 464
427 481
436 498
438 500
442 501
460 494
493 465
518 444
539 421
564 383
581 349
588 311
583 279
564 237
545 211
536 201
524 191
515 187
497 182
448 173
425 173
384 173
366 177
356 180
349 187
348 192
365 207
390 224
406 237
409 244
409 246
391 259
341 281
285 300
279 315
279 318
287 335
301 347
337 376
347 385
350 391
349 405
335 423
312 438
288 454
264 475
257 482
254 487
249 497
248 504
243 521
243 524
246 529
272 532
286 535
313 537
342 543
357 546
373 553
379 562
379 574
371 588
362 598
320 630
302 646
292 658
290 667
291 668
303 674
338 682
363 687
408 694
455 697
492 695
528 689
572 674
591 664
614 649
629 635
647 614
656 595
661 552
653 516
647 498
627 458
591 420
548 362
517 311
510 291
496 257
483 232
462 200
456 190
438 160
423 145
407 132
395 126
381 125
364 129
325 145
301 154
259 177
237 194
218 212
216 225
228 239
262 255
298 270
305 276
307 296
306 316
299 341
293 360
292 367
293 384
303 404
317 428
335 451
346 464
361 487
379 517
391 539
412 568
428 584
430 587
440 602
456 620
468 639
471 647
484 668
507 696
533 722
547 734
559 742
580 749
589 751
612 736
624 715
648 628
643 595
635 569
614 500
597 441
587 413
576 375
569 344
560 313
552 283
552 281
552 281
552 281
552 281
552 281
563 313
575 351
578 370
578 372
578 372
578 372
578 372
578 372
578 372
578 372
576 377
576 408
583 452
590 469
594 482
595 492
595 499
595 512
596 525
596 531
596 534
593 549
585 554
580 555
569 552
555 518
554 504
554 503
554 501
559 501
567 519
568 525
568 525
568 525
568 511
570 484
572 482
575 477
578 471
580 456
576 430
564 402
560 397
558 395
556 394
549 391
548 391
548 390
547 390
546 382
546 358
546 349
546 346
546 345
545 344
545 343
538 336
521 315
498 264
497 259
497 257
497 257
497 257
497 257
497 257
497 257
495 249
492 240
489 224
486 218
486 218
486 218
486 218
486 218
486 218
486 211
487 195
487 181
485 176
477 168
462 160
454 157
453 156
450 144
447 131
447 129
447 127
447 126
446 124
443 120
431 115
430 115
430 115
430 115
430 115
431 113
431 113
430 111
426 110
423 110
416 116
409 125
407 148
409 158
411 161
411 166
411 170
407 177
405 183
401 190
391 206
387 217
384 233
387 259
394 299
397 320
399 354
396 375
387 409
382 456
385 492
389 500
401 523
410 538
426 568
427 579
425 582
406 586
375 586
327 586
287 583
241 571
220 552
192 505
189 460
192 438
199 414
205 397
210 386
218 379
237 380
259 386
288 395
329 403
387 401
404 394
441 375
461 361
488 341
500 326
513 305
513 305
529 263
532 245
532 227
514 207
505 203
477 198
445 197
422 208
418 219
418 224
437 262
450 286
470 324
473 339
456 356
422 376
396 405
397 412
412 443
414 452
415 465
412 474
406 480
388 496
376 505
367 514
364 522
364 525
367 541
368 553
365 566
354 574
343 576
333 576
298 565
258 522
252 500
254 494
260 480
269 419
273 403
275 400
275 400
275 400
275 400
275 400
267 382
258 364
255 346
256 333
259 327
262 322
275 314
275 313
268 302
259 291
255 286
244 270
229 244
228 238
228 236
228 231
226 228
225 224
223 219
215 209
208 193
207 183
209 172
215 157
222 148
224 146
224 142
220 138
211 132
209 129
209 128
212 125
221 122
227 121
229 123
233 129
241 139
248 155
255 169
261 175
283 193
296 204
302 223
300 243
301 265
328 289
363 315
377 326
380 330
384 344
387 354
400 368
442 378
487 384
506 381
510 373
515 328
520 290
523 262
522 237
520 219
520 215
523 214
546 217
585 225
624 236
631 240
634 246
637 258
638 286
615 357
570 428
552 445
517 476
502 486
466 509
419 514
389 517
335 516
272 491
239 460
207 416
191 389
174 364
161 344
149 327
133 306
124 297
117 291
112 281
112 277
116 262
128 248
142 243
164 243
181 245
213 264
227 274
234 289
231 305
227 325
227 337
231 343
251 359
266 372
273 382
279 399
283 427
290 451
307 471
317 478
334 493
350 511
351 519
336 564
326 596
350 619
378 629
405 634
409 636
413 641
422 650
442 666
452 672
481 683
522 691
545 690
553 688
562 684
587 668
595 655
607 617
604 552
589 457
586 420
580 386
541 322
533 314
523 307
499 301
489 299
448 297
421 305
400 313
382 322
371 343
371 391
370 404
365 406
358 407
334 410
325 412
323 419
326 425
344 446
349 454
342 457
318 467
305 476
299 481
297 488
294 500
289 521
284 540
274 555
247 577
225 591
215 598
205 611
204 615
204 632
215 655
217 668
217 674
205 681
189 686
169 687
147 685
112 669
109 663
102 647
93 598
93 570
112 523
130 479
163 389
197 345
216 330
245 308
285 295
308 288
359 281
417 275
450 273
496 267
512 263
526 259
528 258
529 258
