128 186
128 186
128 186
128 186
128 186
128 186
151 178
174 169
305 161
344 163
366 162
386 159
454 154
517 156
562 163
598 169
613 175
622 181
624 187
607 200
584 207
528 224
477 236
402 266
388 272
329 294
319 303
314 309
281 336
264 354
260 359
240 385
219 414
218 424
218 434
216 448
211 478
211 495
223 519
268 554
305 574
333 592
400 619
480 639
540 659
557 670
586 706
596 722
598 726
601 738
603 742
606 744
608 740
628 700
637 679
651 638
662 602
677 570
683 545
685 522
683 498
678 439
680 387
685 353
684 307
679 290
670 279
658 277
638 277
583 289
547 320
531 370
528 394
528 418
531 448
538 480
543 516
543 528
538 552
532 560
515 572
508 576
493 592
463 646
458 672
453 693
450 709
433 746
418 759
398 763
382 764
333 761
294 755
233 737
208 726
199 721
187 711
172 690
167 669
163 655
160 646
159 636
158 630
161 614
182 595
191 589
194 586
215 571
230 564
248 557
275 543
297 530
331 513
363 494
384 476
401 463
447 431
468 414
492 391
506 370
516 332
518 284
510 259
502 244
493 229
468 205
448 193
436 188
420 184
352 176
321 175
298 172
285 173
272 178
258 185
257 190
261 197
264 200
282 210
286 211
287 213
271 234
231 273
224 290
219 319
215 348
212 360
212 382
212 399
212 411
212 425
217 442
227 456
237 473
266 507
314 544
344 558
396 581
402 585
428 604
455 617
473 618
484 616
507 583
521 536
521 524
516 500
503 480
497 473
485 464
470 452
443 430
430 417
426 402
427 396
436 391
470 377
501 367
514 364
548 344
574 310
591 284
606 257
611 234
602 200
589 181
583 175
558 156
526 143
523 143
519 142
518 142
520 153
532 177
554 199
584 225
604 266
602 274
585 286
565 298
545 312
530 326
521 340
505 377
504 403
504 419
521 458
537 488
551 513
569 549
576 570
581 592
584 609
583 620
570 628
448 626
397 614
348 597
322 588
269 560
226 527
187 492
153 462
144 451
138 429
136 398
140 361
146 311
156 261
173 237
197 217
217 210
245 209
286 211
330 213
383 216
457 229
467 235
470 248
445 286
386 328
328 351
299 369
286 382
280 419
290 438
325 483
411 563
430 581
449 608
466 639
466 639
466 639
463 639
461 639
440 623
411 589
376 523
356 435
374 342
391 318
431 280
481 239
494 220
506 198
511 192
516 193
526 204
536 223
572 351
610 480
641 578
670 615
688 630
712 644
729 650
731 650
737 643
741 600
742 508
743 447
729 383
720 359
710 326
686 276
660 244
644 225
624 202
599 182
571 172
554 172
524 178
489 195
484 200
449 241
441 258
436 291
438 324
450 361
476 439
478 451
476 467
471 484
450 525
432 538
421 543
375 554
344 556
321 549
281 536
225 517
195 490
184 462
172 387
170 337
170 312
161 287
160 286
158 285
149 288
94 349
80 372
79 411
90 487
109 533
134 563
163 609
184 630
196 641
207 650
209 651
236 638
267 604
296 553
299 540
297 509
296 500
296 482
301 449
304 427
304 414
304 407
304 406
304 406
304 406
304 406
304 406
304 406
304 406
297 412
286 416
254 421
219 416
199 405
197 402
186 399
182 400
180 407
175 433
179 466
192 478
214 492
216 494
241 499
257 503
289 540
301 564
313 588
324 609
325 610
337 617
344 618
350 618
382 575
394 549
410 509
430 435
441 411
447 397
457 383
472 353
479 336
491 304
494 261
490 244
489 237
485 225
468 211
426 183
408 174
378 167
336 155
306 146
294 141
278 136
267 130
247 126
243 126
242 126
242 126
242 128
243 140
253 185
293 293
306 327
316 352
325 385
323 399
305 443
294 479
286 511
278 544
275 556
271 564
270 565
267 565
256 560
219 499
207 433
207 420
207 407
207 406
218 404
261 404
301 404
339 404
364 408
388 412
417 413
436 411
453 406
482 401
517 391
535 380
538 377
555 354
561 342
566 322
563 296
531 237
513 220
492 218
491 218
485 218
481 220
480 236
482 264
474 296
444 350
424 389
424 394
424 418
429 443
449 487
470 509
481 525
500 572
503 585
505 592
507 603
511 617
516 638
523 665
531 680
542 695
544 697
555 694
567 679
588 632
599 592
608 571
621 539
634 504
638 495
642 478
648 464
665 442
679 426
685 417
694 408
700 403
711 395
712 395
712 395
712 396
714 412
722 451
725 464
731 506
732 515
732 528
727 544
723 550
721 552
718 555
717 559
717 560
717 560
717 560
717 561
717 561
717 561
717 561
717 561
717 561
717 561
717 561
717 561
