573 418
573 418
573 418
573 418
573 418
573 420
561 451
552 471
543 535
547 592
554 600
558 604
566 611
580 619
591 619
596 618
610 596
614 550
600 444
570 367
544 315
494 250
454 210
418 182
401 177
382 173
362 172
346 190
339 211
337 231
339 237
342 239
355 246
355 246
355 246
355 246
355 246
355 246
355 246
355 246
355 246
355 246
335 249
332 250
323 272
311 339
282 543
276 578
276 579
275 586
274 593
274 594
274 594
274 594
284 586
312 574
398 517
447 474
473 440
485 416
505 360
505 338
505 338
505 337
505 331
499 307
496 302
494 297
494 297
494 297
494 297
498 361
504 424
512 456
516 476
520 506
527 523
540 531
549 533
552 536
552 536
552 534
541 469
527 424
502 352
473 311
433 282
418 280
411 280
360 302
351 306
343 315
323 361
320 408
321 424
322 433
317 434
278 415
235 355
224 324
207 256
195 208
186 191
185 188
185 188
185 188
183 213
176 241
149 316
87 424
82 432
82 432
93 434
96 431
130 381
143 329
144 290
139 267
137 263
135 277
140 330
180 392
208 408
252 417
272 417
281 412
342 337
348 325
367 282
371 266
371 264
371 264
371 262
371 262
371 262
373 271
385 300
398 336
414 371
445 398
483 410
505 406
518 396
528 377
532 328
521 296
517 292
504 280
490 264
471 262
449 263
395 268
377 269
338 275
327 276
319 276
314 272
285 223
249 174
240 163
238 159
239 155
300 145
334 145
386 152
411 154
438 158
476 172
485 180
493 196
487 211
478 221
437 236
416 242
376 259
343 285
337 300
344 319
367 344
406 381
415 392
435 412
455 427
398 425
301 445
286 455
281 469
274 486
263 512
239 581
224 617
223 636
224 653
219 677
215 687
213 694
212 701
217 709
233 715
282 728
315 726
364 697
387 659
410 614
410 611
401 605
395 605
390 604
387 604
375 595
353 572
344 561
318 526
288 498
283 498
273 519
268 560
250 641
223 702
219 709
206 728
201 730
166 706
156 687
127 640
107 598
105 550
114 540
133 524
149 503
157 492
163 488
190 481
212 478
244 483
261 485
280 486
293 481
311 465
337 432
348 390
348 385
346 375
343 361
338 344
328 326
315 312
311 305
309 299
309 295
312 262
320 249
332 233
339 230
345 228
354 225
362 223
367 222
375 222
391 220
406 218
423 216
441 220
448 222
464 229
474 235
487 243
502 264
523 293
541 320
562 359
572 384
579 403
592 423
608 447
616 456
622 463
634 478
651 498
657 509
659 532
656 546
654 556
646 571
616 592
592 597
561 598
491 592
481 589
434 577
407 564
384 549
367 530
354 501
344 476
333 444
323 420
314 396
309 383
306 373
302 356
299 345
300 335
317 303
327 294
353 288
363 286
382 289
427 305
440 313
460 331
485 357
508 390
514 398
532 429
546 460
558 477
567 493
578 516
591 544
594 551
597 562
599 577
599 595
597 602
594 609
592 611
590 614
579 618
575 618
549 605
513 580
490 559
474 548
471 546
465 540
459 538
457 536
451 531
439 525
432 522
421 513
417 511
410 507
399 502
391 496
381 491
379 490
365 485
355 482
348 480
339 479
331 477
323 474
313 474
285 472
281 471
262 465
260 463
250 445
238 423
235 416
230 403
230 397
233 389
241 386
252 383
253 383
260 383
272 384
286 384
293 385
320 386
324 386
350 384
375 379
382 378
409 367
431 360
434 359
443 352
449 345
464 332
474 310
475 300
472 285
467 271
456 249
449 241
445 236
432 224
426 218
411 205
404 198
398 194
383 186
373 183
364 181
350 177
338 174
328 172
305 169
293 166
276 161
253 157
250 157
247 156
240 156
227 156
225 156
220 156
213 156
201 156
196 156
193 156
184 160
170 173
164 186
159 203
155 212
153 219
148 235
145 243
144 250
139 281
138 299
137 310
134 328
130 341
126 373
126 389
126 401
127 415
128 421
131 444
131 453
132 459
135 480
141 494
149 511
166 542
181 566
198 587
212 605
229 627
245 644
258 655
273 666
280 669
288 672
297 675
332 681
342 683
356 683
369 683
389 681
409 677
426 674
434 671
462 664
471 661
499 651
510 648
528 639
538 631
556 625
567 623
588 619
604 615
613 611
617 607
622 598
626 583
626 567
615 540
590 502
568 475
540 455
523 443
484 412
454 370
419 313
402 280
390 253
385 241
383 233
385 225
393 215
408 202
446 179
468 169
482 161
498 154
499 153
504 152
514 151
523 156
545 174
557 184
589 213
593 219
593 223
592 230
587 237
574 246
554 258
539 273
526 304
525 322
526 341
540 371
564 418
569 426
573 440
584 470
582 489
572 505
556 531
546 548
546 577
561 599
589 623
619 635
631 635
645 634
653 627
654 586
636 517
622 463
611 422
603 373
604 342
605 322
606 287
604 255
601 241
599 222
599 210
603 196
610 186
616 180
624 176
631 174
640 175
662 211
665 230
663 273
659 286
652 304
644 329
640 355
640 371
651 406
655 411
673 431
688 453
696 469
704 499
704 505
697 518
664 536
638 539
593 538
546 537
459 515
373 478
311 445
261 396
248 383
218 340
208 328
191 301
179 283
169 267
163 251
157 233
149 214
145 209
142 207
142 207
142 207
140 234
138 289
134 352
131 391
131 422
129 459
121 488
118 507
113 526
108 551
104 560
99 570
89 583
83 587
76 589
75 589
55 573
41 540
40 530
37 473
40 447
45 432
49 424
51 422
57 424
71 435
117 494
129 515
155 546
175 561
202 570
253 563
284 552
335 521
372 471
382 444
384 372
377 355
349 317
339 307
330 301
321 300
301 323
293 352
299 369
314 381
357 377
369 371
425 316
439 291
465 243
501 210
538 189
556 175
573 165
581 162
599 158
607 155
609 154
612 153
615 153
617 154
626 175
630 207
629 226
621 245
607 279
599 294
593 302
581 321
564 350
553 378
554 393
581 424
598 441
603 454
608 519
604 559
610 604
618 621
635 657
648 679
657 688
658 689
661 692
672 692
681 689
706 657
707 641
691 578
666 524
632 474
610 454
603 451
594 450
558 477
524 497
478 524
460 533
455 535
442 536
411 530
377 525
364 525
315 525
297 527
262 522
255 492
257 438
285 380
315 350
385 281
410 256
425 238
430 214
423 181
413 166
382 145
366 139
353 134
338 131
314 127
277 125
241 130
213 135
184 140
168 147
166 149
164 149
153 154
133 172
121 187
110 203
87 249
72 299
68 344
70 350
76 354
92 355
128 345
243 320
425 269
530 255
564 248
613 237
637 233
638 233
644 231
644 231
644 231
644 231
639 235
622 245
584 264
562 276
522 300
480 323
456 340
427 364
416 373
382 410
376 433
372 457
372 475
374 490
380 502
394 513
405 521
448 535
501 545
603 566
634 573
661 581
661 581
661 581
661 581
646 588
605 605
542 629
528 634
501 646
494 650
478 657
471 658
451 656
424 637
388 608
354 575
347 543
345 512
372 471
392 453
415 435
437 397
444 360
441 323
416 268
399 244
388 230
357 210
342 207
332 206
314 212
300 233
288 257
285 274
289 291
298 316
310 352
307 421
298 445
292 464
289 477
278 508
274 542
281 567
287 575
317 611
360 654
362 660
363 671
363 675
361 679
353 689
339 696
324 699
290 700
267 697
236 686
226 677
212 647
216 624
232 605
256 567
274 523
303 474
329 447
393 408
447 382
490 354
531 318
547 300
564 276
570 263
574 239
574 227
568 213
550 195
518 173
505 168
483 166
463 166
437 171
404 188
385 200
370 214
358 226
355 240
362 259
383 289
402 314
437 354
449 375
456 390
459 404
454 429
444 447
432 464
427 476
425 479
424 480
428 488
440 501
453 514
471 533
477 553
477 556
457 572
436 577
413 580
383 580
351 557
303 498
281 472
264 433
261 420
260 404
260 382
260 361
262 345
263 322
263 306
263 300
263 298
263 298
263 298
263 298
263 298
263 298
263 298
