213 187
218 188
260 202
287 208
320 214
386 215
423 211
439 205
450 201
456 198
473 188
486 182
495 179
501 176
502 176
502 176
502 179
496 190
471 232
456 262
439 311
441 355
457 382
487 429
522 468
529 481
531 490
532 503
532 513
513 522
414 521
339 503
327 497
308 469
303 441
299 425
292 405
291 392
304 379
321 367
326 364
349 348
363 346
380 338
393 327
394 325
390 312
364 290
329 279
303 275
269 285
265 290
261 324
275 398
301 469
311 528
309 530
285 544
257 550
226 554
207 554
167 559
164 562
166 577
214 610
278 631
341 647
416 651
445 651
447 647
423 631
402 627
371 630
336 638
279 665
265 676
239 691
237 691
237 691
237 691
243 693
269 698
344 698
398 691
516 638
538 613
544 569
510 505
472 465
367 374
305 323
305 323
301 321
301 321
302 323
345 350
367 356
383 354
384 339
356 300
286 245
262 227
245 225
229 237
219 264
224 316
241 356
259 387
261 393
259 402
234 402
200 392
163 381
132 370
109 363
92 374
76 415
73 471
77 505
88 554
92 600
94 622
94 630
94 631
94 631
94 631
94 631
99 627
129 590
157 549
182 514
209 472
220 456
241 432
284 385
293 368
297 363
299 362
299 362
299 362
299 398
297 436
299 448
300 448
308 386
302 315
291 279
290 277
290 277
291 291
319 415
338 461
344 474
344 477
317 438
228 344
183 321
173 322
165 350
162 400
159 418
154 438
132 447
120 445
94 436
73 421
63 414
62 414
62 414
62 424
62 449
80 499
92 524
112 537
138 533
178 482
186 465
204 417
214 400
221 388
222 387
222 387
222 403
228 442
237 481
253 518
258 522
259 512
263 476
269 403
275 387
277 383
278 382
291 398
337 453
353 478
359 485
361 478
371 455
383 446
402 436
421 424
454 397
464 394
467 400
501 464
511 473
513 472
519 425
524 380
526 373
533 368
544 397
579 482
596 509
597 510
606 495
630 446
632 439
636 424
639 415
654 383
658 381
659 384
665 411
685 474
700 523
694 528
676 527
620 516
500 487
383 466
333 458
332 457
329 446
328 431
326 417
320 394
315 387
313 386
312 386
310 418
303 448
282 485
257 496
232 493
192 476
145 439
144 435
145 432
147 431
162 442
171 452
203 478
218 488
235 492
244 481
241 445
228 427
227 425
227 425
244 431
323 463
377 477
456 497
457 497
445 487
420 467
353 420
323 398
312 388
311 386
323 386
360 390
389 396
416 399
419 398
410 386
389 366
333 331
327 326
328 326
347 335
396 353
422 363
446 366
444 361
390 338
258 289
228 278
220 275
227 274
367 327
406 329
388 305
343 279
291 249
273 243
271 242
271 242
287 239
314 240
339 243
382 249
412 254
413 254
412 254
407 254
392 249
392 249
407 248
438 251
513 256
534 253
536 248
528 238
509 217
495 204
483 194
480 190
486 194
527 230
551 246
562 251
574 258
576 253
576 210
571 166
571 151
571 140
572 136
578 143
584 155
623 205
629 213
638 221
638 221
638 222
596 180
551 169
533 179
526 199
520 252
518 279
523 307
524 313
524 313
499 303
459 289
406 272
398 271
401 278
423 320
435 342
455 377
456 388
453 390
384 394
325 395
321 402
321 419
343 469
355 492
361 512
359 521
346 533
323 543
296 553
273 565
238 584
223 588
185 595
143 598
120 598
122 601
159 634
167 645
168 648
165 650
143 650
121 646
88 630
67 597
64 571
75 556
93 540
153 523
170 523
205 533
248 568
255 587
254 600
246 603
244 603
239 591
247 568
283 535
347 491
386 458
426 416
442 389
448 380
451 372
452 367
452 367
437 367
384 382
305 393
260 403
164 423
133 425
132 416
144 371
149 315
166 270
203 228
227 208
244 194
248 192
249 191
249 191
249 193
245 201
241 212
240 213
240 213
243 200
253 159
254 117
249 105
247 103
235 109
210 131
173 176
167 189
164 206
184 237
195 246
254 279
305 296
331 309
335 315
329 324
315 338
266 384
255 411
254 435
262 452
301 501
311 536
299 553
287 566
276 579
280 590
306 584
340 571
429 522
463 504
488 487
495 482
512 476
521 477
523 484
537 509
547 522
550 536
556 559
563 580
564 588
564 597
567 606
571 618
573 623
575 625
576 626
583 622
622 601
650 581
664 535
645 484
593 426
582 413
574 404
542 378
514 364
489 353
459 353
432 370
422 383
405 450
399 469
379 497
366 499
359 497
325 467
298 415
277 351
272 325
272 314
273 306
273 306
277 305
288 302
322 293
364 280
407 263
438 242
450 232
460 222
463 212
460 203
439 182
392 161
372 157
364 157
361 186
366 213
390 276
414 321
423 339
424 354
409 374
401 382
381 396
348 403
333 403
281 384
208 319
204 301
274 253
354 247
376 254
385 259
390 262
390 262
390 262
390 262
387 258
377 246
322 218
262 201
253 201
250 203
241 251
256 307
264 320
270 336
276 366
269 395
257 405
233 424
218 432
187 440
159 438
134 426
116 393
105 344
109 302
141 252
176 233
207 225
310 222
361 233
420 253
448 276
460 289
485 327
499 365
501 419
483 455
465 477
441 497
429 506
412 528
411 546
413 552
426 563
461 572
486 571
530 554
580 515
591 470
551 372
520 303
508 282
497 269
469 257
422 247
407 244
401 244
394 246
390 253
373 275
364 288
360 300
359 325
361 349
361 369
361 385
359 398
349 413
347 417
347 419
345 422
344 426
344 427
345 449
362 492
371 505
402 526
412 529
426 522
451 495
480 451
491 417
493 356
488 316
482 302
480 298
473 285
459 268
445 253
422 231
398 217
373 206
348 201
338 210
321 244
316 302
336 369
353 409
365 433
374 452
383 473
388 483
391 485
391 485
391 485
391 485
406 467
423 444
440 395
448 341
448 312
443 290
394 244
386 242
364 260
331 309
329 380
356 477
378 502
408 527
429 535
438 536
447 534
469 525
490 494
502 431
489 344
468 303
462 295
448 280
442 274
428 268
416 264
400 256
357 240
318 231
302 231
300 231
285 239
267 251
258 267
278 306
300 340
311 370
314 395
304 409
293 413
267 418
241 422
226 425
223 425
210 411
181 341
179 312
197 271
229 239
256 217
282 215
326 217
396 240
412 242
416 244
417 244
413 225
393 196
384 190
375 186
373 189
368 253
374 286
383 312
398 343
410 364
450 415
465 440
467 449
466 462
462 466
450 478
432 488
408 492
387 501
382 521
382 527
385 541
405 573
460 624
470 633
476 637
476 637
476 637
476 637
482 618
491 579
497 553
504 516
504 496
490 474
471 457
441 445
419 439
403 440
366 447
334 450
326 441
319 421
320 360
326 338
348 310
357 305
388 297
418 287
436 271
447 256
451 245
453 236
445 212
417 187
406 181
371 174
281 169
266 170
239 181
235 193
234 217
262 289
286 324
321 367
356 412
358 422
358 428
352 436
298 477
231 508
215 509
201 493
196 467
191 428
192 399
212 367
230 352
267 329
291 320
328 307
365 290
386 280
408 263
419 250
422 240
416 209
406 193
382 172
364 157
343 150
306 153
286 161
266 174
269 188
302 215
344 250
438 330
474 368
482 387
482 400
475 414
468 423
464 428
464 428
464 428
464 426
490 372
522 307
533 296
534 295
534 295
541 319
555 387
566 463
570 489
572 497
572 498
572 498
573 498
576 480
588 423
600 387
610 362
615 353
615 353
615 352
615 352
613 353
611 355
608 358
608 358
608 358
608 358
