163 162
163 162
163 162
163 162
163 162
163 162
163 162
163 162
163 162
163 162
163 162
163 162
163 162
186 178
209 188
223 189
264 187
298 189
311 192
320 195
329 198
339 201
342 204
342 205
347 211
349 216
349 220
345 224
331 232
327 240
326 258
329 266
335 280
341 300
366 347
400 391
408 401
408 406
400 408
352 414
266 436
230 449
196 471
183 498
161 578
152 617
148 641
141 658
126 685
116 694
113 696
110 699
109 700
109 700
109 700
109 700
109 698
96 646
93 607
93 554
98 500
97 426
87 381
84 315
84 286
84 275
82 256
82 245
83 239
84 237
89 237
92 238
125 270
153 304
156 309
174 330
177 342
177 345
171 355
160 363
148 371
137 382
132 390
131 401
146 436
170 481
187 517
192 539
195 550
192 563
173 577
163 583
151 593
139 604
136 612
135 615
136 626
143 635
160 653
177 665
195 678
211 688
219 692
245 706
263 718
282 729
293 734
333 757
376 780
406 786
430 788
482 791
519 793
554 781
573 770
608 741
628 715
652 671
674 631
684 604
683 575
682 572
676 559
666 546
658 538
635 524
609 512
593 508
550 503
528 497
519 495
512 492
511 492
520 496
532 505
557 523
579 537
585 539
585 536
569 509
543 472
485 418
459 394
446 384
444 382
444 382
444 382
444 382
444 382
443 382
443 382
442 382
440 382
440 382
439 382
436 397
428 416
418 438
411 449
402 471
399 479
397 488
392 502
380 524
370 533
364 538
351 548
332 556
314 563
289 568
267 574
262 575
262 575
262 575
261 575
259 569
257 557
257 541
257 535
258 528
258 527
258 527
261 527
277 537
296 554
311 574
331 608
335 624
342 657
345 660
346 661
346 661
346 661
346 661
346 661
347 659
370 622
395 580
414 529
416 516
416 500
416 499
416 499
416 499
417 507
425 529
450 602
467 650
489 693
505 710
506 712
506 712
506 712
506 712
507 711
515 702
527 670
535 633
554 584
586 516
602 460
606 393
590 341
579 321
566 304
551 293
537 284
521 278
500 275
482 277
479 283
481 303
487 317
498 330
519 352
523 361
523 369
521 377
520 386
520 394
524 407
548 437
555 444
574 466
576 472
576 472
565 471
558 469
532 459
462 435
425 423
390 410
373 400
337 369
332 364
322 349
317 335
318 329
331 312
340 297
363 275
452 220
514 202
520 198
528 184
530 173
533 136
535 100
522 43
522 43
522 43
522 43
522 43
522 43
522 43
367 3
373 37
383 66
400 102
432 160
455 193
472 221
477 232
479 238
479 249
478 259
470 272
453 288
430 306
396 328
381 334
352 344
338 350
330 353
321 370
320 392
322 413
346 493
349 509
357 532
365 544
371 551
380 553
392 548
412 534
440 515
464 498
501 469
527 435
543 409
594 322
607 283
608 239
606 193
598 164
585 148
570 133
554 120
533 110
523 108
520 108
518 108
517 108
516 110
514 112
513 113
512 113
512 113
512 113
512 114
523 118
532 120
555 125
579 129
647 129
685 109
695 100
700 94
700 90
700 80
697 70
693 64
690 62
690 62
688 62
688 62
688 62
688 62
688 62
688 62
688 64
689 74
691 84
692 92
691 149
687 175
681 216
679 223
666 235
645 251
639 252
630 253
596 241
572 228
547 214
529 201
524 196
521 188
520 185
519 184
519 184
519 184
522 184
543 188
580 207
596 218
626 241
631 248
632 252
624 259
595 275
585 293
576 317
576 382
590 418
603 450
612 473
634 526
640 549
639 557
627 560
614 559
598 556
577 553
542 550
503 548
490 549
478 549
468 547
457 543
451 532
448 525
445 509
437 484
427 447
425 441
424 426
427 420
454 392
472 383
478 382
499 379
503 377
503 376
504 371
501 362
480 339
469 327
431 291
371 244
334 231
252 200
178 190
145 190
98 201
89 219
100 274
125 339
165 389
236 455
289 504
296 511
298 513
301 519
305 529
310 543
313 552
315 565
312 576
291 587
252 592
234 597
192 615
181 624
171 628
168 629
162 629
158 629
154 629
153 629
152 629
147 616
145 603
156 554
167 528
197 475
213 456
232 441
249 432
293 421
317 411
328 407
334 400
349 373
381 317
404 263
404 241
393 233
377 229
361 229
353 229
346 229
341 229
340 229
340 229
340 229
341 235
344 244
354 265
357 275
362 285
365 299
365 302
365 304
365 304
364 308
359 344
357 356
359 408
360 426
360 450
355 472
350 488
345 497
337 502
327 504
323 503
282 477
241 441
212 402
207 366
213 347
219 333
264 267
286 247
324 228
377 213
462 210
475 213
486 214
495 211
499 199
499 191
497 139
486 117
459 95
436 80
420 68
409 66
406 66
401 82
398 102
400 134
419 174
451 223
479 261
505 303
508 319
499 341
477 366
464 377
453 385
429 394
407 403
374 415
371 415
371 415
371 415
371 409
381 377
412 338
561 249
598 232
704 212
728 216
741 222
750 226
751 226
751 226
740 229
701 246
665 274
638 312
634 340
632 380
636 398
648 428
664 457
692 496
708 521
710 527
711 538
706 544
692 557
666 572
640 585
610 593
596 594
570 594
535 589
517 588
480 574
470 564
444 534
418 478
404 429
396 390
393 355
395 322
404 270
406 253
408 206
400 169
333 89
267 66
208 52
186 50
170 50
162 60
167 106
173 139
190 225
208 262
229 295
248 326
257 347
258 355
263 373
268 407
268 440
265 456
250 476
236 490
219 505
200 513
183 523
174 526
160 530
156 532
152 533
150 534
146 543
144 558
157 595
168 638
180 667
200 693
213 710
219 714
251 714
286 685
311 659
343 628
396 576
443 524
444 511
438 501
424 486
388 451
365 430
301 384
289 376
229 333
208 319
177 303
170 301
166 300
166 300
178 316
257 436
300 483
324 514
332 523
339 530
339 530
339 530
339 530
339 530
339 530
341 530
342 531
345 525
351 493
364 448
378 395
416 320
460 252
494 208
511 229
522 254
535 281
544 315
548 354
551 411
548 465
555 517
559 533
574 582
586 608
607 638
623 646
660 633
701 586
720 560
732 495
728 473
722 436
714 404
702 373
696 357
657 306
631 280
599 255
554 226
486 200
449 196
298 210
234 232
142 254
92 265
22 280
10 283
10 283
10 283
10 283
10 283
10 283
10 283
10 283
9 336
22 345
52 371
79 388
115 400
170 403
243 396
327 395
414 388
448 388
471 389
492 393
501 398
508 402
513 405
526 414
538 422
547 428
551 430
552 430
552 430
552 430
552 430
550 430
539 430
527 430
501 431
477 433
456 437
426 440
406 443
399 443
399 443
398 443
398 443
398 443
398 443
398 443
398 443
398 443
398 443
398 443
398 443
398 443
398 443
