201 136
201 136
201 136
218 134
270 131
337 133
367 133
394 133
405 134
411 135
417 135
419 135
419 135
398 141
350 156
320 168
292 179
240 202
231 214
230 219
234 221
278 238
293 243
328 252
363 260
408 280
408 281
382 292
335 305
252 330
222 343
207 354
204 360
206 362
229 373
253 382
279 393
329 414
370 429
386 440
383 443
373 451
354 462
321 480
307 490
256 521
199 551
182 564
182 564
180 567
203 589
219 597
272 618
300 629
348 648
408 665
439 667
474 665
506 658
525 635
538 600
551 553
569 492
570 484
573 468
573 437
571 400
571 362
571 354
572 332
579 296
582 280
585 263
590 247
592 241
603 223
610 206
620 189
642 159
645 153
659 123
660 119
661 104
661 103
661 102
661 102
660 102
659 106
640 127
633 134
611 158
599 174
578 200
562 230
555 247
533 300
526 314
503 374
487 417
473 460
463 490
432 558
426 569
413 598
398 623
384 640
365 655
341 664
316 670
279 685
255 690
236 698
227 700
220 702
215 703
201 703
188 704
178 702
167 694
140 635
129 594
129 556
127 529
124 502
113 440
111 408
111 394
111 371
111 334
111 305
111 282
110 272
106 245
102 215
99 201
97 188
96 170
97 164
98 161
100 158
109 155
121 155
144 165
159 175
187 192
203 205
212 214
232 235
270 282
279 292
305 324
332 356
356 380
367 392
398 430
425 466
439 490
454 516
465 528
477 546
485 561
500 583
504 588
517 604
534 623
537 626
550 641
557 649
568 664
583 679
590 685
607 696
614 700
621 704
628 706
638 709
645 711
658 714
666 716
669 716
670 714
673 710
678 699
681 690
685 673
686 667
690 648
692 639
696 615
698 600
702 583
705 565
709 530
710 522
712 511
713 505
715 496
718 481
720 468
724 448
726 429
727 419
731 403
732 398
734 389
736 377
737 364
738 354
741 340
744 331
747 319
749 304
754 287
755 279
757 268
758 257
759 248
759 240
759 233
761 217
761 203
763 176
765 167
767 156
767 147
767 140
766 133
763 127
760 121
759 119
748 111
745 110
739 107
734 105
710 105
702 105
675 105
660 105
636 111
632 112
611 117
602 119
580 123
570 124
515 129
507 129
482 129
455 129
426 127
375 124
356 122
308 121
274 125
251 128
245 128
226 130
193 130
186 130
164 130
145 129
130 125
106 123
97 121
87 121
79 124
76 129
78 146
95 167
119 190
134 206
147 219
177 240
232 269
256 283
279 301
308 327
347 363
365 381
391 404
416 429
425 439
440 461
466 496
479 513
501 540
513 557
529 579
545 595
578 623
594 638
605 650
618 664
630 676
634 680
637 682
637 683
637 683
637 683
641 669
642 665
653 624
654 597
654 555
652 515
653 467
653 430
652 413
652 395
652 376
655 350
655 342
655 330
654 318
654 307
654 297
651 282
652 274
653 264
655 253
656 245
659 228
662 212
662 190
664 175
665 164
665 161
663 152
662 151
655 148
644 146
607 140
576 133
496 129
480 129
440 129
403 129
392 129
328 128
296 130
251 125
239 123
204 122
188 125
176 127
163 127
158 128
145 129
130 131
124 133
123 134
121 137
129 151
142 162
168 176
225 196
266 206
330 222
383 232
430 245
469 254
487 258
506 266
515 275
517 280
517 283
517 291
513 297
481 316
461 325
417 337
385 342
334 351
308 361
276 374
251 382
209 397
184 412
179 415
166 426
162 435
159 444
156 456
156 466
157 475
160 483
174 499
183 508
198 519
211 526
242 539
263 543
296 554
323 560
368 574
418 593
443 606
489 628
555 655
583 668
612 685
622 693
623 694
623 696
618 698
599 702
558 708
528 711
477 722
434 736
410 744
371 751
317 753
309 754
285 758
258 763
244 763
221 763
192 763
184 763
168 763
135 763
116 760
97 755
89 751
84 747
82 744
79 730
74 688
72 666
72 635
72 601
72 578
69 543
66 517
63 478
57 443
45 402
37 376
34 356
31 325
31 298
25 253
20 229
20 211
24 192
25 170
25 149
26 144
32 138
37 136
56 131
64 131
95 130
139 130
189 127
203 127
226 127
251 125
288 124
325 120
337 120
377 120
423 120
443 117
465 113
473 111
488 110
514 106
563 101
591 104
603 107
614 110
620 113
631 124
641 143
647 160
651 193
655 223
659 257
662 273
664 300
668 321
671 337
675 357
680 384
682 398
684 415
685 435
686 452
681 484
677 519
677 554
680 577
680 588
679 605
679 612
679 624
678 640
674 655
672 666
666 680
646 696
637 698
601 704
590 704
570 704
519 704
471 707
455 708
423 708
399 712
388 714
376 715
358 715
341 714
325 710
307 707
289 704
254 701
234 698
209 692
195 686
189 681
164 643
157 624
148 587
157 549
170 524
185 505
207 485
256 460
281 448
324 438
338 435
377 426
396 418
422 400
441 386
460 368
465 363
481 344
499 318
503 302
510 274
518 254
524 243
530 218
531 209
532 201
536 184
540 170
542 167
552 156
565 148
573 143
582 140
584 139
586 139
588 139
588 139
588 139
588 139
