241 446
241 446
241 446
241 446
241 446
240 446
240 446
239 446
237 445
215 410
209 396
207 391
196 381
189 379
187 380
184 394
184 404
184 415
180 438
180 444
210 468
235 472
261 475
262 475
262 475
262 475
262 476
262 481
253 504
236 535
230 558
226 578
229 589
238 593
252 595
257 594
274 579
291 557
293 555
306 557
338 564
401 563
426 562
430 562
430 557
431 553
436 525
436 516
436 509
436 494
438 490
441 487
443 487
449 481
450 471
450 462
434 446
432 445
431 444
431 444
406 439
394 436
372 428
360 421
346 413
328 402
317 398
307 392
300 386
287 378
281 375
281 375
280 372
264 353
262 344
258 298
258 291
279 279
284 276
306 270
315 268
350 277
374 293
378 297
379 303
378 311
378 313
374 315
370 320
368 323
368 330
373 338
395 353
422 366
440 373
445 380
449 393
452 407
455 414
460 424
468 440
473 452
475 459
473 473
438 499
414 511
373 524
360 531
311 552
300 556
299 556
299 557
299 558
299 565
301 581
313 602
324 616
332 623
342 627
367 629
377 626
399 622
412 618
417 615
418 614
418 613
412 613
390 610
374 600
337 568
332 564
328 561
328 561
326 566
326 583
326 586
326 591
324 598
321 608
317 626
315 634
309 651
308 658
307 661
303 678
298 691
297 703
298 713
307 721
316 730
329 743
335 749
337 750
337 751
335 754
333 754
330 754
324 750
324 748
325 743
336 734
380 708
405 693
415 686
428 675
437 670
439 668
443 667
457 669
465 676
470 679
481 690
484 695
486 697
486 697
486 697
486 697
480 691
470 684
451 673
448 672
431 671
423 675
410 692
400 705
397 711
396 715
394 718
392 720
389 720
387 720
376 709
358 689
345 671
334 652
316 618
312 601
309 579
308 570
307 562
304 551
297 540
294 535
293 534
292 533
292 533
292 533
292 533
292 533
301 533
313 536
346 537
393 532
411 532
424 536
426 537
426 537
426 538
428 540
429 540
427 546
424 549
402 570
395 580
389 600
391 602
400 610
422 626
444 636
452 638
464 643
472 647
474 652
477 665
477 673
477 688
480 699
483 705
486 711
482 719
461 725
438 728
414 732
371 739
348 741
329 741
321 740
312 738
296 732
275 725
270 722
246 710
229 698
197 663
191 656
190 653
190 651
192 649
210 651
245 657
327 676
361 679
396 679
434 679
484 683
517 683
529 680
534 675
538 669
540 668
540 668
540 668
537 668
508 665
458 664
431 670
403 686
388 694
371 710
370 720
373 735
378 748
390 771
402 795
402 795
402 795
402 795
402 795
402 795
402 795
402 795
402 795
353 778
336 739
327 695
327 685
329 670
330 664
334 650
337 635
341 616
342 599
342 593
342 583
347 560
350 545
350 542
350 530
349 517
347 509
347 506
345 495
344 480
344 471
350 450
355 442
363 432
384 406
395 394
403 374
403 366
403 361
403 361
403 361
403 361
403 361
400 387
397 433
397 473
396 524
396 548
407 600
413 624
415 638
420 665
421 673
423 677
425 681
426 682
426 682
427 682
428 682
432 675
435 660
438 651
440 641
446 613
449 600
453 581
455 566
456 556
455 531
454 507
450 481
447 465
447 442
447 422
447 417
446 407
446 396
449 387
451 382
458 381
476 391
491 404
514 438
525 476
528 507
534 578
542 634
546 653
547 657
549 663
552 669
558 669
573 655
582 617
591 576
594 549
599 505
603 454
605 417
604 403
603 399
599 388
599 388
598 387
598 387
598 387
598 387
598 387
598 387
598 387
598 387
598 387
598 387
598 387
598 387
598 387
598 387
598 387
598 386
610 373
622 360
636 341
645 322
647 318
647 318
647 318
647 318
647 348
650 373
656 399
662 423
664 441
667 454
667 455
667 455
667 455
668 445
668 428
663 346
660 322
657 309
647 286
638 272
621 258
606 251
600 250
563 247
529 260
490 282
472 300
458 327
446 375
440 412
436 434
429 459
417 472
397 483
383 485
375 485
364 480
329 431
315 389
310 354
311 298
315 280
328 269
338 268
368 268
391 269
426 267
455 250
457 235
456 230
438 211
397 186
371 179
329 183
322 192
317 201
316 227
325 264
355 366
368 395
377 413
392 455
408 516
413 529
415 536
408 549
387 560
339 572
326 572
316 572
301 569
277 559
271 541
266 495
270 464
276 435
292 396
300 384
334 365
356 365
360 366
349 360
324 345
300 328
257 296
219 273
215 273
208 277
195 340
192 365
187 403
182 426
175 466
174 480
174 496
176 527
178 545
181 559
181 570
177 578
165 584
148 585
139 579
110 539
101 506
98 463
118 421
130 412
157 403
206 407
322 435
335 438
337 439
340 439
360 435
373 426
377 420
373 407
354 399
315 400
297 415
273 460
272 495
279 514
293 531
328 555
342 564
342 564
342 564
342 566
339 572
339 579
340 580
353 580
375 575
416 547
447 511
463 438
463 427
463 413
459 404
447 397
429 395
404 394
403 394
399 398
399 399
405 402
443 410
518 409
549 384
549 384
575 328
576 305
552 265
548 260
528 244
504 236
493 233
484 233
484 233
485 238
505 272
520 285
535 299
549 319
560 357
560 384
551 455
540 477
529 495
512 517
506 526
486 562
470 595
465 609
465 629
465 632
455 648
444 653
437 654
432 654
383 629
333 582
318 556
301 504
301 483
307 445
317 431
321 429
327 424
334 419
334 419
334 419
334 419
334 419
334 419
334 419
334 419
334 419
334 419
334 419
334 419
334 419
334 419
334 419
334 419
334 419
334 419
344 419
415 422
502 419
542 405
546 397
546 388
536 367
513 346
498 338
477 331
460 327
449 326
445 327
443 329
440 335
438 340
438 342
436 346
436 348
433 359
426 379
420 397
402 431
395 445
387 483
386 538
390 560
403 579
411 580
420 566
428 513
426 471
412 414
350 329
341 320
319 305
296 297
271 291
251 287
223 281
216 274
200 248
194 233
192 218
195 202
203 194
224 183
258 168
314 149
355 139
383 129
431 125
451 127
471 132
472 133
473 136
473 147
462 166
448 183
422 206
401 237
390 266
389 290
403 309
410 316
423 337
436 363
444 376
458 397
467 415
474 430
492 450
515 470
515 470
559 492
577 493
599 489
614 475
622 461
628 431
631 403
631 369
626 316
624 298
624 285
626 280
630 270
631 269
631 269
634 270
658 300
674 326
687 353
698 378
700 392
702 404
697 447
694 458
681 486
675 496
668 504
665 507
648 515
621 520
595 521
583 521
540 490
489 445
457 418
423 385
419 379
415 371
397 355
394 352
372 337
367 334
358 329
312 318
136 361
108 375
108 384
108 388
113 441
115 449
117 460
120 476
115 495
82 545
67 566
60 583
61 587
69 592
97 594
126 590
195 561
266 516
305 491
328 478
356 459
397 416
420 396
460 361
464 356
475 335
482 310
482 303
482 302
481 299
472 296
456 294
404 305
387 316
365 329
350 347
348 361
347 393
358 420
377 440
384 446
401 466
432 502
462 534
480 553
494 567
509 585
528 611
545 636
557 662
558 673
557 689
553 701
551 702
547 702
540 699
488 646
432 577
417 538
414 524
416 501
427 474
436 452
450 424
453 421
453 421
453 421
