171 167
171 167
171 167
171 167
171 167
171 167
171 167
171 167
171 167
177 166
189 165
219 160
245 157
254 157
272 154
281 154
282 154
282 154
282 154
282 154
282 154
282 154
276 156
263 164
253 174
237 191
232 202
230 225
230 248
231 260
242 285
246 294
252 309
253 321
253 340
249 355
248 358
244 374
239 389
235 406
229 432
228 440
228 445
229 460
232 472
241 486
253 498
273 508
294 514
316 516
365 508
399 493
519 425
576 393
626 362
637 337
643 307
643 290
632 246
618 210
608 185
583 157
566 149
528 143
509 144
470 158
439 173
399 189
382 194
378 202
373 218
370 240
370 254
370 268
368 294
366 323
366 336
367 349
368 358
371 373
375 395
382 429
393 455
402 468
405 473
409 484
414 492
416 494
418 497
424 499
438 503
452 503
481 500
497 497
508 485
516 472
519 464
537 430
547 393
548 365
547 357
543 344
542 343
542 343
542 343
542 345
543 352
548 386
556 420
559 433
559 434
561 436
561 436
561 436
562 437
568 440
580 448
589 451
601 455
609 455
612 455
619 451
639 425
654 400
669 369
672 339
665 317
660 312
656 312
641 337
638 347
626 381
620 426
612 468
612 486
612 498
610 517
606 530
601 545
588 563
578 569
538 581
461 590
409 592
373 592
276 581
242 548
237 512
235 487
231 445
228 421
228 387
237 353
253 326
263 318
283 314
291 314
307 314
316 316
326 321
335 329
343 343
344 349
340 361
330 387
325 412
325 441
335 466
352 498
373 532
390 555
399 565
407 576
410 587
409 597
399 614
398 619
396 639
398 652
409 672
428 687
457 701
487 709
511 716
524 718
533 719
535 719
537 719
541 719
546 718
549 718
564 716
592 717
617 718
631 720
639 723
653 728
658 731
664 735
667 737
669 738
669 738
669 738
669 738
669 738
669 733
668 728
660 693
645 661
616 611
599 582
576 554
553 531
509 493
485 476
468 464
445 449
434 441
422 433
389 406
375 391
354 360
345 342
344 309
351 294
352 292
355 291
378 281
485 261
616 249
577 286
558 296
509 325
473 350
461 358
453 366
443 376
435 394
432 407
431 416
427 425
424 436
419 447
416 453
414 455
411 458
401 468
399 487
400 493
401 496
407 504
417 513
430 522
441 529
443 531
447 534
448 537
448 541
448 543
446 546
443 551
437 560
427 567
416 572
391 578
356 589
318 600
264 607
234 612
216 613
209 613
206 611
199 601
197 594
192 571
180 525
176 486
171 440
171 380
177 350
187 334
194 327
206 319
219 312
237 303
262 290
291 280
334 261
375 235
393 219
401 199
401 187
400 175
391 159
381 149
342 147
322 166
301 211
299 241
314 298
331 323
354 362
397 414
418 447
425 471
425 498
407 529
384 555
350 586
290 631
244 661
215 685
168 732
148 755
146 760
146 763
155 764
168 764
200 754
262 713
297 682
340 640
379 598
406 546
418 519
427 489
434 468
441 454
445 442
449 432
455 415
462 400
471 358
462 302
450 280
411 232
391 225
355 224
277 242
235 262
210 274
184 296
170 319
168 332
164 348
159 375
156 407
155 424
156 436
159 447
171 467
177 473
185 475
214 472
229 464
274 430
332 395
357 384
437 344
474 313
485 299
510 270
513 266
515 264
515 264
515 264
515 264
515 264
503 272
481 295
424 351
363 394
278 451
261 467
238 488
221 503
208 518
207 521
205 533
204 541
205 544
207 546
215 549
218 551
225 553
245 559
284 562
312 557
345 536
371 511
400 478
438 447
481 415
559 355
593 321
610 297
627 259
640 232
650 203
654 183
658 142
658 121
643 94
629 84
601 80
583 78
549 88
525 97
415 145
381 161
323 200
284 240
276 250
256 285
242 307
227 329
212 353
195 385
188 400
180 413
168 444
166 453
165 475
165 489
172 512
174 518
179 531
186 541
196 554
208 567
231 584
265 603
284 612
300 619
326 627
340 630
356 630
377 630
394 629
407 631
424 631
442 634
449 635
467 638
495 643
506 645
522 645
537 639
547 635
557 632
562 631
566 631
575 633
585 640
594 646
611 664
620 673
634 687
648 703
658 713
671 723
677 727
679 729
682 730
684 732
687 733
689 733
695 733
698 728
701 710
685 655
676 628
667 607
654 576
640 549
617 515
605 497
593 483
559 453
506 412
487 394
426 351
393 333
353 307
336 294
306 269
285 249
259 221
246 207
223 183
206 166
196 156
184 145
171 133
163 128
158 124
143 115
124 101
113 92
91 75
65 63
47 51
40 48
39 47
39 47
39 47
44 56
49 65
66 102
78 138
96 184
118 238
133 266
161 320
188 377
208 417
226 457
252 499
264 524
281 562
303 603
316 629
329 659
333 676
335 697
334 701
328 705
324 705
311 707
296 710
287 711
265 709
246 704
224 698
202 694
188 692
168 688
154 684
138 678
125 677
120 676
104 671
99 666
97 661
97 644
102 611
109 597
127 573
136 563
146 554
159 543
197 512
207 505
220 494
236 478
272 434
290 417
319 387
334 371
345 359
383 317
411 290
445 260
475 238
483 231
493 221
504 215
520 204
533 195
540 191
558 186
571 184
585 184
617 198
628 205
640 217
647 232
652 248
654 287
657 315
660 338
659 387
659 398
660 443
664 478
672 510
676 525
683 576
689 598
696 623
703 653
705 674
705 681
705 686
703 689
702 689
695 690
663 686
641 675
588 644
527 600
470 550
405 489
358 430
349 422
323 393
289 358
251 325
240 315
233 308
207 283
201 276
197 269
196 266
196 266
196 266
196 266
200 266
207 265
230 261
277 257
302 256
343 253
396 250
440 256
465 256
515 255
523 255
553 259
558 262
560 265
560 270
551 299
521 344
475 395
437 436
405 478
378 521
369 540
357 565
348 582
337 607
333 627
332 642
333 652
335 655
340 658
349 658
378 658
396 657
427 651
455 647
500 634
551 622
586 613
626 603
662 594
707 585
727 576
733 570
735 561
734 548
731 539
713 508
691 485
665 473
605 446
560 425
525 413
492 398
467 385
455 377
422 361
396 348
362 334
327 318
284 297
268 289
265 289
267 311
272 343
278 386
278 398
285 453
288 469
288 496
285 514
282 525
272 542
265 552
247 574
236 587
226 596
216 604
208 612
195 622
185 626
168 632
161 634
150 635
148 635
146 636
146 636
146 636
146 636
144 636
144 636
142 636
134 636
117 639
110 643
102 651
99 658
99 673
100 676
111 690
128 706
134 710
141 713
158 715
180 712
204 703
262 672
293 649
334 611
387 541
418 500
428 488
462 448
488 413
513 376
539 350
556 326
568 308
591 267
621 202
637 161
639 132
637 129
622 122
607 122
559 127
504 140
431 170
353 210
301 250
254 295
236 330
229 376
229 392
233 414
238 439
241 455
243 459
251 480
261 490
283 515
310 538
355 577
407 628
435 659
483 696
516 720
552 745
572 757
592 769
609 774
617 776
641 777
662 772
679 760
707 722
717 695
720 664
714 630
703 606
680 554
651 506
631 480
622 471
595 446
580 432
548 409
516 387
492 371
427 340
336 311
293 299
207 281
172 277
114 279
97 283
92 295
92 305
95 319
102 365
125 432
153 466
162 478
212 525
252 554
302 594
323 614
385 666
425 689
449 702
460 707
478 712
484 713
496 711
509 698
525 672
534 652
540 603
539 567
534 529
527 504
520 489
513 480
505 470
486 450
478 445
473 443
463 442
449 448
442 456
420 484
383 525
334 577
317 606
280 675
272 692
262 713
245 732
227 746
217 749
210 742
197 715
189 695
185 658
199 593
205 571
217 550
242 528
264 520
285 512
315 491
349 467
388 431
404 415
414 401
429 366
444 322
447 300
446 269
428 237
417 223
398 213
387 212
375 212
369 213
365 214
364 216
364 223
365 226
373 245
394 278
425 319
461 363
482 396
503 430
514 444
535 472
542 482
560 504
574 516
588 522
596 522
605 518
615 511
633 479
647 437
669 376
682 313
686 269
686 256
678 227
671 220
657 211
646 210
630 210
619 212
600 216
589 217
584 221
578 244
577 299
580 330
578 385
577 409
575 457
574 486
571 498
565 503
553 506
535 509
500 512
469 514
449 514
383 481
356 462
312 413
