137 119
139 119
141 120
147 122
174 125
188 126
257 134
284 137
300 137
331 136
375 133
408 129
445 125
467 121
502 118
519 118
554 120
584 127
610 136
616 139
622 144
626 149
631 156
637 164
641 174
641 175
636 181
623 189
592 206
563 220
537 231
449 253
432 258
391 266
326 278
281 301
264 315
256 322
247 329
229 345
212 361
197 377
188 387
180 405
179 412
177 419
176 436
183 445
200 456
218 468
230 473
261 483
285 491
314 503
332 508
358 517
384 522
427 538
444 547
485 567
522 588
567 613
586 631
587 635
592 665
592 670
582 686
560 698
543 707
521 714
453 726
416 731
393 731
349 731
301 732
258 724
229 716
193 701
190 693
183 661
184 637
191 618
220 602
231 600
243 597
255 596
287 590
347 579
379 573
408 564
446 541
460 530
473 514
489 482
492 474
496 444
496 420
491 396
477 365
466 347
458 334
450 324
403 295
389 289
360 281
347 279
345 279
316 288
298 300
288 314
286 327
284 349
282 355
283 379
284 394
284 403
285 416
283 444
280 455
270 480
258 501
238 536
221 570
219 578
216 596
222 624
239 646
259 659
285 670
324 667
336 665
361 652
368 644
385 627
389 622
400 603
408 586
418 572
425 563
437 554
446 548
451 546
462 544
468 544
485 549
495 559
502 569
510 577
518 592
522 610
522 626
521 657
523 678
525 690
532 703
541 712
550 719
555 721
562 724
579 726
587 726
606 722
621 709
625 699
630 682
634 669
636 649
632 623
622 596
608 556
606 550
583 526
560 508
544 502
535 500
527 499
507 501
484 504
452 510
439 516
429 525
421 538
413 555
401 602
389 640
375 685
368 709
361 730
355 740
338 754
321 763
316 764
296 768
284 768
277 768
256 756
239 735
234 724
226 686
223 668
222 658
222 639
222 631
222 624
226 608
230 599
233 591
237 584
239 577
252 560
260 550
266 545
279 536
291 533
294 532
306 533
329 543
353 560
358 565
368 577
382 604
394 633
402 665
405 697
405 702
405 717
408 727
413 738
418 748
428 756
436 761
454 764
460 764
470 763
487 750
497 739
500 732
504 721
509 710
516 679
516 663
516 658
516 648
518 633
522 622
524 595
528 583
530 574
533 559
534 548
538 539
540 536
542 535
550 533
578 544
593 555
600 561
614 580
632 601
647 612
652 613
656 610
659 607
683 574
699 536
704 524
708 491
709 458
706 432
701 401
699 393
697 386
692 375
688 369
685 366
680 364
662 355
631 344
620 341
611 338
592 334
570 334
564 335
561 337
550 341
529 348
513 351
485 352
476 347
466 338
456 331
441 311
437 298
434 291
434 283
440 280
450 276
467 272
473 271
488 266
504 257
514 251
530 239
536 232
541 219
542 215
542 203
541 196
538 186
533 172
524 162
521 159
501 144
490 137
471 130
454 128
448 128
421 126
386 125
371 125
356 126
353 128
338 132
318 135
289 136
260 136
230 132
221 130
208 125
191 118
185 108
183 105
181 102
180 100
180 91
181 86
185 83
188 82
203 81
218 80
221 80
230 81
246 86
259 97
262 103
267 120
269 136
268 158
267 164
262 189
257 204
254 212
252 215
248 224
245 237
240 257
238 263
235 274
234 285
233 299
233 307
237 316
247 326
254 332
267 340
281 347
302 359
314 362
321 366
334 377
336 381
337 383
338 395
335 406
324 419
317 427
314 430
296 451
283 462
274 472
258 485
241 499
229 513
226 520
223 530
221 535
221 540
222 555
228 575
231 582
233 585
243 596
253 604
275 617
311 626
343 631
379 635
405 638
443 640
461 639
482 636
495 630
513 614
534 596
544 586
560 568
569 551
577 527
580 511
580 486
582 453
584 425
582 388
576 368
566 344
555 323
546 307
538 296
502 276
475 270
461 267
400 264
384 267
376 271
361 279
352 286
342 294
337 304
318 326
311 334
304 348
301 361
297 374
297 388
299 398
311 419
330 441
337 448
357 467
371 484
380 498
380 504
376 515
362 530
340 547
291 578
264 593
232 607
222 613
212 618
206 621
195 628
184 630
162 628
139 624
111 620
97 616
96 616
96 613
102 606
121 594
163 576
205 557
243 540
259 534
304 517
338 508
385 496
417 487
445 477
484 465
530 457
563 451
586 445
595 442
597 441
599 438
601 437
602 436
602 436
602 436
602 436
602 436
602 436
606 434
612 432
652 418
693 402
702 393
710 383
718 373
723 358
719 336
702 310
680 292
671 287
657 281
644 279
631 277
602 276
582 276
574 276
548 273
475 272
445 274
431 274
408 277
340 286
289 287
262 289
244 292
232 294
224 296
202 297
183 297
180 297
172 298
169 299
167 301
162 304
161 306
157 314
157 325
163 343
175 360
181 369
216 413
241 440
248 445
282 471
314 499
355 538
369 551
435 598
444 603
460 615
493 642
514 659
526 669
542 681
557 691
581 706
586 710
591 712
602 715
613 719
621 721
623 721
624 721
625 721
628 719
634 704
651 603
659 529
666 483
664 446
656 393
655 385
655 356
659 324
660 301
660 279
662 273
668 249
669 240
671 231
672 222
673 217
676 212
677 207
679 201
679 199
679 198
679 198
679 198
679 198
679 198
679 198
679 198
