177 193
175 194
175 202
181 221
193 237
205 252
228 275
251 293
276 312
304 336
309 345
312 355
315 377
313 383
300 391
288 399
281 402
274 406
269 416
267 438
269 456
274 472
275 475
278 480
287 490
300 496
313 502
327 507
352 517
362 520
372 523
381 525
403 527
419 527
451 525
464 520
469 513
479 505
494 495
499 493
506 491
509 492
514 494
532 504
563 522
583 538
594 550
608 568
612 576
613 585
613 590
613 601
613 604
611 611
608 619
605 625
604 633
610 652
620 662
640 677
654 684
659 686
660 687
663 685
668 674
671 655
669 642
664 632
662 629
654 621
647 618
638 605
636 599
633 587
633 569
635 567
641 563
652 553
657 542
670 525
671 524
676 520
686 512
690 505
694 496
696 496
702 500
713 514
715 527
715 534
708 550
706 555
701 566
700 567
697 571
695 573
700 583
709 595
712 603
713 606
714 609
712 612
699 614
691 614
683 614
673 615
671 615
671 615
671 615
671 615
674 617
683 620
705 624
711 624
722 623
728 618
732 605
732 599
730 587
722 574
712 556
708 553
701 548
694 545
687 542
683 539
675 535
661 531
651 531
649 534
648 542
645 549
642 552
641 554
633 558
622 564
612 569
605 572
582 585
568 608
563 618
549 630
544 633
534 635
520 636
505 634
477 626
453 620
442 616
416 609
388 589
370 573
359 562
344 542
339 534
337 528
337 521
340 516
347 512
360 509
370 509
376 512
399 525
409 528
422 532
443 536
459 539
483 541
495 541
517 539
530 536
538 533
544 530
559 521
564 511
564 505
562 484
559 467
548 448
537 435
514 412
491 399
480 389
466 378
457 373
422 368
416 368
407 371
396 377
389 381
377 393
364 400
358 403
348 412
326 430
316 439
312 448
308 455
295 471
284 485
274 496
266 505
256 510
244 513
238 514
234 516
231 518
223 531
224 544
227 554
229 559
238 570
242 573
245 576
253 582
257 585
266 601
288 637
296 647
313 665
332 673
379 679
391 680
405 679
433 673
440 669
452 663
462 660
466 657
469 653
472 645
468 623
460 611
451 606
439 599
421 589
413 585
402 581
385 576
375 573
361 572
349 571
341 568
333 567
316 563
270 552
260 549
246 545
225 539
209 533
200 523
187 508
183 502
179 484
176 470
176 464
176 461
176 459
178 453
181 451
184 449
206 446
214 443
217 439
220 432
226 418
225 406
219 390
214 381
202 363
193 352
183 343
171 334
163 331
149 328
137 328
130 328
125 327
119 327
117 327
112 325
106 323
99 316
96 308
91 292
90 286
92 267
97 260
100 251
104 245
106 241
111 233
111 221
106 211
98 204
89 197
79 189
77 188
74 188
72 188
67 188
66 190
61 196
59 203
56 216
56 229
56 241
59 250
64 268
72 285
80 298
85 310
90 324
104 343
108 350
111 359
113 370
112 381
108 392
106 398
101 407
98 415
93 433
93 451
93 456
99 472
101 481
105 493
114 506
117 510
128 517
137 521
140 520
159 511
164 508
169 506
171 504
183 495
183 493
183 480
179 467
174 464
172 462
163 456
154 453
150 451
135 442
126 436
113 421
109 404
109 399
110 389
112 381
115 375
118 372
120 369
136 356
159 338
171 326
173 318
175 293
174 290
171 280
164 269
150 250
136 235
129 229
118 218
104 205
101 202
87 187
75 174
70 169
65 162
63 157
62 153
62 147
63 141
65 136
67 132
70 129
71 124
71 120
73 109
74 107
75 104
76 98
78 92
82 80
86 70
86 70
86 69
90 65
91 64
92 63
92 63
95 63
102 63
108 64
109 64
112 66
113 66
115 67
118 70
122 75
127 87
128 90
131 101
134 111
135 117
136 127
138 141
139 154
141 163
141 169
144 182
148 194
151 208
154 221
155 233
155 241
155 257
154 270
151 283
148 293
144 301
141 311
140 315
131 341
130 346
127 359
125 369
122 379
121 384
116 399
114 406
111 419
110 422
108 430
106 445
106 445
106 449
106 450
110 457
115 463
119 466
127 472
134 475
146 478
153 480
157 480
171 480
201 482
207 480
218 476
238 471
246 467
263 459
278 445
281 439
285 425
276 403
268 391
255 377
238 365
223 350
202 331
195 323
180 297
174 284
171 276
169 267
169 267
169 266
172 264
184 252
208 238
218 237
230 237
251 242
257 244
258 245
266 257
274 270
276 288
278 304
281 321
283 328
291 352
298 369
303 385
308 391
319 409
324 415
327 423
330 430
333 441
329 458
313 473
284 495
278 506
271 521
274 540
279 556
290 576
293 580
297 583
300 588
302 590
307 594
314 602
318 607
331 617
354 633
367 637
370 638
377 638
394 635
402 634
409 633
421 629
465 615
493 605
497 602
507 588
516 577
522 562
528 552
539 540
542 537
542 537
542 537
543 537
543 537
535 518
525 505
518 495
499 479
478 464
463 455
453 450
432 445
423 443
419 443
410 446
390 459
363 472
358 474
328 497
306 516
298 525
294 530
290 536
279 556
273 563
258 584
249 599
241 609
235 616
232 619
228 619
208 616
192 609
174 596
148 570
131 550
110 519
100 490
96 474
91 457
89 444
87 425
88 413
91 405
95 402
99 398
102 393
106 390
116 385
124 384
132 384
151 391
167 402
175 408
188 418
195 423
208 434
214 439
229 453
242 463
251 469
263 480
269 485
281 495
294 503
304 507
318 513
329 517
343 521
355 523
368 527
378 529
388 530
400 530
412 528
419 526
436 521
445 518
450 517
456 517
467 516
486 514
499 509
505 506
517 499
528 492
537 485
541 478
544 474
550 466
556 453
571 432
590 412
605 400
612 393
619 376
626 349
626 344
623 324
621 316
617 300
613 287
611 282
603 273
595 267
582 261
559 254
542 249
507 241
490 236
438 225
422 221
399 215
376 213
366 213
359 213
340 213
334 213
327 213
310 218
303 219
298 221
289 226
276 235
261 245
255 249
252 252
249 258
245 270
243 278
237 297
234 310
231 319
227 338
223 352
218 376
214 391
203 426
200 435
189 459
183 469
165 499
156 510
146 528
143 538
134 570
131 595
131 605
137 625
140 633
145 642
159 657
169 667
189 682
208 693
216 695
240 703
251 706
288 719
323 724
327 725
378 738
394 742
406 745
423 749
433 750
452 750
467 749
480 745
489 741
518 728
535 722
544 714
559 693
561 687
564 677
567 655
565 643
559 629
554 624
545 618
536 613
523 608
505 602
499 600
492 597
477 593
460 585
446 582
434 578
414 564
403 556
388 544
372 527
358 506
354 495
352 486
353 471
361 457
365 446
371 434
383 421
386 414
399 402
412 390
430 373
437 365
445 360
452 357
460 353
470 343
481 329
485 313
488 304
484 285
471 263
447 232
425 209
404 197
377 183
357 172
340 166
330 162
321 159
305 158
288 158
273 159
261 162
246 166
229 173
214 182
201 192
190 204
187 217
186 227
186 276
190 300
193 312
195 330
191 350
170 393
160 413
139 447
132 467
126 486
122 501
118 526
129 552
144 566
169 586
191 597
232 608
273 615
289 618
311 619
339 618
401 610
428 604
479 596
546 593
562 592
570 591
586 588
592 586
605 577
606 568
604 547
596 528
577 506
546 471
525 451
493 431
476 423
460 415
418 397
402 393
400 393
392 393
379 393
369 396
357 400
345 405
330 410
324 413
319 415
308 423
301 431
298 441
294 453
290 469
287 481
287 500
287 516
286 529
285 536
281 547
276 559
258 584
245 596
229 611
214 624
198 639
184 646
175 648
150 638
136 626
121 610
118 596
115 566
124 532
139 465
145 448
160 428
175 404
181 395
196 386
214 374
233 371
271 364
338 352
394 338
416 331
445 316
462 303
468 293
473 279
474 267
472 251
469 245
465 240
465 240
465 240
465 240
