333 442
333 442
333 442
333 442
333 442
333 442
333 442
333 442
333 442
333 442
333 442
333 442
333 442
333 442
333 442
333 442
333 442
333 442
333 442
333 442
345 441
356 439
374 450
391 467
395 475
397 481
396 496
384 552
380 588
381 606
384 611
398 627
415 632
431 630
454 613
473 566
469 520
455 467
436 422
413 382
390 360
377 354
362 351
359 353
340 359
305 365
262 363
240 362
241 370
246 391
255 441
255 477
249 518
245 557
249 602
263 625
285 652
310 673
311 675
313 675
319 673
340 649
360 611
363 597
363 596
363 596
363 596
366 595
373 590
376 572
381 507
383 474
385 473
404 502
421 532
435 553
443 563
443 563
451 554
464 526
467 509
472 494
475 490
479 488
480 486
500 478
510 470
532 448
537 443
557 414
558 398
552 365
546 352
539 343
525 332
505 321
495 317
487 314
476 314
467 314
447 318
422 346
409 364
402 377
403 385
414 410
441 449
448 463
448 467
432 503
419 525
395 568
377 593
357 627
357 651
364 682
366 710
366 733
365 737
359 744
318 750
296 735
248 656
244 636
244 616
246 610
249 606
252 596
252 586
251 566
243 534
222 477
212 454
209 439
209 431
211 424
221 420
264 419
291 417
341 413
361 409
381 388
392 363
396 347
387 303
332 240
277 202
245 189
239 185
226 175
219 169
203 160
200 158
196 157
186 159
176 164
160 180
138 214
130 231
126 256
126 272
133 312
149 344
151 351
151 360
139 373
126 394
125 407
140 430
168 455
192 481
193 485
190 491
182 499
158 523
150 533
142 544
140 567
146 576
159 589
175 606
180 616
175 628
168 634
153 643
146 645
141 648
145 649
182 654
230 661
266 663
282 661
335 653
358 652
418 651
429 652
441 654
453 657
489 668
507 682
512 686
523 695
543 713
563 729
582 739
592 741
607 741
618 734
628 721
636 681
637 658
635 606
622 584
614 577
606 572
584 561
576 559
558 551
539 545
538 552
536 600
538 618
539 623
538 627
534 628
524 628
502 625
461 615
441 605
380 570
338 554
326 553
321 551
315 552
298 545
288 532
272 503
261 476
257 459
256 444
260 434
268 422
285 408
329 402
354 400
362 400
371 400
394 413
429 452
433 466
432 495
415 517
396 533
363 554
356 564
353 577
352 586
352 594
351 620
354 637
356 643
359 658
367 675
376 687
387 699
393 704
413 716
422 719
433 720
456 715
472 703
474 697
472 682
442 672
425 672
384 673
381 666
367 601
344 545
332 499
332 495
335 479
335 478
335 478
335 478
335 478
334 485
304 496
254 502
224 501
195 492
161 479
138 461
137 451
140 436
140 433
142 433
148 428
155 417
161 397
164 374
165 363
174 336
178 328
182 328
221 353
259 375
315 410
327 411
364 399
393 383
402 372
418 344
425 314
426 292
424 280
410 261
400 250
387 239
374 235
361 231
354 231
336 234
325 238
321 247
321 257
331 282
333 288
333 295
331 302
327 312
313 333
307 356
312 365
334 391
357 430
356 448
351 467
346 495
350 513
367 538
375 555
385 582
386 593
371 603
364 604
348 605
326 607
319 602
297 569
283 524
275 473
276 453
279 444
282 437
284 433
284 431
284 431
285 431
287 436
298 473
299 502
290 555
285 572
283 579
282 583
282 587
282 588
284 588
293 584
335 567
363 563
386 558
396 555
405 552
420 548
436 548
460 549
482 553
493 555
495 555
499 556
501 558
501 558
493 558
417 543
380 526
362 511
345 496
339 492
326 486
316 479
307 475
306 475
306 475
306 475
301 475
298 475
295 475
292 483
285 506
275 529
262 561
255 578
243 604
242 619
243 637
256 668
265 686
268 698
272 711
278 722
282 726
291 731
306 732
327 721
343 704
351 679
352 677
352 676
352 673
349 664
348 638
351 636
381 645
404 661
434 684
437 686
440 688
440 689
441 689
454 679
466 661
468 644
468 642
468 641
461 639
445 639
401 644
382 648
338 665
316 675
306 685
301 702
298 713
293 727
290 731
275 738
268 738
255 730
230 710
218 700
203 686
180 662
179 661
176 657
175 655
172 652
170 646
163 610
159 591
160 585
164 584
178 588
214 607
224 610
234 612
243 612
247 608
243 596
236 589
210 570
185 548
168 531
164 524
161 515
157 495
155 485
150 473
147 465
147 454
147 445
151 436
155 431
164 427
174 427
182 427
206 430
219 432
231 432
234 431
243 424
248 417
251 410
252 405
252 395
251 390
245 382
242 379
228 359
224 355
223 355
221 355
219 355
215 355
210 356
198 358
191 357
184 354
173 348
161 337
148 309
142 259
142 240
150 221
152 220
160 214
161 212
164 211
166 209
171 207
187 203
204 199
217 199
241 197
255 194
261 194
285 198
304 203
317 206
348 216
357 218
370 218
382 220
395 223
423 232
429 234
439 239
463 258
471 266
483 288
487 321
459 334
408 341
378 347
364 354
356 360
340 375
329 390
323 413
321 422
320 440
320 453
321 461
321 474
319 496
315 507
304 528
299 550
298 556
300 565
304 572
327 587
338 590
343 592
347 593
350 593
350 593
350 593
356 589
364 577
383 534
386 529
387 528
388 527
388 527
388 527
388 527
390 520
395 490
398 484
399 482
400 482
406 483
426 498
458 522
465 529
475 534
477 535
479 538
481 541
490 556
498 566
504 591
504 597
493 619
484 628
469 638
445 649
422 659
397 664
366 669
334 682
330 696
321 714
315 726
312 730
287 726
277 721
264 713
245 702
217 683
199 659
188 626
192 603
211 594
228 586
234 581
240 575
244 575
253 577
291 594
310 598
318 598
346 589
372 575
391 556
395 551
398 550
400 550
415 555
452 559
495 556
511 555
518 551
541 538
555 529
573 511
594 491
607 475
624 448
637 415
638 397
641 358
638 313
637 305
634 293
624 255
606 203
591 182
580 171
566 159
550 148
544 145
531 142
517 142
516 142
515 143
519 158
545 192
587 222
615 236
623 239
625 242
625 246
618 259
589 279
549 303
536 311
528 320
526 328
539 367
546 374
583 399
610 419
615 425
623 437
627 469
614 536
593 614
593 637
601 675
621 711
649 745
657 752
659 754
659 754
668 736
675 722
682 602
663 444
658 389
643 326
629 281
615 234
608 209
597 188
594 181
590 175
587 172
585 172
585 172
585 172
582 171
565 171
534 174
522 176
481 199
429 224
378 244
351 250
342 253
340 253
335 256
323 258
297 264
254 270
214 280
202 282
191 284
184 285
180 286
180 286
180 286
180 286
180 286
180 286
180 286
180 289
186 301
214 345
243 429
255 479
258 487
260 490
260 490
256 491
230 488
200 481
198 481
198 476
203 468
224 457
237 457
252 470
261 478
267 489
265 507
257 521
254 531
255 534
260 539
274 544
303 548
314 551
331 558
337 563
338 565
343 568
351 568
368 568
386 568
397 568
402 570
417 573
421 573
426 569
441 549
449 509
449 487
449 481
449 477
449 474
449 471
449 462
449 458
451 447
451 443
452 440
453 438
459 425
470 410
480 400
485 396
497 391
516 379
524 372
528 365
525 355
509 335
487 317
477 309
458 300
445 296
433 296
421 295
413 295
404 300
400 305
397 312
391 326
390 352
392 368
399 406
400 421
394 454
380 469
355 490
343 501
331 515
324 529
316 556
312 603
310 619
311 637
306 651
300 657
297 658
291 657
258 640
232 623
217 607
204 594
197 584
182 564
154 514
150 506
147 500
146 489
149 446
149 428
150 406
150 377
155 344
160 317
162 306
175 265
183 253
193 229
201 203
204 192
215 167
223 148
228 140
240 128
262 113
288 106
318 104
355 103
391 103
438 107
452 110
469 114
486 120
499 125
515 132
540 146
560 161
567 171
570 205
557 233
544 248
523 281
509 308
491 338
478 361
471 385
460 410
443 439
419 486
400 521
362 570
335 599
319 615
272 673
257 692
250 702
244 708
228 719
224 720
223 720
217 718
191 684
183 672
172 648
166 621
167 612
171 593
175 573
180 551
189 529
198 509
203 499
212 488
223 476
232 467
250 453
260 444
272 434
285 418
295 409
314 390
369 352
404 318
419 303
436 290
455 275
474 256
485 248
491 243
500 239
503 238
506 237
515 237
539 256
550 270
569 312
572 322
587 360
587 360
599 391
607 407
613 419
622 436
630 446
639 458
645 471
650 481
655 494
662 509
669 527
674 537
683 555
689 577
691 591
693 612
689 645
682 651
679 652
666 654
652 653
633 648
586 630
560 621
513 604
499 597
482 582
439 538
416 518
395 494
384 480
364 456
343 428
318 390
292 355
281 338
259 298
243 274
215 233
203 214
190 193
173 172
164 162
154 150
148 144
146 144
135 154
112 191
99 238
91 270
86 295
79 331
72 355
67 381
58 417
46 458
39 510
38 522
36 548
36 576
36 595
36 612
36 629
39 641
42 652
46 670
49 674
54 678
57 682
62 684
71 685
83 683
91 681
96 680
118 675
140 674
165 671
190 666
207 663
237 657
267 649
274 648
286 648
286 648
296 649
320 654
355 654
362 653
370 651
393 653
434 663
446 665
453 662
465 642
484 599
490 562
491 517
489 500
486 491
481 475
471 458
439 422
432 417
425 413
395 391
385 384
384 383
384 383
384 383
