199 216
199 216
199 216
199 216
207 216
216 216
378 201
556 153
603 129
603 121
601 115
593 111
565 107
500 110
435 116
315 134
198 174
185 199
204 223
257 259
287 273
382 312
409 326
409 326
391 329
362 339
345 350
312 389
300 412
292 457
311 492
362 542
385 568
410 600
396 619
345 636
258 668
213 696
210 707
232 728
259 737
301 744
415 752
493 741
510 731
543 703
561 673
567 633
554 570
539 515
536 484
527 434
484 340
450 291
434 271
416 251
408 244
392 238
390 238
387 238
385 240
387 253
415 274
440 293
465 313
491 338
500 350
503 355
518 402
518 431
500 524
498 549
498 576
500 590
504 593
511 597
524 598
544 581
557 519
558 460
540 409
509 363
477 324
452 304
435 288
402 276
382 282
368 304
365 335
356 412
356 412
356 441
366 466
386 503
395 545
390 564
372 583
351 597
315 595
293 583
275 562
260 539
253 517
250 495
250 472
258 446
262 422
273 393
278 380
281 368
281 359
281 354
280 349
272 342
249 338
232 363
217 438
212 499
223 541
229 565
230 597
216 618
200 627
166 625
149 611
136 590
130 566
127 527
129 499
141 459
145 436
148 410
148 398
153 353
156 340
158 329
162 317
166 307
167 304
167 302
167 302
167 302
167 302
164 313
166 384
188 426
206 451
222 487
220 509
206 535
189 562
180 572
161 585
135 589
119 586
117 584
114 580
122 570
137 547
157 505
161 485
170 464
194 418
205 404
222 382
232 363
235 348
229 329
201 301
187 295
178 294
170 298
159 310
151 331
150 352
157 368
179 417
195 450
203 479
208 498
208 505
200 524
191 531
160 542
137 544
98 532
60 510
52 503
45 472
48 428
53 393
77 356
83 349
111 338
153 337
161 339
163 339
163 339
163 339
163 339
157 318
153 310
127 273
100 268
90 269
78 281
63 298
49 332
47 348
56 388
74 424
85 460
88 497
79 539
58 565
33 577
15 586
10 590
9 593
36 620
75 633
114 640
257 663
324 669
342 666
351 640
352 626
359 603
366 571
373 546
376 513
377 489
393 450
417 420
427 395
431 362
437 330
443 287
443 279
415 247
395 239
344 233
334 235
326 249
333 281
356 316
407 366
437 385
466 410
471 430
452 456
418 483
369 506
261 530
226 538
196 550
194 555
226 577
252 587
326 599
414 599
483 581
510 567
538 542
544 510
539 466
522 412
499 360
462 310
451 300
376 258
356 252
331 248
330 248
323 255
323 259
333 288
355 327
372 357
418 430
449 470
471 510
489 545
497 562
497 571
496 581
495 591
497 600
514 610
547 611
587 601
600 594
648 552
655 511
590 346
569 298
559 260
555 238
553 226
550 218
546 196
549 186
571 175
608 171
629 169
631 169
640 176
651 188
653 202
650 206
639 213
616 239
595 287
590 323
607 355
644 393
685 427
712 458
712 476
695 490
679 501
662 519
649 542
644 568
644 598
646 607
645 617
629 648
620 666
609 688
602 698
585 706
548 706
451 677
401 653
376 639
360 616
361 602
366 564
369 516
378 475
402 443
418 430
448 400
467 374
471 356
465 305
446 278
432 263
420 258
402 269
398 274
397 304
425 339
465 384
480 411
476 435
455 445
439 443
430 430
411 392
404 353
411 305
423 288
433 277
446 274
455 275
475 296
475 299
475 306
471 308
470 310
470 312
474 315
485 325
506 335
519 337
551 333
566 295
565 291
563 285
562 284
562 284
559 291
555 307
551 344
551 369
551 376
551 377
551 377
551 377
551 377
551 377
551 377
551 377
551 377
551 377
551 377
550 377
549 377
547 377
545 378
544 378
543 379
543 381
543 381
543 381
542 381
542 381
541 381
527 361
519 353
513 347
502 346
490 350
441 382
419 421
418 446
423 475
427 479
434 470
448 452
510 370
519 329
512 292
502 273
494 261
469 258
448 277
398 329
365 422
365 470
427 570
457 593
448 600
441 602
411 601
391 581
365 541
345 509
339 476
340 467
349 455
358 453
361 455
386 468
403 477
411 480
412 480
412 480
412 480
412 480
412 480
412 480
412 480
412 480
412 480
412 480
412 480
412 480
412 480
412 480
412 480
412 480
412 480
412 480
412 480
412 480
412 480
412 480
411 480
411 480
411 480
411 480
411 480
421 521
436 551
458 584
465 582
471 548
469 498
453 430
445 407
444 406
444 406
444 406
434 444
440 496
460 524
477 534
499 534
509 525
520 511
537 457
528 414
511 379
502 368
485 355
468 347
442 341
422 362
415 376
399 473
401 554
410 607
423 642
448 682
451 686
451 686
445 687
403 673
350 649
307 619
284 578
284 569
292 520
309 487
314 481
323 475
325 474
325 474
325 474
327 474
327 474
327 475
327 475
327 475
327 475
327 475
327 475
327 475
330 475
334 475
335 475
337 476
341 476
341 476
341 476
341 476
341 476
341 476
341 476
341 478
342 481
343 490
343 501
343 501
343 501
343 501
343 501
343 501
343 501
343 501
343 501
352 492
369 478
375 472
375 472
375 472
375 472
375 472
375 472
375 472
375 472
375 472
375 472
375 472
375 472
375 472
379 469
391 459
414 431
431 392
429 367
427 360
422 358
406 361
390 386
376 422
374 456
394 526
404 535
412 538
423 518
427 510
427 481
418 447
415 437
406 418
403 411
403 411
403 411
403 411
414 416
466 446
527 494
534 503
534 505
531 506
529 504
520 475
484 377
454 327
436 306
430 303
424 302
404 308
385 318
361 367
358 421
364 450
386 531
403 667
364 700
351 704
345 705
333 703
270 664
238 625
218 587
212 541
213 525
215 518
228 495
254 468
289 453
317 441
396 397
408 385
416 372
428 328
426 293
422 271
403 242
364 217
292 200
233 199
209 211
204 216
189 262
196 305
263 364
308 390
348 425
349 448
325 470
306 479
256 481
226 472
206 453
203 439
235 394
276 360
317 339
364 328
371 328
372 328
372 328
372 328
372 328
372 328
372 328
372 328
372 328
372 328
372 328
372 328
372 328
372 328
377 334
395 343
430 339
463 328
522 310
527 305
526 296
504 278
428 265
350 260
319 265
291 314
292 358
305 393
328 413
371 414
397 403
445 358
446 348
437 307
385 296
366 298
293 317
249 352
239 415
262 433
371 360
393 338
431 292
462 224
469 192
469 179
468 176
468 176
468 176
468 176
468 176
468 176
468 176
468 176
468 176
468 176
468 176
468 176
468 176
468 176
468 176
468 176
468 176
468 176
468 176
503 188
588 199
645 194
659 189
672 185
668 172
654 153
590 117
478 123
439 170
429 205
428 236
469 287
519 310
567 313
589 282
590 231
575 189
542 169
518 163
478 174
458 213
428 314
427 380
438 413
457 467
455 487
448 490
382 453
359 415
359 394
368 384
382 368
418 345
460 325
486 315
491 314
491 314
491 314
491 314
491 314
491 314
507 304
564 242
662 141
715 67
715 67
715 67
715 67
715 67
715 67
715 67
658 57
642 129
650 212
665 234
666 235
667 235
671 232
672 212
515 242
379 311
336 350
272 416
222 521
221 546
242 592
258 609
268 622
284 635
300 643
300 643
300 645
297 652
275 664
227 650
181 598
136 514
133 459
148 433
159 418
205 384
301 356
321 349
364 334
404 301
430 239
450 198
460 149
448 109
411 63
386 56
320 68
241 124
237 136
243 192
265 215
296 239
326 260
351 280
385 314
423 360
475 421
491 445
516 484
527 506
536 524
541 531
550 546
558 560
568 574
589 605
605 627
606 629
606 629
606 629
608 627
617 544
627 457
631 412
627 352
627 316
627 286
627 278
626 267
624 261
624 261
624 261
