259 252
264 257
278 271
394 329
450 345
466 353
482 364
496 378
497 382
495 384
480 389
436 403
371 430
341 455
336 469
350 486
414 532
437 551
447 561
457 571
470 581
510 586
537 586
573 574
601 555
623 514
629 409
629 354
626 326
618 288
611 254
610 237
611 230
613 217
616 207
620 194
631 180
647 165
659 157
667 154
669 152
672 152
685 157
689 164
658 182
619 192
512 226
408 287
381 314
338 364
320 395
295 437
285 454
275 478
270 495
263 511
254 526
252 537
252 541
250 553
247 563
244 567
242 571
237 586
234 599
233 608
232 619
231 620
231 621
230 621
230 621
230 621
229 621
227 617
225 615
212 615
200 616
130 639
71 672
57 680
1 718
1 718
1 718
1 718
1 718
1 718
1 718
1 718
1 718
1 718
1 718
1 718
1 718
1 718
1 718
1 718
44 739
81 714
132 683
161 664
166 659
174 651
188 634
205 617
213 610
221 598
236 575
246 560
257 548
260 541
262 536
272 519
286 503
299 493
309 484
323 470
333 459
362 431
371 424
377 419
382 414
391 408
404 394
413 386
426 374
439 360
449 350
460 340
470 330
478 322
481 316
489 299
492 294
499 280
508 264
514 252
524 242
536 232
549 221
559 215
575 202
591 192
612 175
626 160
628 158
629 156
631 153
634 147
638 140
638 138
638 138
638 136
632 136
630 138
627 138
614 138
613 138
613 138
613 138
613 138
602 147
593 159
593 159
593 159
593 159
591 164
591 164
591 164
591 164
591 164
594 163
598 160
599 158
600 158
601 158
601 158
601 158
601 158
597 158
587 158
580 156
550 150
524 144
520 143
486 139
456 135
455 135
455 135
448 134
445 133
440 133
440 133
430 132
415 132
391 135
382 137
378 138
370 141
364 143
352 147
347 149
338 153
335 155
324 169
316 184
313 201
313 214
308 238
306 260
304 275
304 296
304 304
307 316
308 325
311 342
313 351
316 363
318 375
320 381
326 397
329 403
332 406
336 409
338 412
345 418
354 425
368 434
377 440
390 451
402 460
410 466
419 475
435 487
445 493
459 499
481 512
495 518
506 525
514 529
521 533
529 539
544 549
547 552
551 555
557 562
566 570
576 578
583 582
591 590
598 597
601 601
608 610
615 619
619 629
620 636
617 651
602 666
597 668
573 675
571 676
561 678
549 680
508 682
486 683
477 684
464 687
446 690
443 691
436 692
418 696
395 703
388 705
378 708
370 710
361 710
348 710
343 710
318 707
302 704
298 702
297 702
289 702
281 700
265 694
253 683
246 675
233 644
231 634
226 611
221 595
215 559
212 540
212 522
208 481
199 434
196 416
196 411
196 394
197 373
199 349
200 335
202 312
203 294
203 277
205 243
205 220
210 183
212 165
220 126
225 113
241 90
255 75
266 68
282 64
299 60
319 63
368 86
378 93
402 111
427 126
444 136
456 142
472 154
483 163
493 171
500 180
527 219
530 229
544 259
552 288
554 298
562 345
566 366
569 401
570 413
573 456
573 490
573 509
573 537
570 558
567 566
563 574
555 585
532 599
509 608
453 631
433 640
402 652
368 668
333 679
320 684
281 697
262 701
254 702
237 706
225 709
212 711
198 715
188 718
179 718
170 720
165 720
159 715
158 713
156 710
152 700
152 666
157 649
164 638
169 629
175 623
192 604
206 589
220 576
236 561
247 550
250 546
265 529
282 513
292 503
298 496
313 484
340 455
350 445
370 423
406 395
431 375
453 345
466 324
494 280
505 268
512 262
528 243
538 233
552 213
561 199
570 189
591 168
598 154
603 146
606 141
619 120
624 105
624 100
611 83
601 80
593 79
572 79
544 75
511 72
495 70
476 70
439 70
430 70
423 70
407 73
384 76
365 81
363 81
347 86
323 90
309 93
278 98
256 102
224 109
215 111
198 115
190 118
172 122
148 127
144 129
142 130
138 134
136 137
134 138
134 139
133 142
130 145
129 147
129 147
131 151
132 152
137 159
146 172
152 181
169 217
184 250
213 294
224 309
235 324
246 336
269 360
279 370
292 386
305 401
323 425
357 459
380 483
397 502
408 520
449 562
473 582
480 589
487 597
510 620
522 630
533 645
546 660
558 670
568 678
581 690
598 707
608 717
618 724
624 726
638 731
649 733
652 727
655 718
668 688
672 635
662 594
661 546
666 512
668 504
668 492
668 471
670 447
673 427
679 372
685 311
694 281
702 257
718 211
725 182
729 158
731 146
733 126
733 115
729 96
728 93
728 93
728 93
728 93
728 93
727 91
725 86
725 76
720 63
718 54
716 49
715 46
715 46
715 46
715 46
715 46
714 46
714 46
710 46
708 48
697 58
682 69
668 80
639 105
619 126
607 140
578 175
541 221
515 256
489 299
461 341
425 394
393 439
346 509
327 535
310 558
290 595
260 634
231 656
213 669
185 685
181 687
178 687
175 687
160 684
142 671
140 667
136 637
130 604
126 546
128 526
132 504
142 456
146 428
147 412
148 404
157 341
157 322
158 295
163 259
164 244
164 214
164 200
166 196
168 193
169 192
170 190
170 190
180 197
215 229
226 242
240 264
251 279
262 299
270 317
272 326
278 346
285 360
301 386
307 397
314 413
329 431
341 441
354 456
372 478
379 485
400 508
407 518
420 528
431 532
438 532
457 520
474 509
503 487
512 475
525 453
537 417
554 373
561 357
564 345
563 323
554 306
554 306
530 278
516 267
486 250
459 238
449 236
444 235
437 236
418 250
405 258
401 265
398 272
388 286
376 308
374 315
364 333
360 342
350 357
328 385
321 395
318 404
302 433
287 452
276 467
266 477
255 486
247 490
242 493
236 495
218 495
211 488
193 465
183 448
178 424
177 387
172 348
171 324
171 305
171 300
173 292
181 264
194 238
203 223
209 216
224 210
239 207
259 204
287 201
333 201
373 195
376 195
404 188
461 177
465 175
475 169
481 164
501 149
508 146
513 141
535 122
545 115
556 107
559 104
570 96
577 92
588 93
592 96
611 107
616 112
622 126
625 143
625 165
624 174
621 186
618 197
597 227
593 232
570 270
541 331
539 344
545 373
550 382
564 415
573 436
578 446
591 464
595 469
608 485
624 505
626 506
626 508
626 511
614 520
592 525
565 533
561 534
551 537
525 543
508 548
498 551
480 555
471 556
455 555
422 535
383 505
342 467
322 449
312 428
305 413
300 396
297 389
293 377
291 373
291 372
291 372
291 372
