439 270
430 270
425 269
420 269
414 269
391 266
370 262
346 258
311 255
293 254
274 252
273 252
273 256
275 265
283 279
290 289
300 299
310 309
318 316
323 325
325 328
338 345
342 354
344 392
344 400
356 422
372 435
374 437
376 439
379 442
383 454
395 496
397 504
396 513
390 517
389 518
386 521
375 529
352 543
335 551
279 578
264 585
255 587
254 587
247 588
241 585
235 575
230 563
229 559
230 555
234 550
251 534
294 514
320 501
369 483
386 474
416 459
433 449
449 435
466 416
484 394
489 388
503 366
524 317
539 278
547 244
549 222
536 202
527 195
519 189
505 186
469 180
437 175
412 172
355 163
314 151
273 145
260 145
237 144
225 143
218 143
207 150
206 153
208 170
216 186
236 222
245 237
259 263
286 313
294 330
311 364
324 391
332 408
356 448
377 476
404 511
415 526
437 551
451 565
458 570
460 571
461 572
467 570
484 553
516 509
540 453
548 435
574 359
575 326
576 306
583 247
587 227
591 210
592 201
591 197
580 196
569 198
553 199
545 199
531 203
523 208
520 214
518 236
527 276
544 316
554 333
564 358
571 386
580 416
589 441
593 460
594 491
594 505
593 531
593 547
593 565
593 569
597 589
599 592
606 599
609 601
612 604
616 605
622 605
624 602
628 584
636 540
647 471
651 427
656 384
665 322
666 310
670 278
676 246
676 235
676 219
669 195
665 188
658 182
646 181
629 186
587 202
527 223
503 232
490 234
476 238
470 244
461 253
458 264
477 325
482 334
499 367
501 375
501 379
501 391
493 401
483 408
465 420
445 434
434 443
426 458
422 476
422 498
422 508
423 528
423 537
421 546
414 552
402 557
386 561
365 568
334 579
318 582
286 584
268 584
256 581
240 579
224 577
202 573
186 567
176 559
174 551
174 535
173 521
169 497
169 470
182 441
201 412
229 375
268 345
289 331
329 311
368 293
423 258
490 219
560 181
589 164
603 155
610 153
610 153
610 153
592 172
571 189
512 242
453 292
388 340
344 372
319 390
288 419
270 444
258 457
251 467
237 485
224 500
213 515
206 526
203 536
201 544
200 549
201 558
206 575
207 579
212 589
225 604
243 617
268 627
298 630
343 619
369 609
429 583
489 558
507 552
558 533
610 510
624 500
634 493
642 490
645 487
647 484
646 478
637 475
622 473
614 475
599 481
567 511
553 538
546 557
542 598
545 639
558 675
567 699
597 748
618 774
634 786
647 791
655 793
659 794
667 791
680 782
693 766
694 763
697 745
697 739
695 721
690 708
686 701
679 687
669 670
667 663
666 659
661 648
647 630
625 605
604 578
588 561
535 512
492 467
458 441
406 400
385 382
346 344
324 322
298 288
288 276
270 258
258 240
251 230
248 225
243 218
236 209
229 202
224 198
219 193
207 185
194 174
165 150
146 137
123 121
114 118
112 118
110 118
109 119
109 132
110 153
112 167
113 180
118 209
123 227
127 268
131 301
133 334
137 358
143 385
145 398
147 412
150 427
150 437
149 463
145 512
145 529
145 560
145 580
143 588
140 599
139 603
139 606
139 608
140 611
146 628
148 633
153 640
157 645
163 651
174 659
184 665
200 673
224 684
253 688
258 688
268 683
282 669
296 658
329 631
367 600
418 554
474 503
520 465
616 397
693 350
717 333
742 311
764 283
776 265
786 247
789 236
791 229
793 220
786 219
778 219
766 219
746 221
739 223
711 230
683 236
658 242
603 248
569 249
547 251
512 250
504 249
477 244
457 240
419 235
387 228
369 225
334 218
306 213
281 205
267 199
260 197
250 194
241 189
231 185
225 181
220 179
217 176
215 174
215 174
215 174
215 174
215 174
220 174
227 172
240 170
263 166
291 161
322 158
359 155
408 150
439 144
453 143
491 144
505 147
537 154
560 160
580 174
588 189
589 202
577 232
547 267
525 290
473 338
419 385
382 417
336 470
329 481
303 511
276 539
252 568
229 595
215 617
200 637
192 646
175 662
171 674
171 681
171 687
178 693
190 696
219 702
257 707
307 713
350 714
394 717
450 725
489 729
526 735
593 746
605 748
617 750
619 750
620 751
620 751
620 751
620 751
620 751
620 751
613 747
600 739
570 721
526 699
506 690
458 674
432 665
396 658
383 658
380 658
380 658
383 658
385 658
393 657
395 657
403 654
404 653
406 650
416 628
419 619
423 601
423 594
423 587
423 586
423 585
423 584
421 581
419 580
418 578
418 577
417 577
417 573
416 565
424 538
433 516
460 463
469 446
473 438
486 408
492 376
495 364
500 339
512 305
524 276
533 256
538 244
541 241
542 240
548 234
552 229
556 226
566 220
578 214
600 199
618 185
637 172
658 156
675 140
694 124
704 114
706 113
707 111
707 111
707 111
707 111
706 120
705 130
701 170
701 206
703 241
703 278
704 301
705 325
705 362
705 381
705 432
708 450
711 477
709 508
708 522
706 535
704 549
704 556
704 563
704 569
704 574
704 582
704 587
702 597
699 609
694 620
686 633
679 647
673 655
670 659
668 659
667 659
666 659
664 657
650 638
640 614
636 590
633 574
628 538
625 522
619 482
617 466
613 453
609 438
603 427
600 424
595 421
595 421
594 421
584 429
574 438
561 449
544 459
540 461
537 461
536 461
535 461
533 457
521 445
502 420
485 396
469 373
454 359
428 342
411 333
376 328
350 330
339 334
334 336
311 342
302 344
286 348
279 353
272 358
265 373
259 391
257 407
258 415
262 426
267 437
278 453
287 464
291 478
291 493
287 508
283 524
281 532
277 541
275 550
272 565
272 585
272 600
285 626
300 639
324 653
356 671
370 680
390 699
395 709
399 717
406 725
415 728
425 728
459 718
467 714
486 706
513 690
522 678
533 651
539 636
543 623
552 609
557 591
554 582
549 576
531 563
521 556
490 533
468 519
452 507
450 507
450 507
450 507
450 507
452 504
460 496
473 482
487 461
489 457
492 436
496 417
497 384
510 347
549 319
606 285
620 277
658 250
670 243
673 241
672 237
666 234
660 232
638 227
611 218
590 206
581 198
577 193
577 190
577 190
577 190
577 188
577 186
578 175
580 163
580 150
582 137
584 127
587 122
590 119
593 119
597 117
608 115
613 115
614 115
618 118
621 129
621 141
617 153
612 157
553 182
539 186
478 205
402 223
370 235
317 252
287 261
280 264
275 269
268 273
264 277
261 279
257 281
254 283
252 285
245 289
238 295
234 299
232 302
232 302
232 302
