304 317
304 317
304 317
300 317
295 318
293 319
284 322
279 323
262 332
223 350
212 359
206 365
190 389
183 405
164 453
161 469
158 505
156 525
155 542
155 555
157 564
162 581
174 599
184 609
200 620
209 624
227 628
249 630
286 631
296 632
337 632
359 629
383 625
413 624
429 622
440 617
454 613
467 608
491 593
501 585
520 571
525 567
546 546
550 540
554 530
557 521
561 511
575 492
580 485
582 472
582 447
578 407
576 394
572 379
568 363
567 354
568 340
572 324
578 287
578 267
572 242
572 232
571 218
572 212
579 198
586 190
602 178
610 175
611 174
616 174
619 174
622 174
630 180
638 189
642 197
649 209
651 215
660 231
668 244
678 258
687 271
693 277
696 288
698 296
703 315
706 329
711 365
716 380
718 389
722 410
723 451
723 459
723 482
723 492
724 511
722 539
719 559
715 576
715 594
715 610
714 624
713 632
709 644
700 659
695 666
685 669
676 670
643 668
612 660
566 640
544 628
499 597
451 566
431 554
422 549
398 529
388 518
366 492
331 452
328 449
319 432
310 419
300 402
292 388
280 365
268 339
262 327
260 321
255 303
254 301
247 289
244 283
241 282
241 281
241 281
234 281
222 294
210 318
202 330
189 359
187 367
179 398
172 428
170 437
165 460
163 469
155 488
150 497
142 507
131 528
128 537
122 551
117 565
115 571
113 583
110 592
108 602
105 613
103 618
103 623
100 637
97 650
95 657
91 668
90 672
88 680
88 687
88 689
89 692
90 693
93 697
94 700
96 704
101 716
103 722
106 724
112 726
121 725
132 723
140 720
151 715
165 708
170 704
184 699
196 696
212 688
228 678
234 671
253 652
259 647
270 637
285 617
295 605
310 586
333 565
333 565
350 550
364 536
376 524
387 513
404 496
422 483
440 473
462 459
472 453
491 438
502 429
524 411
545 396
560 383
573 369
575 365
583 355
593 345
602 336
605 332
616 320
622 313
640 297
647 291
653 279
658 264
660 248
660 242
653 228
649 219
644 213
620 196
598 182
579 174
567 166
550 160
532 155
506 150
484 146
466 140
454 136
444 133
415 128
385 123
371 120
358 117
349 116
332 115
320 115
308 115
295 115
279 121
269 125
260 129
253 134
238 146
216 169
205 182
198 211
197 221
197 254
198 281
214 319
227 336
261 372
277 386
284 391
319 426
337 442
360 460
389 486
408 502
438 531
477 567
497 588
515 608
529 625
541 635
549 642
561 653
569 658
573 662
587 666
596 666
630 647
654 610
673 569
682 542
684 463
681 430
677 395
666 362
661 347
652 322
649 307
644 286
641 275
631 261
621 249
610 236
603 230
598 225
593 222
586 221
578 221
569 229
514 283
478 341
461 375
443 402
428 430
422 441
406 478
399 495
392 519
381 552
374 571
362 591
345 619
334 631
330 636
323 648
310 666
299 679
291 689
285 697
270 713
261 723
254 729
243 735
225 742
217 744
204 748
195 750
189 750
178 749
157 738
134 717
127 700
125 684
125 660
126 645
127 604
127 571
131 554
132 551
137 537
140 523
145 500
152 481
156 466
165 445
170 429
179 387
183 366
190 334
200 298
210 264
216 246
224 219
227 197
228 175
226 160
225 160
222 156
220 154
216 150
213 144
210 142
209 140
207 138
205 135
199 132
191 129
177 125
164 124
153 124
147 127
145 130
138 149
130 171
126 185
122 221
122 235
128 260
141 293
169 351
199 415
237 470
272 509
297 536
328 567
366 598
401 629
416 640
436 655
446 660
461 665
476 668
483 668
489 667
505 657
532 626
541 606
544 550
542 519
542 484
536 462
531 433
528 407
529 393
530 367
531 354
533 341
535 330
538 321
541 312
545 302
547 301
553 301
561 301
585 312
618 335
663 363
703 388
719 416
719 431
714 458
711 476
712 507
714 528
714 538
712 562
709 574
707 578
701 580
696 580
643 567
581 537
514 503
475 477
423 438
409 427
373 397
348 374
334 361
315 342
310 337
283 304
275 294
262 282
255 277
253 277
251 276
248 276
245 276
241 280
236 292
227 324
213 382
201 443
199 452
192 494
185 538
182 550
168 590
156 612
143 627
127 638
118 639
118 639
111 565
109 530
109 519
114 473
120 460
138 444
157 430
166 428
175 426
183 424
208 423
220 428
285 469
292 478
307 504
325 538
335 553
351 570
363 581
392 603
418 620
439 634
447 636
466 635
479 628
490 614
507 583
518 513
507 458
504 431
502 383
492 340
467 291
453 268
441 246
419 217
409 208
398 202
392 200
385 199
376 197
367 196
360 196
350 197
340 202
327 213
320 219
311 231
301 247
297 275
295 298
292 348
288 383
284 424
276 470
267 523
267 531
267 553
269 571
273 603
273 617
273 624
269 634
267 643
266 649
272 657
286 666
295 670
308 669
350 664
366 658
404 635
420 617
451 581
469 562
491 531
503 511
516 494
531 478
550 460
556 454
566 446
580 438
590 432
601 427
614 421
629 411
651 397
658 386
657 367
654 349
638 309
619 283
612 273
603 263
570 233
556 225
545 221
540 221
537 221
536 220
534 225
539 279
553 324
583 392
611 445
648 526
658 555
661 571
661 579
664 592
667 617
670 634
670 637
670 640
670 642
664 647
645 651
614 655
583 656
539 654
476 627
445 607
380 545
371 534
355 515
342 496
314 461
288 438
281 429
270 416
258 405
257 404
254 401
246 390
246 389
258 386
279 383
324 376
385 357
426 343
466 325
498 310
513 298
528 287
546 267
547 260
547 257
547 257
547 257
547 257
547 257
547 257
547 261
547 317
542 371
539 413
540 452
543 479
548 514
552 538
557 560
562 571
562 574
562 575
558 577
547 577
518 577
452 563
389 549
348 539
321 535
285 527
266 519
248 511
207 490
197 484
175 470
140 437
117 394
114 363
113 333
124 296
137 267
156 251
171 242
207 232
230 229
264 224
284 217
292 215
305 212
307 212
321 232
328 254
331 289
328 315
325 338
323 386
324 420
350 508
366 541
374 552
381 568
388 587
402 613
412 621
419 623
423 624
425 624
433 624
448 610
454 592
448 536
436 483
420 426
406 385
399 357
396 320
394 289
396 264
401 241
409 223
419 205
422 202
432 199
436 201
467 234
492 263
512 303
516 321
531 372
535 398
538 435
535 468
532 509
526 573
526 596
528 621
530 629
533 640
540 656
542 662
558 671
580 670
605 656
609 651
629 596
628 521
625 481
607 412
594 357
591 337
587 313
586 295
586 272
586 255
593 238
599 229
607 220
618 212
626 210
641 212
648 215
651 219
660 232
673 282
674 309
680 367
685 402
688 425
694 478
694 518
694 547
696 559
700 579
702 593
705 617
710 651
713 661
714 675
714 681
708 689
693 692
662 696
602 699
530 697
499 697
444 699
420 696
382 679
329 650
310 639
269 612
243 592
228 573
222 564
215 508
215 495
220 469
237 429
260 396
283 370
296 352
311 325
318 289
319 263
317 234
304 197
292 182
277 168
261 155
250 151
244 150
226 150
205 150
197 155
191 165
174 204
166 262
166 284
168 309
170 324
186 384
210 452
232 518
256 571
282 620
302 648
325 667
341 677
358 686
361 687
379 691
404 695
450 694
497 682
538 648
557 620
579 550
592 484
593 457
593 413
589 366
583 349
578 331
569 306
562 282
557 265
554 255
551 244
547 234
547 233
543 227
539 222
537 220
537 220
537 220
537 220
