292 462
292 462
292 462
292 462
292 462
292 462
292 462
292 473
292 501
292 530
292 559
293 594
300 616
301 619
303 623
307 627
309 629
316 632
321 632
328 631
333 629
355 585
356 469
355 425
334 339
318 285
309 254
306 233
306 227
306 223
306 222
306 222
306 222
306 222
306 222
306 222
309 236
333 303
347 355
352 390
362 427
374 481
379 514
382 566
377 618
380 664
386 681
397 693
399 694
406 687
431 636
442 609
455 546
461 510
464 460
464 449
464 418
464 385
464 376
463 361
463 359
463 359
463 359
463 359
463 359
483 418
509 469
524 498
544 534
550 543
551 545
557 550
558 551
560 551
574 526
594 443
601 405
604 387
607 367
608 357
611 352
612 350
612 350
612 350
612 350
617 369
626 404
639 461
647 534
647 594
644 608
642 613
634 617
606 620
510 601
388 561
318 537
277 514
252 498
207 457
174 414
158 390
154 387
151 385
151 385
151 385
145 408
141 466
136 508
133 549
132 567
132 574
131 582
131 597
133 598
147 598
195 581
246 557
335 507
376 490
481 449
510 437
518 427
525 417
527 414
527 413
526 413
492 419
446 422
401 427
269 445
200 437
180 422
156 364
156 341
166 290
196 241
238 206
255 199
276 194
292 191
313 191
325 191
335 191
346 190
347 190
347 190
347 190
338 198
284 250
242 299
228 326
228 352
261 379
287 392
330 411
339 431
336 459
324 495
306 539
305 569
311 582
326 605
341 617
361 630
370 636
382 646
386 654
386 670
380 696
380 706
383 712
391 719
406 728
428 737
503 741
535 729
556 693
565 642
566 613
568 569
566 536
559 500
546 430
536 370
521 334
479 275
416 214
342 178
295 162
258 153
222 155
184 172
173 183
161 210
165 222
196 245
290 285
326 300
331 302
331 302
331 302
325 312
308 334
287 367
285 377
291 388
310 403
348 426
362 437
382 453
384 458
386 482
381 521
374 592
359 654
363 691
369 700
383 714
456 723
496 699
510 683
524 660
533 633
547 566
562 502
563 484
555 439
551 400
548 348
544 317
537 290
532 259
528 241
525 218
524 205
524 196
525 180
528 172
529 170
529 170
529 170
532 181
562 328
577 426
587 630
594 674
596 705
593 754
586 786
584 791
583 792
569 787
517 737
466 635
427 529
411 493
379 395
370 369
353 331
345 311
340 296
336 286
332 279
321 261
316 258
302 251
285 252
243 270
218 292
178 381
173 438
173 505
176 540
178 565
177 589
176 604
174 613
169 633
170 642
183 647
208 645
243 632
283 610
384 554
426 514
450 476
468 451
480 428
499 397
521 356
535 334
538 328
538 327
538 327
538 327
509 340
466 371
412 416
363 470
338 495
305 545
295 575
290 609
288 633
302 655
338 667
346 668
371 671
441 667
465 658
528 623
561 607
581 592
589 586
603 578
607 571
607 566
605 561
594 554
591 553
573 553
556 553
530 562
514 570
504 581
514 633
525 647
552 666
571 670
591 675
602 677
618 682
626 682
656 659
674 592
668 549
655 511
636 448
624 414
575 357
560 343
544 334
513 326
493 325
447 324
405 332
386 344
354 380
336 407
320 436
297 476
279 534
276 561
278 631
283 648
310 686
332 708
350 714
394 715
443 703
481 667
496 644
505 629
512 589
496 558
478 538
451 520
412 512
398 512
378 522
353 563
351 587
351 595
351 597
351 597
351 597
352 597
352 591
351 581
340 567
337 565
331 571
318 598
318 610
331 625
339 627
350 622
361 604
363 583
347 552
330 544
309 545
285 563
273 574
270 575
267 575
256 571
236 560
217 552
212 553
198 573
179 614
174 648
175 660
183 672
193 680
224 684
262 685
280 683
321 671
356 658
387 643
408 632
419 619
428 606
433 602
442 597
463 588
490 581
512 568
529 555
545 540
563 511
575 483
576 467
573 447
557 405
546 395
531 386
530 386
524 386
511 382
498 375
473 348
466 336
427 286
421 276
406 256
395 246
378 233
350 213
336 202
331 199
320 193
305 190
292 185
285 183
244 177
227 175
195 171
168 168
163 168
159 168
152 175
148 188
144 205
143 216
157 274
159 279
167 300
168 321
160 380
135 439
119 468
109 485
105 496
104 512
103 520
114 550
152 573
193 581
228 585
246 588
279 588
301 587
358 587
404 582
440 569
470 536
513 491
533 471
545 447
548 434
550 419
550 402
550 389
546 374
533 339
523 320
515 298
501 280
482 264
458 252
434 241
417 237
381 230
356 230
332 230
304 234
293 237
282 240
253 258
240 268
216 285
203 298
190 314
181 327
175 337
168 358
164 376
160 414
156 440
155 468
155 486
163 509
185 541
206 564
236 586
281 611
317 626
360 628
406 628
429 628
465 622
490 608
507 594
519 580
541 551
558 517
566 491
574 440
575 426
575 404
570 372
560 331
555 307
553 299
532 267
496 243
486 241
460 233
395 225
343 225
305 229
290 233
255 250
218 272
196 287
188 294
177 313
162 355
156 426
156 461
166 501
190 549
198 566
236 610
277 640
307 651
346 653
377 650
403 645
435 641
464 635
480 629
516 609
545 583
570 560
620 496
638 460
647 436
655 387
648 348
633 288
620 263
613 253
585 229
563 214
533 198
504 191
470 187
438 183
423 183
387 185
367 186
357 188
341 194
316 206
307 209
292 219
260 248
239 275
229 310
229 329
233 383
253 447
276 493
288 512
323 546
341 563
386 597
396 601
429 613
474 620
501 620
538 612
600 575
633 541
657 485
665 455
668 402
668 365
661 334
628 281
613 259
587 234
563 218
529 200
523 196
488 178
483 175
477 173
463 171
450 170
427 169
414 171
394 178
374 190
360 206
349 227
341 263
338 286
335 348
335 392
339 417
343 452
346 474
349 504
346 522
345 526
336 552
321 582
299 618
270 643
250 655
236 661
216 661
200 646
167 591
165 566
184 511
208 473
218 457
249 427
259 420
276 407
296 395
311 387
343 373
365 361
392 345
435 324
455 315
481 297
493 287
510 274
533 258
556 244
576 235
595 223
612 215
628 210
633 209
634 209
634 209
634 209
