121 218
121 218
121 218
121 218
121 218
124 218
149 221
201 224
265 221
288 218
327 218
345 221
350 221
357 223
362 224
362 224
362 224
362 224
362 224
348 227
322 236
259 276
229 307
208 333
205 342
204 351
205 354
220 357
272 363
312 362
334 359
363 354
363 354
363 354
364 354
365 358
365 367
346 387
324 404
298 419
262 455
249 475
238 489
237 494
237 499
251 512
296 532
338 542
389 554
407 554
414 550
419 544
423 518
412 496
411 494
409 494
395 494
300 541
235 598
217 629
217 647
234 657
262 651
295 634
331 597
348 576
366 541
381 509
392 480
394 465
394 417
387 400
369 378
350 366
338 364
329 364
295 418
291 432
286 486
294 520
315 541
332 552
350 566
367 569
379 568
397 536
403 476
406 449
408 414
404 398
396 377
394 376
391 375
380 383
368 401
359 423
355 436
348 456
337 485
335 501
333 515
334 519
337 521
363 522
386 506
401 490
411 473
423 442
426 428
426 427
426 427
401 483
395 545
396 559
400 583
402 584
409 584
427 565
441 526
445 491
448 472
449 456
455 413
455 389
455 375
455 365
452 341
451 328
450 325
448 321
445 311
442 300
438 290
434 278
431 268
431 267
431 267
430 267
430 267
430 267
430 267
430 267
430 267
430 267
435 294
446 343
447 359
451 381
456 401
458 407
460 410
461 412
462 416
462 418
463 421
465 424
480 435
513 450
533 461
534 463
538 463
546 438
548 400
540 362
530 323
518 292
512 285
511 283
507 281
504 281
500 283
499 291
501 350
504 373
505 396
505 419
505 442
505 474
507 485
510 488
515 488
523 485
533 467
547 415
550 360
558 313
566 257
567 230
568 219
571 205
572 198
574 197
574 197
574 197
574 197
584 235
592 292
594 332
600 407
598 468
595 501
595 514
597 519
597 519
599 519
621 471
630 435
636 409
640 384
646 332
649 301
652 237
641 209
636 200
636 200
639 217
652 271
661 318
669 368
667 421
656 471
654 489
651 501
649 513
643 531
636 544
629 553
619 557
604 560
563 558
501 534
468 513
423 470
394 439
373 416
364 395
352 367
347 352
341 326
339 310
334 285
334 272
343 259
381 239
409 229
465 212
478 201
488 191
492 185
495 179
496 175
483 172
455 178
411 203
386 225
361 262
349 327
349 344
372 377
393 389
417 401
428 412
426 421
421 428
407 440
350 483
329 501
318 521
324 539
332 546
362 559
409 555
435 546
480 519
495 486
501 426
482 365
467 329
450 308
440 299
410 282
377 266
364 264
348 262
331 262
318 268
301 290
287 327
284 347
280 373
279 392
278 413
278 469
281 493
286 516
291 539
303 559
311 571
321 581
341 596
353 600
365 604
376 606
388 606
418 594
439 584
457 563
464 555
479 541
497 527
503 517
502 507
493 505
468 510
443 522
382 561
355 583
352 590
350 609
369 641
384 660
404 675
417 683
455 703
476 710
490 712
491 712
491 712
489 712
478 712
443 715
421 719
360 733
348 736
335 738
332 738
314 740
307 741
295 744
270 747
257 748
251 748
250 748
250 748
250 748
250 748
250 748
250 748
250 748
250 748
250 748
255 753
272 759
282 762
335 770
400 779
447 779
487 774
495 773
512 769
521 765
529 761
547 749
563 739
578 728
591 711
597 689
590 650
560 606
517 564
473 539
444 524
420 514
390 505
340 487
315 476
312 475
292 469
280 464
274 462
262 465
251 478
245 506
238 566
234 641
234 645
234 651
240 655
244 657
254 655
301 628
338 605
370 574
410 525
422 509
427 502
445 469
459 444
475 391
479 375
480 370
485 354
485 343
480 332
467 324
458 320
424 315
408 314
376 308
349 304
342 304
317 304
294 306
284 311
276 318
260 340
258 352
265 367
281 384
293 395
313 411
334 429
364 444
370 447
397 459
408 468
420 482
431 494
433 497
433 500
434 505
433 509
428 516
414 519
393 523
388 523
385 523
382 523
382 523
382 523
391 522
410 511
451 476
459 454
465 428
453 340
447 330
429 311
407 305
399 305
382 317
380 328
376 362
371 408
370 438
369 471
368 474
354 488
336 500
295 516
272 521
255 527
241 531
227 536
217 544
208 557
205 570
196 586
178 619
162 642
157 649
149 662
141 669
107 683
92 688
90 689
80 692
60 696
53 698
50 699
49 699
49 699
50 697
59 675
63 653
66 611
71 557
72 549
79 516
83 483
81 446
78 421
80 386
89 352
104 310
108 294
113 265
114 251
117 235
124 221
140 211
164 211
200 217
220 223
247 238
268 274
264 293
231 335
221 346
206 360
183 386
171 411
153 457
156 501
166 522
180 547
207 577
246 614
250 621
257 637
257 645
253 648
231 656
214 658
212 659
211 659
211 659
211 659
211 659
224 651
253 632
297 597
315 577
344 544
386 514
421 491
458 464
475 453
497 440
502 433
514 420
526 405
530 392
537 372
546 347
552 321
557 300
559 292
547 251
537 234
496 199
467 185
435 170
381 155
344 145
290 131
274 129
261 129
218 126
206 125
199 124
185 124
172 124
162 127
159 128
157 130
154 132
149 137
148 138
174 192
185 205
212 235
239 260
275 303
291 321
315 352
346 396
377 446
402 477
449 534
462 551
485 574
503 594
524 619
527 622
549 636
583 657
597 671
603 675
604 676
604 676
604 676
600 664
582 629
550 550
536 486
533 428
530 369
527 325
523 295
519 271
518 259
518 239
518 233
520 229
525 225
527 224
531 224
531 224
531 224
531 224
516 232
453 289
432 315
410 351
382 409
370 450
345 499
306 549
276 587
270 596
253 615
237 626
213 639
205 640
192 633
150 598
123 570
95 500
89 465
87 425
84 390
84 381
86 359
89 350
89 348
89 347
89 347
89 347
89 347
99 416
102 432
127 480
149 492
189 495
284 484
317 474
371 456
385 450
447 430
467 426
485 422
508 412
540 405
555 402
557 402
557 402
557 402
557 402
558 401
559 401
559 401
559 401
559 401
553 400
526 395
444 396
409 396
359 391
302 386
250 378
236 372
219 364
196 350
185 342
175 333
170 327
168 324
168 314
170 307
187 294
218 279
268 262
307 259
351 256
404 253
483 247
524 241
537 235
556 221
561 205
561 195
532 158
494 135
470 126
446 117
410 112
352 111
314 112
298 115
275 129
268 141
265 163
271 200
278 222
291 257
296 272
304 296
310 335
311 345
311 395
321 424
349 472
361 495
379 530
383 541
386 566
386 580
376 605
374 609
371 614
361 617
345 619
331 621
322 620
311 615
310 613
