374 574
374 574
374 574
374 574
374 574
389 560
434 506
455 471
459 445
454 421
437 358
391 271
379 261
376 261
371 260
369 260
357 276
348 289
344 301
341 323
343 343
348 359
349 363
365 417
385 456
398 472
409 487
426 515
432 534
434 545
433 548
420 561
394 575
373 582
369 582
364 582
351 582
339 581
330 580
328 579
307 565
277 543
260 530
239 506
239 501
239 477
227 443
217 412
209 388
207 375
204 362
197 343
195 339
195 339
195 339
195 339
195 339
195 339
197 337
201 336
209 333
239 332
273 336
311 355
324 361
345 365
362 369
365 378
366 382
368 390
369 402
364 415
357 423
329 453
321 459
315 471
314 489
312 511
306 523
302 534
300 537
275 563
256 580
239 602
234 610
223 622
218 628
210 639
185 667
161 683
150 690
137 707
117 720
115 722
103 726
100 728
98 729
97 730
95 730
91 731
86 732
84 732
80 732
78 731
69 713
56 624
56 586
54 570
53 552
48 526
40 502
36 488
34 480
33 469
29 446
24 422
19 403
16 390
14 381
3 338
0 330
0 330
0 330
0 330
0 330
0 330
0 330
0 330
0 330
0 330
0 169
8 158
10 155
13 153
18 152
34 150
56 150
67 152
75 154
84 156
139 168
151 169
173 172
216 178
232 181
284 187
317 191
364 202
397 212
405 215
425 221
437 224
469 232
473 232
477 234
484 238
486 240
490 244
494 254
496 260
497 265
484 277
451 290
396 310
371 317
355 328
316 351
292 363
278 370
267 385
254 411
246 437
249 469
260 502
306 584
339 624
356 649
377 666
388 667
399 662
423 641
448 615
482 571
486 563
503 528
520 485
526 463
532 431
534 417
538 397
543 381
552 369
559 366
573 366
595 380
642 430
674 481
702 529
713 561
719 610
719 620
719 634
717 662
715 672
713 682
713 685
711 685
707 685
690 685
653 673
597 645
525 603
490 582
445 545
424 522
416 513
372 462
356 444
342 420
329 384
318 356
305 327
293 308
282 295
277 291
275 289
274 288
274 288
274 288
274 288
274 288
274 288
274 288
273 296
272 334
273 446
294 578
303 637
305 667
305 678
305 678
305 679
313 678
332 648
353 596
369 551
389 495
447 405
465 384
489 342
498 308
502 295
505 287
510 277
512 275
512 273
523 258
539 240
539 240
539 240
539 240
539 240
539 240
539 240
539 240
539 240
539 240
539 240
537 243
524 253
478 292
431 324
390 348
322 376
283 385
259 390
242 398
241 400
241 400
241 400
242 403
261 407
399 421
451 421
497 425
498 426
498 430
475 449
322 506
251 528
187 536
153 544
153 544
154 544
191 546
274 554
324 552
395 552
401 552
403 556
375 579
361 587
290 618
194 646
169 656
167 658
166 660
169 662
202 662
298 650
413 626
640 591
687 569
693 560
692 542
666 491
643 455
582 365
515 266
478 225
463 212
457 210
452 207
449 207
448 207
439 208
432 211
422 218
403 231
373 246
358 256
327 286
285 340
263 368
252 380
224 408
210 423
202 437
192 456
189 464
184 481
181 490
177 523
175 538
174 545
174 554
178 571
181 587
183 589
192 591
214 592
237 590
343 578
419 562
538 534
585 527
628 520
664 509
675 500
679 480
680 441
651 378
617 333
574 290
535 260
491 238
445 218
428 213
399 202
365 192
316 186
288 180
271 176
265 176
254 178
250 182
247 190
247 194
263 230
273 247
319 319
345 350
379 386
407 422
433 459
468 510
489 547
502 564
514 582
522 595
537 619
538 624
537 629
525 632
487 641
399 649
365 650
310 650
267 649
255 646
216 625
205 605
203 587
209 576
233 564
270 553
339 535
417 519
504 503
560 492
580 485
592 478
593 478
593 478
593 478
593 478
573 481
409 527
333 554
286 570
253 583
236 590
228 595
217 602
216 602
215 604
214 605
214 605
214 606
244 612
267 612
303 611
446 579
477 571
564 553
602 538
618 532
620 530
622 529
622 529
622 529
622 529
622 529
620 529
600 536
516 564
433 598
378 625
304 656
274 673
259 686
243 699
232 705
230 707
226 710
223 714
223 714
223 714
226 717
231 720
256 730
301 731
336 725
401 712
510 705
525 705
576 698
591 689
603 682
610 678
612 676
613 676
613 676
613 676
614 674
614 674
614 671
585 652
531 620
479 583
405 539
379 524
310 485
260 458
236 444
203 425
166 393
161 384
147 361
146 351
154 328
164 314
181 298
221 283
244 277
304 264
360 256
433 244
453 239
477 235
492 229
512 219
517 215
520 211
520 211
520 211
520 211
506 223
483 248
382 337
332 371
298 392
281 404
260 425
248 440
236 456
233 459
233 463
233 464
234 469
240 472
253 477
288 481
346 486
414 493
485 499
506 504
519 515
519 518
519 524
519 527
519 531
515 541
494 554
450 571
399 580
370 593
353 601
318 610
306 614
294 616
285 619
279 625
282 660
321 713
327 716
351 718
369 714
389 708
467 692
489 685
522 665
534 653
561 610
564 590
561 566
555 547
531 501
517 481
508 467
482 423
476 409
461 383
456 371
449 357
439 333
427 313
420 303
405 283
393 272
375 263
371 261
370 261
361 267
349 289
347 328
350 365
358 412
362 438
366 472
370 507
376 532
381 558
389 591
394 609
414 656
425 683
432 698
440 721
442 728
442 731
442 733
442 733
442 733
440 733
433 728
378 680
315 619
264 560
233 512
224 493
202 439
186 401
178 384
172 370
169 364
152 341
143 333
140 331
139 330
139 330
139 330
138 330
126 360
112 411
103 452
93 499
81 546
67 580
61 597
58 613
56 639
56 652
56 663
58 677
65 689
71 694
81 700
124 695
186 666
285 606
343 563
379 531
413 495
432 467
456 434
468 390
469 361
469 349
456 322
442 304
425 285
398 257
377 236
334 214
308 202
279 187
277 185
259 179
243 175
236 172
225 170
214 169
208 175
204 205
204 216
206 245
214 315
214 347
219 387
226 417
228 448
219 483
214 500
211 509
209 515
208 516
200 510
146 462
141 457
129 441
126 369
127 347
130 335
137 321
154 305
184 290
221 284
244 283
305 283
347 283
386 277
417 277
436 274
439 273
461 268
477 261
481 259
484 256
486 254
