374 342
374 342
374 342
374 342
374 342
374 342
373 342
370 342
366 343
356 346
350 347
335 350
325 354
322 355
319 357
316 360
312 363
309 365
306 368
303 371
301 373
299 375
286 377
270 366
242 328
225 296
223 282
220 256
223 229
226 216
227 212
227 209
228 208
228 208
228 208
216 232
205 262
198 297
194 352
185 416
180 472
177 510
178 537
179 553
185 591
185 610
187 620
189 624
193 628
204 626
233 607
287 556
345 484
358 468
396 412
420 366
436 327
439 317
440 316
440 316
440 314
439 313
439 313
438 320
440 333
446 343
471 372
482 382
496 398
510 419
516 441
519 456
526 484
544 540
554 571
559 584
563 590
566 593
576 588
581 574
587 537
587 522
578 480
564 460
560 457
550 455
535 451
507 450
496 450
492 451
482 453
457 456
448 457
439 458
426 459
417 461
410 462
406 463
400 464
391 465
363 469
346 471
344 471
333 472
323 473
314 474
297 476
291 476
279 474
273 472
272 471
272 471
264 469
258 467
256 466
253 464
247 460
233 445
222 432
206 402
202 393
197 372
195 364
194 352
192 312
192 304
193 292
197 277
199 269
218 237
235 229
248 224
328 212
404 210
448 211
455 214
468 221
484 224
536 228
580 230
614 232
615 234
610 242
591 261
557 292
485 362
443 402
418 427
409 440
396 469
382 511
387 583
400 602
411 618
421 626
441 632
452 635
476 640
502 643
517 643
520 643
533 634
543 615
546 597
545 555
545 515
542 472
534 440
521 418
503 393
491 377
452 333
426 301
404 265
392 253
353 228
331 216
306 203
282 192
265 188
226 183
214 200
212 222
206 254
190 314
184 337
177 385
177 403
180 426
182 449
182 461
182 470
183 482
185 492
186 510
186 519
191 538
191 547
192 559
193 565
195 577
200 599
204 614
206 627
212 646
213 653
218 666
222 677
226 683
228 687
231 690
240 693
248 695
261 696
270 696
293 691
308 690
332 685
347 683
378 674
393 667
393 667
402 664
414 661
437 656
458 652
468 649
478 646
493 641
502 637
519 624
532 610
548 591
563 564
576 520
580 473
585 429
586 376
575 319
558 290
542 276
501 262
468 254
441 246
407 239
363 222
337 212
281 188
248 177
234 174
221 174
207 174
197 185
187 213
186 253
196 297
205 322
218 410
224 459
231 476
233 478
248 475
273 450
312 383
324 362
342 332
372 302
402 278
429 262
434 259
461 253
475 250
483 251
493 259
500 266
515 308
521 331
533 374
537 408
540 432
543 455
553 491
563 514
568 532
575 547
587 576
594 593
622 635
626 640
639 657
656 676
664 683
671 695
673 701
674 702
674 704
673 704
664 702
591 674
542 657
485 633
453 613
407 588
386 577
361 564
333 551
305 541
269 537
259 536
251 536
232 533
219 533
211 535
196 544
180 563
170 599
169 615
169 631
170 647
182 662
207 674
225 676
273 676
312 667
340 654
404 626
420 615
429 608
456 584
482 566
513 532
539 502
560 481
572 469
584 425
579 371
565 353
542 336
515 323
509 320
461 302
452 298
436 291
415 285
381 283
375 284
365 291
335 333
329 343
314 386
312 408
312 433
315 461
334 522
348 544
357 566
361 590
357 613
347 645
334 662
321 673
305 680
288 682
274 682
257 672
222 632
211 610
210 593
216 576
241 531
255 513
271 499
283 493
304 490
315 488
359 476
383 467
431 446
454 435
495 416
512 403
520 397
536 385
551 372
564 358
566 355
572 343
574 329
576 318
577 305
577 302
570 286
552 275
536 271
493 270
452 272
423 271
410 273
391 277
382 278
382 278
382 278
402 283
431 290
478 299
499 298
507 275
507 259
496 227
487 211
466 181
460 177
441 172
429 169
400 167
372 169
363 172
356 174
355 174
349 169
339 161
301 135
289 125
270 112
253 106
248 105
237 105
229 105
226 106
224 114
220 136
225 165
234 176
240 183
250 199
261 239
266 278
266 297
266 317
267 361
273 409
297 463
308 478
329 493
337 494
354 491
387 465
412 437
436 380
438 357
437 314
430 277
422 236
418 228
411 213
399 187
397 181
393 172
385 161
376 156
367 153
323 147
306 147
282 150
251 163
214 192
196 218
191 227
174 251
168 261
148 296
137 306
129 317
123 328
118 336
117 338
116 338
116 338
116 338
116 338
138 342
149 343
189 347
243 358
355 365
399 369
413 370
425 370
452 375
479 394
485 409
489 426
489 428
486 431
467 437
406 453
367 463
319 481
278 503
264 509
226 531
200 564
191 576
177 601
175 610
174 625
177 646
190 662
202 670
234 685
287 700
407 700
452 696
496 686
521 676
527 674
540 669
554 662
568 651
571 645
569 601
560 581
545 553
529 536
514 525
501 519
498 517
496 517
483 518
467 526
461 535
457 562
471 597
480 610
486 615
488 616
488 616
472 608
454 598
398 574
380 564
380 564
379 564
379 564
379 562
386 537
392 511
390 473
380 443
375 428
374 428
374 428
366 434
333 452
328 453
319 442
297 404
289 365
286 339
281 313
278 303
275 298
275 298
275 298
273 301
270 306
267 308
261 306
225 254
203 227
193 215
184 197
182 191
179 177
178 162
179 139
182 136
192 132
205 131
214 132
226 140
248 169
251 179
249 194
240 211
222 245
214 262
216 280
232 297
250 309
276 329
281 339
282 350
282 366
285 388
296 417
314 443
324 455
341 477
350 496
353 512
355 531
355 550
362 580
366 601
373 613
383 632
402 653
439 673
451 678
495 692
504 696
517 699
523 701
534 702
549 694
563 659
567 628
564 556
556 502
554 487
553 442
551 418
549 393
543 357
542 335
542 304
541 296
541 285
542 282
542 280
543 279
543 279
543 278
543 276
539 270
532 262
527 257
524 255
527 251
535 250
590 236
635 191
649 175
667 147
679 132
688 114
688 107
686 101
683 97
681 97
668 97
647 92
617 88
601 89
554 99
457 129
442 133
390 145
341 155
333 157
294 165
281 169
262 174
251 178
222 191
218 195
213 206
208 245
214 294
251 333
340 381
385 398
398 409
398 419
385 435
350 453
273 481
239 496
231 497
209 512
207 516
202 557
202 596
207 631
209 655
207 666
203 675
178 698
162 710
152 714
125 722
109 723
87 724
80 722
68 716
53 688
50 665
55 654
64 645
70 642
78 640
119 634
177 625
235 614
250 613
259 615
275 616
302 600
318 576
328 550
331 485
324 443
320 432
315 411
313 402
312 383
313 377
333 335
345 301
356 280
365 271
391 276
470 350
494 375
510 400
517 412
523 426
538 459
548 468
549 469
552 469
569 445
597 379
600 364
609 313
613 247
603 205
585 164
577 143
562 121
553 113
532 102
528 101
526 101
525 101
522 101
518 102
510 103
486 107
468 110
428 115
395 120
368 123
326 127
279 129
250 127
229 123
209 117
192 112
182 110
172 108
142 107
120 113
114 116
98 137
71 209
78 236
100 267
136 295
159 311
173 321
220 355
245 380
262 397
304 434
345 463
367 477
379 480
410 484
487 477
532 455
570 402
578 381
581 368
579 361
577 358
575 357
575 357
575 357
