459 209
459 209
459 209
459 209
459 209
426 258
389 317
365 350
354 372
351 382
354 386
380 377
405 360
422 336
435 316
449 292
452 283
452 282
452 282
452 282
452 282
393 347
382 372
378 390
379 414
388 446
407 463
417 463
464 433
508 387
526 364
547 334
551 328
553 325
552 325
544 330
519 365
493 419
482 445
477 469
477 480
484 483
492 486
506 481
577 412
592 357
593 339
587 337
583 339
569 355
561 369
549 422
546 469
546 476
549 485
549 486
552 483
568 458
582 422
596 353
598 326
598 279
595 265
593 264
593 264
586 267
572 305
557 400
563 467
569 490
571 497
572 498
572 498
575 477
577 437
568 341
562 305
556 278
550 271
534 262
526 260
504 258
484 257
478 263
470 300
458 356
455 380
454 384
454 386
454 386
450 368
436 323
428 297
420 251
416 242
415 238
415 238
414 238
409 252
404 274
395 323
376 386
366 417
365 422
365 425
365 425
365 425
365 425
363 413
356 356
350 320
332 263
329 250
324 241
321 240
321 240
321 240
321 240
309 284
304 329
298 369
292 391
283 414
282 415
282 416
282 416
282 416
277 405
261 371
232 310
223 289
209 254
200 239
200 239
200 239
200 239
200 239
196 279
187 352
182 400
181 438
184 448
186 458
186 458
186 458
186 458
186 458
175 429
158 391
135 301
129 277
127 266
125 261
125 260
125 260
125 260
123 263
81 362
74 423
72 460
72 474
74 477
83 472
124 420
151 345
184 272
199 256
204 253
204 253
204 253
205 284
202 385
196 458
194 489
197 509
206 521
227 515
268 479
277 465
317 391
333 341
340 326
350 305
354 294
354 294
354 294
354 294
354 294
354 302
348 373
344 453
349 494
353 505
382 525
397 524
439 505
464 480
479 454
499 395
505 339
508 302
508 284
505 251
498 235
486 225
467 216
446 212
424 210
380 209
366 213
354 217
344 220
319 209
302 196
278 178
259 162
254 156
252 154
245 164
223 234
217 299
217 318
212 353
219 387
254 416
303 417
318 411
341 394
367 369
394 329
403 297
408 270
410 231
405 215
392 203
379 198
366 197
337 201
324 208
308 222
306 285
348 328
374 342
423 348
455 345
483 339
497 339
498 346
498 355
482 394
443 444
408 483
404 497
404 503
425 522
465 538
502 541
543 537
566 519
582 486
590 441
590 375
579 339
564 313
549 303
522 298
473 297
453 301
448 312
478 371
501 390
541 408
565 414
573 415
577 415
579 414
576 412
558 412
521 437
484 472
458 534
459 548
469 565
501 575
562 570
590 562
625 544
648 508
655 484
658 449
654 426
638 401
607 365
570 346
550 345
522 351
473 439
472 475
500 512
517 518
538 510
550 486
553 446
548 407
521 346
495 324
473 315
414 312
352 317
312 332
291 377
285 414
305 441
322 446
352 440
397 364
360 283
343 273
332 269
320 275
304 313
290 404
302 466
343 497
382 502
437 490
467 466
482 381
434 316
413 299
377 281
364 285
322 321
275 403
274 428
293 456
367 487
402 491
429 478
457 445
467 420
460 350
429 306
394 288
356 278
328 294
301 376
302 452
310 464
381 512
433 528
476 527
523 496
555 450
554 409
536 371
509 340
490 329
480 327
440 327
412 330
389 343
380 378
376 431
380 474
387 502
401 527
421 545
472 560
511 552
552 530
579 500
586 477
587 472
584 471
575 471
544 530
529 565
523 585
517 611
515 626
514 636
514 636
514 636
526 627
566 607
633 580
650 571
685 562
685 562
737 541
751 532
759 528
767 523
770 522
770 522
767 522
715 532
630 541
602 545
555 568
529 586
524 597
530 611
560 624
592 636
622 643
639 646
642 647
642 647
642 647
637 653
627 660
605 678
594 693
589 712
588 725
593 736
614 750
622 754
647 761
651 763
651 763
647 763
614 759
579 749
481 725
442 716
381 701
344 692
313 687
306 684
286 680
273 679
263 680
259 680
247 682
229 685
220 687
207 690
184 700
134 715
130 718
127 723
123 734
126 738
137 744
178 751
216 754
264 752
323 735
359 720
394 706
461 658
494 599
503 537
501 529
492 484
483 460
457 411
430 375
387 324
363 292
336 262
320 232
309 211
294 186
287 177
276 161
308 136
371 125
430 125
466 116
500 111
523 107
528 108
534 112
557 125
565 135
563 147
553 161
484 208
413 235
362 257
349 267
340 280
341 297
360 320
412 351
446 369
456 377
457 378
458 389
448 410
420 435
383 463
367 477
366 490
405 527
436 542
498 554
543 544
561 538
610 505
641 453
648 366
648 337
645 300
626 274
623 271
585 264
568 264
537 265
466 276
455 283
441 298
429 319
419 361
427 383
444 399
486 411
645 383
713 333
738 294
747 270
743 232
717 196
690 177
669 162
644 154
634 154
619 165
598 199
587 224
586 243
594 266
614 307
632 339
649 358
659 369
673 383
689 406
704 427
704 434
697 440
673 443
629 443
557 430
488 416
481 413
460 399
426 374
418 367
415 359
410 339
409 312
419 287
432 273
493 238
527 223
563 202
608 175
629 157
651 123
658 104
662 88
660 85
652 82
628 74
541 48
479 40
398 37
388 58
390 95
410 164
423 192
450 235
497 302
498 311
496 320
458 356
438 368
412 379
378 391
347 413
338 424
318 470
314 496
328 527
348 551
372 576
390 596
395 611
397 616
380 620
338 618
270 603
210 566
171 517
164 503
169 467
205 414
230 394
274 380
286 379
318 384
366 402
390 416
402 425
406 425
426 420
450 407
458 400
466 397
467 397
467 397
467 397
467 397
467 397
467 397
467 397
468 397
468 397
475 392
486 381
520 336
546 292
550 269
548 259
538 249
513 236
467 233
395 276
381 316
380 339
385 374
398 387
409 395
432 411
445 416
461 430
469 440
471 452
460 471
430 487
396 494
382 494
372 492
348 457
323 402
317 357
326 330
351 314
373 308
427 307
503 310
538 309
557 304
576 297
586 286
588 269
575 243
545 225
513 218
465 215
390 226
365 253
350 300
352 349
376 379
430 395
488 387
511 365
521 335
521 297
505 249
494 234
491 232
474 230
464 242
427 304
415 357
414 367
420 398
433 408
442 409
447 406
476 384
504 374
543 355
557 340
569 316
569 296
555 279
510 274
441 271
385 283
356 290
324 297
294 301
280 302
279 302
279 302
279 302
281 303
287 310
293 319
316 364
324 403
325 439
326 470
326 477
326 478
328 478
331 478
345 458
362 435
413 401
460 367
473 353
486 323
478 313
419 301
354 301
306 306
239 327
214 341
209 358
210 366
223 391
259 410
306 411
356 419
366 420
