438 159
442 158
444 158
447 158
450 157
459 159
472 163
480 164
527 171
610 179
618 182
628 191
639 204
644 219
644 240
641 257
582 338
562 362
545 400
543 433
545 476
554 519
572 567
585 599
596 625
605 644
608 651
609 653
610 653
610 653
610 653
612 654
622 654
631 639
632 635
635 617
642 580
672 516
676 506
686 475
690 456
691 439
690 430
679 415
670 409
650 400
607 381
553 364
518 355
489 354
478 358
476 369
471 391
469 426
476 458
477 464
482 482
483 495
483 500
477 513
469 522
451 536
434 548
420 560
408 574
406 576
399 581
392 584
388 584
382 584
373 580
362 569
354 559
337 530
320 485
308 421
302 397
298 366
293 339
289 324
286 301
286 287
290 260
297 227
312 200
333 186
342 182
358 182
387 181
402 188
410 193
417 203
419 216
413 230
391 252
360 280
341 296
314 319
310 326
311 342
325 373
333 386
339 399
340 404
340 407
340 407
338 407
321 408
303 408
254 403
229 397
217 389
202 378
163 327
158 301
157 271
159 257
160 247
160 221
160 217
162 210
163 205
165 204
168 204
172 204
172 204
173 204
174 204
176 205
190 216
215 224
223 225
247 228
268 235
304 247
337 253
350 255
362 257
368 257
379 258
433 264
476 270
500 275
506 276
521 282
555 292
573 297
577 299
582 302
594 306
606 314
611 317
613 318
613 318
613 318
613 318
613 318
602 321
588 321
572 322
559 322
548 322
533 323
513 326
487 327
459 329
439 331
428 333
401 343
381 348
377 350
372 353
367 356
360 361
348 370
339 380
332 387
319 403
305 424
300 433
288 457
286 466
276 507
265 537
264 542
261 561
259 570
257 591
260 609
267 617
284 630
293 634
314 637
336 637
354 634
386 630
417 621
431 614
438 610
438 610
438 610
438 610
436 608
417 594
386 570
337 538
257 500
143 466
78 445
14 425
2 422
2 422
2 422
2 422
2 422
2 422
2 422
2 422
2 422
2 422
2 422
2 422
8 557
20 572
28 588
48 623
73 665
85 684
118 728
146 751
170 768
196 787
196 787
196 787
196 787
196 787
196 787
196 787
196 787
235 794
237 778
238 741
240 729
247 668
264 557
274 507
277 497
288 466
305 428
319 405
332 381
353 340
368 315
387 290
405 270
446 227
464 211
487 192
501 184
509 178
529 173
548 173
555 176
575 192
586 212
590 240
588 259
580 280
560 304
523 351
481 397
469 412
464 421
458 453
464 485
472 504
499 545
507 555
526 587
532 592
556 615
568 621
576 623
589 622
597 618
607 606
628 575
642 550
653 509
657 487
664 446
667 427
671 407
675 391
676 382
677 370
676 355
673 347
667 340
652 328
640 323
629 319
589 311
566 306
525 300
484 294
440 289
385 280
346 271
297 262
269 257
241 252
227 248
204 242
193 238
171 229
156 221
129 204
119 196
114 193
114 193
114 193
114 193
114 193
114 193
114 193
114 193
117 196
131 214
154 249
170 290
174 315
179 358
181 391
176 432
165 472
156 489
143 534
141 548
138 570
136 584
134 592
129 603
126 607
125 610
122 620
121 622
121 624
121 624
121 624
121 624
122 625
127 626
128 626
136 622
146 614
162 598
180 578
187 570
213 546
223 540
248 525
258 517
281 500
311 484
319 479
349 464
383 452
401 448
423 442
478 415
497 405
534 384
543 379
556 373
564 369
565 367
565 367
565 367
565 367
562 367
550 367
522 371
499 376
446 391
387 400
362 402
328 403
300 403
269 403
259 403
226 405
206 408
194 412
190 413
190 413
190 413
189 417
190 419
193 421
210 427
238 437
265 448
341 465
366 474
401 486
421 490
454 505
461 509
479 521
482 523
484 525
484 526
484 528
473 535
462 538
434 544
377 554
309 564
269 576
237 585
223 589
213 597
207 601
197 609
195 614
195 624
203 640
209 648
227 668
260 695
284 712
299 722
327 737
354 748
364 751
394 755
408 757
459 760
486 762
511 765
552 763
585 757
603 747
606 741
603 733
600 728
588 714
571 697
561 691
541 675
533 671
523 668
514 664
505 660
489 649
479 642
447 622
420 599
395 571
365 540
361 536
350 521
344 512
336 492
322 453
318 429
315 376
317 368
321 346
331 325
348 305
351 302
363 290
372 288
383 288
388 291
403 304
426 321
436 330
456 361
465 383
479 409
490 424
504 439
511 448
526 464
541 478
548 485
561 494
568 500
571 503
576 501
580 496
583 490
584 479
584 471
582 435
577 411
570 393
564 386
551 376
545 371
524 357
521 355
501 341
477 324
443 307
425 297
391 281
374 276
363 275
359 275
357 275
357 275
356 277
357 293
363 319
371 354
374 370
380 404
387 429
398 461
406 488
419 532
427 549
435 564
447 589
456 606
461 616
464 624
465 628
466 630
466 630
466 630
466 630
463 629
448 626
432 623
408 619
384 612
353 594
312 564
302 555
292 545
285 539
272 525
263 517
263 517
258 511
254 506
252 501
248 494
246 489
242 479
240 472
218 399
212 370
212 360
212 350
216 342
218 337
221 330
224 324
226 318
230 318
238 320
247 326
260 334
275 344
286 352
299 363
319 378
332 390
342 399
353 405
363 410
372 416
383 423
402 432
419 439
435 444
440 446
451 450
458 454
468 458
474 461
487 468
500 475
512 481
518 487
548 523
557 535
571 555
577 565
592 594
600 609
607 622
620 649
633 667
646 687
654 700
656 702
659 705
659 706
659 707
659 708
650 710
642 711
621 711
593 707
548 701
525 698
490 692
438 681
414 677
382 674
359 673
312 667
290 665
245 657
201 646
177 638
131 617
115 607
102 597
85 576
82 562
90 540
108 524
145 504
181 488
198 486
213 484
234 486
244 489
254 492
266 495
282 495
295 493
314 485
343 466
348 462
371 440
387 422
404 407
415 395
433 371
444 356
462 336
476 319
498 291
508 278
512 271
526 234
536 218
549 202
563 187
570 177
595 151
610 139
618 133
634 119
645 112
654 109
658 107
659 106
659 106
659 106
659 106
659 106
652 107
637 110
616 120
602 134
585 154
565 174
551 187
545 195
535 207
522 226
508 247
500 261
483 296
481 305
470 331
467 341
464 349
459 363
448 389
441 403
429 436
427 446
424 461
420 474
417 482
417 491
416 498
416 505
416 509
418 515
424 522
442 538
445 541
458 550
481 554
488 554
494 554
501 552
508 539
512 519
511 510
506 502
493 489
488 486
488 486
488 486
488 486
495 494
512 511
528 528
540 539
547 540
553 539
561 526
565 519
581 490
587 470
590 452
594 430
596 421
597 407
597 404
597 393
594 378
591 373
585 365
576 360
563 353
556 350
539 346
529 344
516 344
494 343
476 342
463 342
454 345
451 345
448 346
439 347
434 349
418 353
409 356
398 359
384 363
378 365
369 368
362 374
357 378
350 385
339 394
335 400
333 404
330 410
325 422
317 432
313 441
308 448
305 453
296 465
286 473
265 487
253 492
244 495
234 497
229 498
221 499
211 500
202 500
201 500
193 495
175 484
165 476
153 458
150 445
150 433
150 416
153 400
168 378
180 371
183 369
186 366
193 365
207 366
221 373
248 377
264 380
287 384
316 388
356 395
382 399
414 405
442 413
470 426
495 445
506 455
515 468
517 480
517 485
507 495
504 496
495 498
