401 412
401 412
401 412
401 412
401 412
402 412
406 415
429 431
442 437
457 439
469 443
480 446
484 447
485 447
485 447
485 447
477 451
467 453
396 462
366 473
313 496
302 501
295 504
267 516
257 526
257 528
257 529
267 538
317 558
345 565
378 573
429 582
478 592
502 596
518 601
526 605
527 606
527 606
527 606
524 611
499 621
451 626
434 627
401 639
373 647
370 649
367 652
365 659
373 664
422 671
542 681
567 683
595 684
601 683
608 678
611 663
607 644
592 623
570 598
540 572
518 565
479 549
460 539
426 513
405 493
379 470
371 458
360 429
350 400
350 390
357 369
380 344
428 315
450 309
465 304
488 279
496 264
498 241
492 218
479 199
458 179
387 129
359 115
306 99
257 93
234 95
221 107
206 134
196 165
195 181
216 230
260 267
294 295
324 319
343 332
373 371
393 412
415 446
428 462
461 510
461 513
459 527
442 543
404 557
361 569
325 594
305 613
288 634
288 657
298 669
313 681
333 684
358 673
383 640
395 573
403 514
418 461
420 449
427 404
428 379
420 328
404 301
394 293
387 291
382 286
380 281
378 277
378 276
394 276
407 281
420 287
424 289
428 291
428 291
428 291
428 291
428 291
428 291
422 289
406 287
362 289
317 301
272 363
271 416
282 446
329 489
451 514
579 518
611 496
619 439
619 378
615 345
611 321
607 302
603 296
600 292
599 291
599 285
595 272
592 260
591 258
591 257
576 256
566 258
566 258
566 258
566 258
566 258
566 258
564 259
564 259
564 259
563 259
563 259
563 259
563 259
575 262
582 264
583 265
569 267
519 274
483 279
466 308
459 348
468 357
493 355
527 327
537 306
537 278
531 265
522 262
512 260
501 257
498 257
498 257
497 257
496 257
495 257
494 257
493 257
492 258
491 259
490 260
489 261
488 262
487 263
485 266
484 267
484 270
482 271
482 272
482 272
481 275
480 277
480 286
479 324
478 391
475 410
466 443
466 457
475 464
487 471
498 468
525 439
531 401
538 376
545 363
559 342
563 332
566 313
563 299
548 282
539 276
493 259
444 253
436 252
418 258
399 294
388 324
382 354
378 363
376 383
369 406
346 437
329 479
325 519
328 528
345 544
355 549
377 551
418 544
430 533
437 523
441 521
452 517
473 515
492 517
524 526
586 550
599 563
607 579
611 597
611 605
611 606
610 606
610 606
605 601
599 581
588 500
586 477
584 465
581 411
585 361
589 297
589 283
587 269
586 263
585 249
585 249
585 249
585 249
585 249
584 249
581 249
565 262
550 285
523 328
477 396
447 431
414 459
385 487
376 499
368 511
354 531
340 541
315 560
296 574
294 575
275 584
243 596
238 596
225 599
225 599
224 588
230 563
249 530
295 483
347 437
387 395
413 358
443 320
462 297
486 264
489 254
491 248
496 232
498 225
503 206
505 203
506 202
506 202
506 202
503 201
493 203
461 209
432 218
415 225
359 270
324 306
291 351
285 360
262 400
258 411
257 421
266 428
309 421
380 405
400 395
454 360
478 335
484 325
487 320
487 320
487 320
487 320
487 320
487 320
484 322
483 323
481 324
479 326
477 327
476 329
475 330
474 331
473 331
473 331
473 331
472 333
471 333
471 333
471 333
471 334
470 336
468 339
466 340
462 351
454 387
442 422
416 495
410 519
407 559
408 572
422 586
429 591
442 593
473 579
502 548
509 513
511 495
511 491
511 488
511 488
511 488
511 488
511 488
511 488
511 488
511 488
511 488
511 488
511 488
511 488
511 488
511 488
511 488
511 488
511 488
511 488
511 488
511 488
511 488
511 488
511 488
520 479
531 466
534 457
535 448
533 427
514 408
504 403
487 399
472 401
456 409
441 426
432 447
433 453
454 473
522 478
561 467
577 446
573 400
552 363
519 343
497 351
457 387
420 452
414 499
426 521
450 539
490 550
560 548
580 540
593 525
597 511
598 507
604 482
609 463
611 456
611 444
608 427
602 413
600 412
595 405
590 394
552 355
542 345
528 329
501 304
484 293
460 283
444 281
418 278
375 274
364 271
317 263
285 259
269 259
259 262
246 266
236 271
231 274
230 289
236 320
253 381
262 429
294 529
347 617
361 640
376 660
390 677
402 688
421 696
429 696
461 675
483 653
513 595
534 536
548 467
550 416
541 366
535 338
510 279
496 257
481 246
452 233
422 224
412 222
396 222
354 231
329 244
303 259
286 275
272 293
265 305
263 320
270 337
306 373
332 399
333 428
319 440
310 446
288 464
278 472
274 479
266 510
273 541
280 573
278 601
270 608
267 610
256 613
232 613
221 607
197 577
194 545
195 520
214 473
272 408
297 388
340 362
363 354
410 340
457 322
479 305
509 280
537 241
544 225
553 184
551 166
530 148
510 140
467 133
422 131
393 134
349 149
331 173
332 207
367 246
413 276
438 292
444 309
442 322
427 336
382 364
364 377
349 403
347 437
347 460
366 512
378 537
389 573
389 612
400 631
421 644
472 661
496 664
533 638
551 548
524 436
498 365
487 344
483 337
461 322
450 320
434 329
418 360
420 411
429 423
455 448
494 482
501 492
497 498
488 499
459 504
442 512
416 536
407 553
405 559
397 576
389 585
374 587
356 584
338 574
291 513
247 453
236 412
239 398
259 358
279 336
297 322
337 306
369 300
388 295
396 292
412 275
419 258
419 206
415 176
402 158
397 156
380 152
365 151
351 157
343 194
348 219
375 260
403 297
426 350
442 377
448 388
448 396
433 417
416 445
406 458
399 468
385 490
376 518
377 544
407 560
422 561
499 566
540 555
566 508
557 405
538 339
521 305
504 293
475 289
473 289
472 289
472 289
472 288
472 281
467 261
459 250
445 243
431 244
399 269
379 302
373 347
387 384
414 402
440 403
468 386
481 362
477 331
453 309
443 305
433 301
401 300
382 303
366 323
353 355
346 397
354 422
394 460
445 479
508 488
540 469
560 435
566 386
559 322
521 248
508 233
474 214
456 210
413 208
380 213
317 232
293 252
278 279
261 321
252 364
259 382
299 407
311 412
356 418
411 416
434 416
459 412
