260 215
260 215
260 215
260 215
260 215
260 215
260 215
261 218
257 236
250 245
240 253
232 255
224 255
214 256
208 255
190 248
175 234
159 218
151 209
122 165
106 139
106 137
106 134
106 132
109 129
117 124
123 113
125 107
128 102
130 98
130 88
127 84
117 80
102 76
87 71
82 69
80 68
75 68
63 68
60 71
56 73
48 83
44 97
40 126
43 141
49 152
58 169
71 187
84 203
92 213
96 219
105 234
110 244
112 250
114 271
113 282
112 285
108 303
105 323
103 335
103 344
100 354
98 357
93 368
92 383
93 393
95 402
98 414
100 417
109 427
119 432
122 433
135 435
149 432
159 426
167 419
175 415
178 412
180 402
181 397
182 394
182 389
184 386
190 375
202 371
219 365
221 364
231 365
240 370
252 376
254 378
258 378
267 381
277 381
281 376
292 371
302 368
308 368
317 368
345 386
350 394
356 412
356 416
356 431
359 436
360 440
360 441
353 445
344 448
314 458
309 460
299 467
288 481
286 486
284 497
283 519
288 529
291 534
295 546
301 563
302 569
301 574
293 581
282 585
267 590
264 591
239 597
236 600
235 603
232 611
232 620
235 627
240 640
247 648
257 658
263 665
276 676
280 679
290 683
303 688
315 692
323 695
339 696
385 690
400 684
401 680
407 668
407 649
404 644
390 619
381 600
373 593
358 581
346 570
336 564
319 555
308 549
299 540
288 527
284 518
279 500
279 490
282 478
288 470
293 466
301 463
314 463
350 469
380 484
391 491
398 496
412 507
420 513
452 524
456 525
472 530
484 533
491 535
491 536
493 540
491 543
484 547
450 563
441 568
429 577
426 586
427 598
435 611
441 621
445 633
449 647
457 661
466 676
471 685
474 692
476 698
473 701
469 702
460 706
449 709
435 714
418 722
384 732
373 734
356 737
339 737
330 735
305 729
276 723
257 723
235 731
232 733
229 735
225 738
223 739
217 739
203 735
199 732
197 728
197 725
198 718
201 709
203 704
208 692
214 680
225 672
232 668
246 666
262 668
269 671
286 683
294 688
302 696
314 708
320 714
326 722
335 732
344 739
354 748
359 751
371 754
383 753
391 749
412 737
430 716
432 714
438 710
453 702
470 691
476 687
490 681
523 673
539 670
550 669
555 666
567 655
587 633
596 617
600 603
601 595
601 590
601 563
595 525
588 502
574 481
569 474
567 470
559 463
544 444
530 427
524 419
520 412
515 403
506 391
500 374
498 367
493 346
490 331
489 322
489 306
488 291
489 284
493 279
497 274
504 263
509 254
516 241
521 237
524 232
526 228
527 225
531 212
535 198
536 185
539 169
537 157
536 149
536 142
541 124
545 121
553 115
557 113
560 113
563 112
570 112
571 113
577 121
592 149
595 155
603 178
605 184
608 196
609 212
597 237
594 242
589 260
588 273
589 280
598 299
605 312
610 325
617 333
634 354
636 361
638 370
636 383
630 389
609 405
591 419
565 431
550 436
535 446
528 456
524 465
521 473
515 492
513 501
510 510
506 521
502 525
491 527
472 527
440 525
415 520
399 516
391 513
386 511
371 501
354 484
345 473
341 468
333 456
315 431
312 420
305 369
304 361
304 358
307 356
317 352
329 345
342 341
346 339
352 336
366 329
375 321
381 311
386 301
390 285
392 277
395 268
399 254
398 221
398 215
399 210
407 211
433 224
452 232
479 248
497 266
503 275
505 277
502 288
494 298
485 305
474 316
463 329
455 344
452 352
445 392
445 404
453 424
460 432
472 447
478 458
481 460
484 464
487 473
486 497
484 501
474 513
466 521
459 528
446 542
436 559
432 573
432 579
435 593
438 608
446 635
452 649
456 663
462 676
476 691
489 702
495 704
508 709
522 715
542 724
556 728
574 731
584 733
601 733
608 730
617 719
628 703
632 695
640 676
646 652
649 609
642 565
640 562
635 557
620 542
597 526
595 525
593 525
592 525
586 537
577 571
574 578
570 588
567 592
561 601
542 633
540 642
540 654
539 668
531 681
525 686
514 691
493 694
482 693
452 678
421 660
392 638
383 630
361 605
332 558
317 540
316 539
316 538
315 538
315 538
314 536
311 530
308 518
297 487
293 470
279 428
278 422
278 417
278 402
273 380
269 359
267 343
258 299
257 280
285 265
298 261
314 259
335 259
374 258
388 256
396 254
402 254
410 255
419 263
439 279
447 285
459 292
463 298
464 305
458 316
434 328
402 345
391 354
388 360
388 369
390 375
398 398
398 402
395 428
389 452
386 464
385 483
408 525
432 557
447 568
464 578
471 580
482 581
489 581
505 569
513 540
513 532
506 516
497 500
493 491
473 464
462 451
454 444
450 439
444 422
441 397
449 370
459 358
481 334
488 326
503 311
509 307
518 305
533 303
547 300
559 299
571 304
589 318
602 332
612 348
615 375
617 396
611 407
602 417
590 424
573 432
547 444
531 458
524 471
522 487
522 500
526 530
529 549
537 562
544 568
566 595
575 606
579 616
586 624
591 626
598 626
614 608
627 591
642 565
642 552
635 535
622 517
603 478
593 463
592 459
592 457
592 456
602 450
619 438
639 411
657 360
664 299
661 279
647 244
641 230
639 222
626 197
606 167
601 155
598 150
597 148
597 148
597 148
599 148
609 148
626 149
639 149
643 151
644 152
644 152
644 152
643 156
627 176
604 209
592 241
597 275
607 293
625 313
638 329
654 350
659 361
660 364
661 376
654 386
636 402
630 407
623 418
621 435
627 447
636 460
644 470
647 476
651 486
653 495
654 507
645 525
644 528
629 543
606 560
596 572
587 580
571 600
567 609
563 610
542 616
470 622
435 618
402 608
317 562
297 532
285 515
272 498
245 458
211 408
207 397
204 393
202 391
199 385
198 383
196 365
202 336
220 311
279 281
329 280
341 282
357 296
359 302
361 323
357 354
355 362
346 383
339 395
332 418
331 440
339 471
360 500
376 517
391 532
412 550
427 561
449 572
465 573
474 570
500 550
518 534
529 513
528 490
521 461
503 428
480 402
470 386
466 377
463 372
462 371
462 369
480 343
492 317
504 290
518 265
527 255
544 238
553 230
569 215
578 199
580 186
577 172
560 159
530 140
509 132
502 130
500 130
498 130
495 136
501 163
505 168
516 182
541 219
559 242
577 267
578 292
575 308
577 352
581 403
584 414
589 437
594 461
606 489
612 496
627 514
640 527
644 537
646 543
649 559
649 568
620 589
558 597
521 598
503 598
493 596
476 589
463 579
444 557
413 514
396 487
388 475
377 456
371 448
369 445
361 439
338 429
318 426
277 423
254 429
229 444
209 469
205 494
205 508
209 530
225 554
239 572
255 592
258 601
260 613
254 627
239 635
229 643
209 658
207 662
201 676
196 693
192 715
191 729
192 737
190 747
176 752
158 752
136 746
123 742
110 737
85 719
67 699
50 670
44 645
44 633
46 606
55 588
61 582
75 572
93 562
110 556
120 551
144 528
160 507
169 478
169 446
153 401
147 393
126 360
115 345
110 336
94 305
91 295
88 273
88 264
91 243
96 224
108 192
114 184
124 171
146 163
154 159
167 155
178 151
189 146
195 140
199 132
198 122
186 106
183 103
177 99
166 91
158 85
150 80
147 78
142 78
125 78
122 78
118 82
114 100
114 116
125 148
141 174
158 199
195 243
214 261
230 280
256 315
275 342
278 355
281 378
276 401
266 416
235 453
224 465
215 480
212 492
206 521
205 542
216 584
227 600
259 632
282 650
293 658
309 668
356 682
368 683
411 682
426 665
456 637
470 622
479 605
490 587
500 576
502 574
509 570
519 562
535 545
547 533
558 520
564 512
572 504
582 494
593 473
596 458
601 430
599 411
595 404
589 393
587 390
566 348
558 319
555 310
555 310
555 310
555 310
555 310
546 315
495 338
478 346
459 354
425 360
409 367
378 378
349 392
332 401
330 401
328 404
324 415
324 423
344 447
358 463
363 472
363 475
352 480
325 490
311 503
307 510
297 533
289 552
286 569
284 582
285 609
291 637
296 660
301 687
302 692
300 699
288 703
277 704
262 705
251 705
212 697
176 680
142 657
129 641
124 629
121 618
109 597
103 581
102 578
101 576
97 568
93 556
89 544
88 530
93 499
101 485
106 484
118 487
125 491
143 504
175 520
194 526
196 527
201 531
222 552
245 576
260 589
296 617
338 644
346 649
350 652
376 675
402 708
408 713
411 713
416 713
419 713
428 709
436 699
442 681
442 662
444 656
448 646
453 641
460 637
488 646
506 655
527 667
544 684
560 694
564 696
565 696
569 697
578 698
592 696
604 690
607 686
630 661
637 654
641 648
645 643
652 635
657 632
662 629
665 626
670 609
672 595
666 566
659 558
654 551
630 530
623 526
602 516
595 515
592 515
561 547
510 609
471 664
464 676
455 687
435 696
426 698
417 699
410 699
369 692
336 683
278 641
264 633
223 613
203 603
196 600
195 599
191 597
171 615
158 642
146 661
140 666
135 668
134 668
126 668
119 667
117 666
117 666
116 679
127 713
133 719
145 726
160 731
191 732
280 719
312 711
340 700
352 686
362 670
370 658
371 656
370 654
360 644
344 624
302 582
276 562
256 545
223 526
209 522
191 517
183 514
179 511
168 498
157 479
156 458
156 452
165 437
168 434
171 431
171 428
167 415
158 394
153 383
152 371
158 341
164 323
168 311
171 308
174 307
179 307
188 311
197 318
219 351
231 382
235 397
244 423
251 432
266 445
270 449
279 457
296 473
306 481
315 491
317 493
321 496
334 503
348 504
360 504
386 482
404 438
408 420
413 401
415 390
417 382
420 375
420 375
420 375
425 377
454 400
463 408
479 424
498 447
507 460
518 480
539 531
558 555
575 574
577 575
579 576
580 577
582 577
583 577
601 564
620 524
623 515
628 468
630 447
630 424
629 403
627 391
620 371
619 368
614 364
612 363
589 355
562 350
531 346
520 346
482 354
473 361
468 374
464 386
464 387
459 384
454 381
424 365
385 338
327 305
250 265
233 258
215 248
194 234
181 227
174 221
171 215
162 203
158 193
178 184
191 181
201 180
227 178
256 176
302 176
321 176
334 178
347 181
352 183
358 187
369 200
380 221
386 243
392 285
387 302
385 309
383 319
384 331
393 366
396 377
399 387
412 410
421 415
440 417
451 416
486 381
494 366
501 344
507 323
511 306
512 285
513 276
514 263
514 250
514 241
513 238
514 230
516 223
523 204
534 190
542 181
546 178
561 164
564 162
590 158
626 164
671 180
679 186
689 202
695 216
696 226
695 233
680 242
673 246
655 260
648 267
640 280
635 291
634 308
636 323
640 339
645 354
647 362
646 383
640 397
635 405
623 417
613 426
601 435
584 448
576 458
571 466
568 475
568 489
573 505
579 525
582 536
581 550
580 558
577 570
568 583
546 600
505 622
463 633
400 651
378 658
353 662
342 661
293 637
258 611
247 602
241 594
226 574
204 532
199 518
196 511
181 482
170 437
170 426
174 417
177 414
181 412
188 415
209 432
251 464
254 467
256 472
256 475
255 483
242 497
223 508
215 517
200 531
191 539
186 546
186 548
187 554
196 561
207 568
212 571
216 577
221 585
227 589
238 594
247 598
260 602
269 605
269 605
269 605
269 605
269 605
267 608
260 610
240 618
220 626
210 631
196 640
188 648
182 655
179 659
176 667
177 676
181 680
187 686
196 690
210 694
215 696
247 703
255 704
259 705
268 707
269 707
270 707
270 707
270 707
270 707
270 708
267 715
263 721
254 727
245 735
241 743
240 753
240 754
242 757
250 761
258 763
262 764
268 764
280 763
287 758
289 755
289 754
293 750
297 749
299 749
313 749
324 746
326 745
328 743
329 742
333 739
341 737
353 737
360 739
366 741
377 745
383 747
393 748
405 748
412 748
421 747
423 747
425 747
428 745
431 742
435 737
435 736
436 733
439 731
440 730
440 730
442 730
449 733
462 737
470 737
473 737
478 735
485 732
487 726
487 723
486 719
486 718
486 715
486 713
489 713
496 710
496 709
500 704
504 692
506 689
506 688
506 680
503 666
500 663
500 661
497 658
493 654
491 652
491 652
491 652
491 652
491 652
491 652
491 644
489 635
484 621
476 608
468 600
463 598
463 597
462 596
459 593
458 593
458 593
458 593
458 593
458 593
458 593
456 592
453 591
442 587
430 583
423 581
418 578
413 576
404 573
388 566
383 564
379 562
371 554
369 550
362 537
359 525
357 512
357 506
357 503
361 497
364 496
367 496
370 495
373 494
379 493
389 492
396 490
398 489
402 487
404 485
406 483
407 481
411 472
412 463
413 453
414 450
415 441
415 441
415 441
415 438
416 436
416 431
412 425
408 418
405 415
403 413
400 409
397 406
395 405
389 403
389 402
387 401
387 401
387 401
384 399
378 398
374 396
371 395
369 394
365 391
361 388
358 386
354 382
352 381
350 378
350 378
350 377
350 373
352 371
354 369
358 365
361 363
363 362
366 360
369 360
373 359
393 354
409 349
429 345
445 340
459 338
469 334
472 331
475 328
476 327
480 323
481 321
482 317
481 312
478 308
473 305
470 302
466 300
457 298
451 295
443 291
434 289
419 286
410 283
402 278
394 276
379 269
368 265
349 256
341 250
328 240
318 231
302 223
294 219
288 214
280 204
273 195
270 192
270 190
268 186
268 184
270 183
285 181
299 178
316 178
335 187
348 202
352 244
351 248
337 267
320 283
304 300
298 307
293 322
290 345
291 360
294 373
294 383
292 400
289 410
269 430
209 460
196 466
190 467
175 474
175 474
175 474
175 475
179 477
205 478
216 478
254 477
328 477
373 474
386 473
386 473
386 473
382 469
369 464
341 454
310 432
302 423
281 402
263 379
237 350
222 330
221 326
220 322
220 320
225 318
247 317
255 319
259 329
260 349
260 374
258 404
254 437
250 451
246 460
245 463
244 485
244 498
245 513
248 522
252 545
252 554
245 571
234 586
229 597
224 617
224 622
225 625
249 617
277 602
317 578
335 554
343 540
346 531
349 519
361 497
396 479
463 473
483 473
541 467
549 466
549 464
549 454
550 444
552 416
545 374
541 357
541 341
538 323
523 303
485 279
458 265
431 254
415 251
410 252
408 259
425 321
443 339
461 357
477 378
473 401
465 416
440 447
433 461
429 468
434 514
448 538
487 578
492 583
496 587
537 572
583 474
582 458
582 457
