277 251
277 251
277 251
277 251
277 251
277 251
277 251
277 251
306 303
329 344
345 375
358 391
382 412
399 423
405 449
406 536
402 565
390 594
381 605
374 609
364 611
338 612
306 595
283 580
238 535
232 522
227 500
226 497
232 494
243 492
263 493
303 512
388 563
417 586
445 601
465 610
473 613
488 616
510 615
524 611
532 608
534 607
534 606
534 606
534 606
534 606
534 606
534 606
534 606
531 583
528 564
524 549
522 541
519 536
517 534
513 530
512 530
512 530
512 530
512 530
501 532
488 543
460 576
453 620
448 633
436 670
435 687
435 689
433 694
432 695
432 695
434 691
439 666
449 631
457 548
453 514
442 461
439 441
436 430
433 423
420 393
420 393
379 359
371 351
370 349
370 349
370 349
360 348
330 358
299 372
276 395
273 407
261 429
257 438
258 453
256 486
252 495
253 500
253 505
242 520
215 550
165 606
145 628
142 632
137 635
137 635
137 636
135 637
136 648
147 683
153 703
163 716
174 729
184 730
212 720
245 684
258 659
269 632
277 609
294 579
321 536
328 521
340 494
356 465
357 462
361 449
363 438
366 429
370 412
376 403
383 385
388 371
394 356
394 354
394 353
394 353
394 353
394 353
395 381
393 416
393 443
395 473
393 493
390 510
387 523
382 551
382 559
383 572
389 586
403 611
418 630
429 643
429 644
429 644
429 644
436 631
450 591
469 506
469 470
463 441
460 429
459 423
456 413
451 398
439 378
424 353
411 338
401 328
393 323
380 312
355 296
290 290
268 290
266 290
261 291
233 297
216 303
198 313
190 321
185 332
182 357
180 385
187 422
196 444
220 475
227 483
244 508
249 517
252 528
256 543
262 555
266 572
268 577
269 580
271 584
273 589
285 607
304 626
336 638
354 640
385 642
404 637
430 618
441 555
438 488
435 474
431 450
427 403
427 360
427 343
431 317
432 307
436 301
438 299
441 297
463 296
505 314
538 330
569 351
577 361
582 380
583 409
570 456
561 473
545 503
539 534
541 558
543 574
547 595
560 621
573 635
590 653
596 659
604 667
606 671
610 675
610 677
607 682
596 685
551 695
497 698
411 706
363 709
324 709
308 709
274 713
232 719
182 722
140 722
61 722
48 722
47 722
50 716
74 673
92 638
142 582
169 550
187 533
202 519
224 502
235 494
293 463
323 445
367 415
381 400
393 382
399 372
404 365
406 351
398 342
379 325
338 306
273 284
242 278
191 271
146 270
129 277
106 295
102 316
104 333
123 382
133 426
133 443
131 478
123 511
117 522
92 546
87 548
86 549
81 558
85 583
94 600
111 626
132 650
145 664
151 675
162 686
174 693
198 690
238 676
292 645
330 629
381 606
406 581
429 531
435 490
436 449
434 437
427 425
388 394
357 379
337 374
313 371
271 368
250 376
245 388
241 418
275 461
313 496
371 575
377 609
382 643
388 671
399 700
410 717
420 721
447 724
470 717
487 707
517 674
535 647
551 609
557 570
562 527
565 483
571 434
569 397
560 364
553 318
553 310
553 284
553 270
555 252
567 230
574 215
578 206
582 197
584 194
586 192
589 188
604 183
614 182
645 189
676 209
710 257
724 296
725 339
721 363
714 411
710 435
706 455
704 466
700 488
700 514
706 557
708 573
714 606
714 643
715 647
718 661
720 670
720 686
719 695
716 707
714 709
714 709
709 709
690 700
653 670
590 611
523 537
499 498
480 462
454 420
413 376
396 352
372 318
351 292
330 266
320 256
304 241
288 226
272 219
257 222
215 250
168 314
164 351
170 406
177 456
181 492
181 523
175 557
174 565
164 597
156 607
134 628
127 628
116 625
111 620
75 530
70 485
81 425
98 387
121 352
141 334
154 329
176 330
191 337
239 376
249 395
253 471
251 506
250 570
255 582
277 626
286 636
298 640
313 636
346 601
368 571
382 544
387 526
389 494
374 469
362 465
352 465
316 471
294 488
293 499
296 507
306 515
312 518
332 513
358 478
365 450
369 430
372 416
375 403
391 358
400 332
411 301
415 283
421 271
437 250
444 244
457 231
469 216
470 202
457 187
446 180
429 177
405 174
360 174
349 179
335 197
347 218
362 232
372 247
379 259
383 291
372 331
353 372
346 389
339 411
337 424
335 434
349 471
374 511
395 538
396 544
396 547
377 567
348 576
324 577
312 568
282 526
275 505
287 486
320 472
353 469
379 465
392 462
396 460
407 456
417 447
423 441
432 432
447 412
461 385
474 343
480 309
481 285
477 277
475 276
453 272
450 272
444 285
442 294
451 313
461 322
477 331
482 332
497 334
503 332
521 309
530 287
537 244
537 221
533 194
527 178
527 177
527 177
527 177
527 177
527 177
528 179
529 181
545 177
556 158
557 148
556 134
553 127
544 114
535 106
532 105
524 102
515 99
508 99
504 109
509 146
528 162
556 168
562 167
563 167
563 166
552 168
512 197
478 228
430 282
394 319
381 342
377 360
372 389
372 439
372 455
383 483
411 509
421 512
435 505
449 490
463 476
473 466
474 463
474 462
460 461
432 465
391 484
373 499
352 532
341 558
337 591
337 595
337 607
338 623
342 644
347 663
347 665
349 673
349 678
337 683
308 683
299 683
226 647
184 605
162 577
147 532
164 492
175 479
193 464
201 460
219 455
232 454
247 456
266 463
275 466
296 467
309 464
348 451
376 438
392 425
406 399
412 359
405 335
394 320
387 314
381 312
373 312
342 311
333 311
330 311
327 316
325 330
333 365
343 380
369 412
377 432
380 460
379 478
376 491
357 516
337 531
315 541
289 544
271 539
253 521
241 496
241 489
245 481
256 475
265 472
280 470
300 469
335 469
373 473
386 473
418 474
427 474
439 474
448 472
466 466
483 457
503 442
510 432
518 418
523 409
528 378
531 361
528 351
525 348
520 346
515 345
502 341
477 336
456 334
450 334
428 332
411 333
397 340
391 345
384 359
379 370
376 376
373 393
373 406
373 427
377 441
389 462
400 476
427 513
446 542
461 569
472 585
486 609
493 629
493 638
493 640
491 645
470 653
398 669
348 679
309 682
284 680
245 667
221 658
189 636
179 621
176 612
171 588
180 559
192 529
198 515
202 500
204 474
200 434
197 428
188 415
175 400
157 379
137 353
128 336
125 326
122 318
121 316
122 313
132 310
181 292
188 288
207 277
223 263
235 252
251 247
267 245
318 240
361 234
383 233
416 230
434 228
452 225
469 226
500 227
526 230
566 231
605 233
615 236
616 236
616 241
600 255
584 263
564 275
538 289
486 305
425 325
384 343
362 355
346 363
320 380
300 393
285 405
270 414
254 424
236 441
224 453
216 460
213 467
204 487
201 498
193 515
191 520
189 528
189 534
190 536
208 536
230 533
304 515
343 503
374 491
383 487
412 479
449 475
500 468
561 446
606 430
610 427
610 426
615 418
616 409
606 368
584 333
558 308
517 284
488 279
459 272
441 267
419 260
402 251
398 249
384 242
363 229
355 222
354 222
353 222
353 222
353 222
