487 281
487 281
487 281
487 281
487 281
494 282
518 276
523 268
522 247
515 237
486 223
454 217
437 223
392 283
367 353
381 368
419 378
443 382
444 382
444 382
444 384
430 406
408 441
401 472
416 515
434 531
459 547
478 561
486 567
503 572
513 575
525 571
527 562
537 513
538 482
546 407
549 378
537 348
520 332
502 327
500 327
502 337
513 343
535 345
557 329
571 292
572 248
563 227
563 226
563 226
563 226
606 245
635 258
643 267
643 271
639 279
617 308
588 350
581 367
580 389
599 433
614 468
623 487
634 519
634 536
623 562
612 585
609 593
604 616
606 629
629 664
636 676
638 683
635 697
632 698
624 702
594 704
553 700
472 650
416 610
391 587
375 563
362 527
352 492
346 472
343 453
342 448
344 444
369 439
408 433
453 426
473 417
492 398
490 360
488 355
488 353
488 352
488 352
488 352
488 352
489 352
497 351
505 337
506 306
497 277
488 264
485 262
467 261
445 264
397 266
386 265
380 265
368 265
364 271
364 290
369 332
369 347
366 360
365 370
365 376
365 385
362 394
354 410
347 442
346 492
343 550
334 565
315 592
306 597
299 600
288 602
278 601
261 585
239 543
220 490
208 456
196 426
190 414
183 391
181 384
181 384
181 384
181 384
181 393
182 406
171 468
160 519
158 553
161 559
173 560
186 554
223 536
271 499
289 467
291 455
292 448
292 448
292 448
292 451
292 481
291 490
291 494
292 495
299 492
318 477
336 471
369 469
377 469
408 482
436 500
440 504
440 505
440 505
440 505
440 505
440 505
440 505
440 505
440 505
440 503
440 499
443 489
457 474
468 459
476 444
476 444
453 513
449 535
442 559
430 575
429 575
429 575
429 567
429 533
427 517
425 505
425 503
425 502
423 501
423 501
423 501
423 501
423 501
423 501
423 501
423 501
423 501
423 501
423 501
423 501
423 501
423 501
423 501
423 501
423 501
423 500
426 490
429 455
425 413
418 407
392 435
357 496
316 606
313 631
313 632
313 632
318 629
322 620
322 585
321 543
306 517
295 513
286 513
276 518
273 526
270 536
269 539
269 539
269 539
269 539
269 539
269 536
269 526
269 516
269 516
269 516
269 516
269 516
269 516
269 516
269 516
269 516
269 516
268 516
268 516
267 516
267 516
267 516
267 516
267 516
267 516
267 516
267 516
267 516
267 516
267 516
278 507
294 496
314 478
335 449
340 438
342 424
342 424
338 416
328 424
317 451
303 508
303 523
307 525
310 525
332 509
342 490
351 469
352 463
352 460
352 460
352 460
351 460
350 460
349 460
349 460
349 460
349 460
349 460
349 460
349 460
349 460
349 460
349 460
349 460
349 460
349 460
349 460
349 460
349 460
349 460
349 460
349 460
349 460
349 460
349 460
349 460
349 460
349 459
349 454
349 447
347 433
347 432
347 431
347 431
347 431
347 431
347 431
347 431
347 431
347 431
347 431
347 431
347 431
347 431
347 431
347 431
347 431
347 431
347 431
347 431
347 431
347 431
347 431
347 431
347 431
347 431
347 431
347 431
347 431
347 431
347 431
347 431
354 424
369 417
375 415
378 414
381 415
381 452
359 521
353 541
352 548
352 548
352 548
355 546
359 542
373 527
389 502
394 491
403 471
403 471
403 471
403 471
402 480
398 498
395 523
395 536
396 543
396 545
396 545
396 545
396 545
396 545
399 535
410 516
423 504
445 490
468 486
480 486
487 496
488 512
488 516
488 518
488 518
488 518
488 518
488 518
488 518
488 518
488 518
488 518
488 518
488 518
488 518
488 518
488 518
488 518
488 518
488 518
488 518
488 518
488 518
488 518
490 551
487 623
487 629
493 631
524 634
594 620
625 602
642 560
634 505
623 479
596 432
593 428
574 417
552 416
532 458
526 532
526 554
524 560
524 560
524 560
524 560
498 474
477 413
459 371
442 346
439 342
436 340
420 337
415 342
410 357
410 363
411 372
412 373
412 373
412 373
412 373
412 373
412 373
412 370
410 358
409 353
409 353
409 353
409 355
419 376
435 394
448 402
456 403
461 389
460 373
447 348
412 318
398 317
354 343
325 384
306 412
301 428
301 436
303 442
306 444
308 444
325 435
358 404
367 392
380 377
395 369
404 369
429 406
432 410
432 410
432 410
432 410
432 410
424 396
366 343
349 333
302 343
283 387
293 452
295 453
322 411
335 350
322 290
316 267
262 436
268 420
270 410
268 341
238 300
180 273
169 272
153 307
146 436
146 489
151 586
162 628
170 638
174 642
174 643
174 643
184 605
189 582
211 507
227 476
246 449
280 403
291 384
324 337
334 325
343 316
345 315
345 314
342 336
321 459
322 504
335 576
365 581
395 548
452 439
463 403
480 332
482 308
482 303
482 303
483 308
478 428
473 504
474 556
478 566
481 566
491 556
525 459
536 409
540 361
546 312
549 296
550 286
550 283
550 283
548 309
543 371
543 438
543 452
545 459
546 459
546 459
546 459
546 459
546 459
546 459
546 459
546 459
546 459
546 459
546 459
546 459
546 459
546 459
546 459
546 459
546 459
546 459
546 459
546 459
546 459
547 459
559 446
565 436
571 430
573 426
574 421
574 421
573 421
562 428
537 480
530 510
527 540
527 543
533 543
545 537
565 499
568 479
572 442
575 424
576 418
576 418
576 418
576 418
562 502
558 518
543 553
538 562
531 574
529 577
529 578
528 578
525 577
522 575
520 573
520 567
526 548
545 524
545 524
560 510
565 500
569 485
570 481
570 477
570 477
567 479
539 521
529 537
522 546
522 547
521 547
521 547
521 547
520 547
518 547
508 540
507 538
507 530
507 502
507 444
508 430
510 418
510 403
510 402
510 400
510 400
510 400
510 400
501 404
491 415
463 443
457 449
452 455
445 459
440 460
433 430
428 401
428 399
428 398
424 408
395 474
370 525
355 552
355 552
355 552
359 546
376 509
389 473
396 440
400 420
401 419
401 419
401 418
402 420
416 438
446 462
466 477
473 481
478 483
497 461
497 461
504 433
500 382
479 328
456 290
445 277
411 249
384 233
352 221
330 216
304 213
273 210
263 215
259 262
266 298
296 375
300 384
328 405
334 406
346 406
362 399
379 386
389 376
400 362
408 347
408 339
399 338
385 345
374 352
371 354
370 355
369 355
368 355
368 356
368 356
368 356
368 356
