279 300
279 300
279 330
280 355
279 387
279 395
272 456
273 490
276 549
284 580
293 604
294 605
294 605
298 605
306 584
332 525
347 479
350 456
359 412
365 388
374 351
377 341
378 338
382 332
384 330
384 330
392 337
416 370
434 403
447 428
456 450
467 476
475 497
480 510
487 534
493 542
494 544
497 546
507 544
531 510
551 425
548 375
545 342
545 319
546 307
550 297
551 296
554 299
583 352
608 408
625 463
636 517
640 549
644 575
650 612
651 616
655 627
655 629
655 629
659 626
662 614
669 531
662 479
656 444
632 385
619 354
605 335
590 327
577 324
549 321
534 322
523 329
512 344
499 383
489 437
478 507
472 537
471 545
461 591
457 607
446 630
437 640
432 641
410 624
389 593
352 524
340 498
321 441
306 388
299 362
287 331
284 327
281 327
278 327
276 327
270 334
251 383
238 426
231 462
226 489
220 543
217 563
211 585
206 592
205 593
205 593
202 593
189 589
176 582
155 565
137 535
133 522
120 485
114 430
110 372
110 365
112 350
115 341
131 323
155 316
188 316
238 315
274 312
326 310
389 309
409 306
418 302
421 290
420 288
414 286
380 283
346 289
326 299
288 331
269 350
250 384
248 393
247 410
250 420
253 423
262 430
299 447
357 460
398 467
427 469
509 485
527 495
533 500
534 505
529 515
508 530
456 553
407 572
365 589
340 599
308 612
285 620
272 626
271 628
268 629
267 631
267 631
267 631
268 633
307 646
367 651
412 653
430 653
456 653
495 656
518 659
521 659
522 659
522 659
522 661
514 666
492 680
461 698
436 711
428 715
390 730
365 739
335 753
321 761
296 773
279 781
276 784
276 786
277 790
277 790
277 790
277 790
277 790
277 790
277 790
277 790
277 790
277 790
277 790
277 790
277 790
277 790
277 790
630 783
636 744
640 686
640 672
637 654
617 640
608 634
589 618
575 608
556 599
542 588
490 519
465 468
442 420
434 403
422 373
412 351
400 333
394 320
383 303
377 292
373 284
372 282
371 280
369 275
365 269
349 253
323 230
285 200
251 179
250 177
250 177
250 177
250 177
250 177
250 177
250 177
263 197
277 221
297 254
314 296
323 337
327 372
328 410
322 459
321 486
321 508
321 526
315 544
308 558
305 566
294 592
292 601
291 614
292 631
295 636
314 642
344 646
398 649
438 644
478 637
513 626
518 624
519 624
519 624
519 625
517 628
511 630
501 639
488 650
462 658
431 670
401 677
374 695
362 702
339 727
333 742
330 759
327 774
328 790
330 798
330 798
330 798
330 798
330 798
330 798
393 795
433 786
509 757
530 749
555 736
582 714
591 700
596 689
594 660
585 643
575 627
571 622
569 620
566 617
562 609
557 597
552 576
546 564
544 558
539 546
534 539
527 531
520 520
517 509
509 473
497 446
481 419
472 404
460 392
444 372
426 353
422 348
411 338
401 328
393 319
389 313
380 301
378 299
375 296
364 284
354 274
351 267
347 255
346 242
346 238
361 221
371 214
391 205
401 202
412 200
420 199
429 200
447 217
449 222
451 235
448 247
440 277
422 339
403 392
381 451
362 497
345 548
324 610
307 677
307 706
307 717
314 761
323 795
323 795
323 795
323 795
323 795
323 795
323 795
323 795
323 795
323 795
323 795
323 795
323 795
323 795
323 795
579 745
583 727
588 697
588 656
586 646
575 611
565 583
556 569
548 548
545 536
541 519
536 496
526 469
519 453
511 438
499 422
491 409
486 402
483 396
482 396
482 396
481 395
473 387
463 375
446 360
427 345
404 328
387 317
351 293
342 287
341 286
338 284
336 283
327 281
323 280
320 280
317 280
314 280
309 286
301 297
292 310
287 319
272 348
262 375
254 419
251 435
250 456
250 476
252 500
255 517
257 528
262 553
267 562
289 587
297 594
315 601
328 605
337 606
347 608
365 608
394 608
410 607
437 602
462 590
487 576
497 570
518 556
529 543
536 528
538 496
535 464
534 458
533 446
533 435
535 422
536 419
543 398
544 370
541 358
541 358
533 352
514 342
505 338
500 337
490 336
471 335
449 337
423 341
402 347
387 354
369 367
359 377
348 387
330 405
318 419
305 446
296 483
292 507
290 525
305 554
313 566
316 573
322 582
332 592
341 600
346 607
361 627
375 647
383 662
393 685
397 710
400 718
405 736
407 745
411 759
415 768
417 772
420 780
423 787
431 795
431 795
431 795
431 795
431 795
431 795
431 795
431 795
431 795
431 795
431 795
431 795
431 795
431 795
545 794
558 778
571 758
582 741
590 730
597 707
603 676
604 670
605 660
606 658
607 651
608 641
608 637
605 624
600 611
598 604
592 590
586 584
574 571
561 561
548 551
535 543
521 535
514 533
488 527
473 523
465 520
452 517
438 512
430 509
417 504
408 502
403 499
398 495
398 495
388 487
383 482
376 470
372 464
362 441
360 430
359 421
360 405
361 398
363 390
366 382
370 374
377 367
382 361
384 359
394 353
403 349
405 348
410 347
414 346
418 345
421 344
437 343
449 343
472 345
501 353
521 368
529 377
542 396
544 404
549 442
553 473
553 486
550 502
547 512
544 517
538 520
507 527
483 532
473 535
466 536
461 541
459 546
459 558
462 567
462 570
460 571
416 568
353 532
337 518
321 495
302 465
290 443
282 424
274 404
269 383
268 366
268 360
270 347
272 342
287 323
297 314
309 305
325 295
339 290
385 282
413 279
437 275
453 273
476 266
492 261
499 260
501 260
529 272
554 293
563 303
567 316
567 329
553 342
541 344
499 353
482 360
446 372
403 391
379 397
349 404
329 410
321 412
288 427
280 432
271 445
268 454
266 464
267 476
276 487
299 494
307 494
339 491
401 485
423 482
455 471
475 457
485 440
488 417
488 407
478 383
465 365
453 350
443 337
437 326
423 304
409 286
392 270
382 261
379 259
365 251
360 249
355 247
341 247
334 247
319 255
304 266
288 286
284 291
269 315
253 348
236 382
227 405
210 439
197 461
194 469
184 491
180 500
175 509
165 522
160 525
147 530
138 531
122 517
115 504
110 470
108 443
108 409
112 384
120 371
138 351
143 347
155 344
157 344
175 349
202 366
211 374
224 391
243 419
263 445
272 451
288 465
303 476
324 495
334 506
355 528
369 542
381 555
391 565
404 578
419 588
428 594
431 594
435 594
440 594
453 590
465 585
483 571
493 562
513 533
525 499
530 462
530 425
526 394
520 368
515 338
514 335
514 333
514 331
514 325
519 310
519 289
510 272
477 232
438 193
408 170
393 160
380 154
368 151
314 177
312 185
307 225
303 256
300 272
289 312
279 342
268 366
250 411
248 419
237 456
231 474
231 474
221 495
215 514
209 532
207 540
204 553
198 570
194 580
190 589
185 599
181 611
177 621
174 638
175 671
180 681
187 689
198 693
212 694
228 692
259 672
271 662
289 644
299 632
333 587
358 553
380 525
388 515
400 500
411 485
425 466
445 442
449 436
453 422
457 409
466 398
478 392
482 390
489 390
498 393
538 428
557 452
562 465
568 496
572 510
576 533
582 561
585 577
585 587
583 596
583 600
580 613
580 615
586 618
592 618
602 620
631 611
654 591
664 574
666 539
664 527
631 456
591 389
581 373
555 343
541 332
523 320
516 316
503 313
472 306
440 301
430 301
421 301
399 303
376 308
363 310
351 313
333 317
326 317
316 317
308 317
306 317
305 317
305 317
305 317
304 317
304 317
