97.5 76.4
96.0 75.3
96.3 75.5
96.5 75.6
96.6 75.7
96.7 78.4
97.7 84.3
106.3 93.2
119.5 100.2
142.3 104.7
160.1 104.4
170.7 99.2
172.2 93.4
158.6 88.0
141.2 88.7
129.6 96.5
135.2 115.4
142.8 133.9
148.5 152.5
147.9 169.8
138.4 187.2
119.9 202.3
97.7 212.5
71.4 211.5
51.3 204.2
50.8 192.5
72.2 185.6
109.0 196.6
136.7 213.9
155.8 229.7
169.1 241.5
189.2 246.1
216.3 242.5
243.6 231.0
264.6 207.8
276.6 181.2
275.1 161.7
268.9 154.2
274.1 157.6
284.9 166.5
295.4 176.4
302.2 184.6
302.9 183.2
299.6 172.1
294.7 157.6
286.5 144.1
277.4 134.8
271.0 134.4
276.7 140.6
286.5 149.8
291.7 162.9
287.3 174.8
274.4 185.4
263.3 195.6
255.8 205.2
252.1 214.5
249.2 222.6
242.0 228.1
225.3 233.0
205.0 237.0
189.4 239.8
180.2 243.7
178.1 250.0
176.8 254.5
168.5 255.4
143.3 245.8
118.7 232.3
97.7 213.3
83.8 192.7
82.7 171.7
91.0 155.4
100.1 144.4
108.5 136.6
114.7 128.2
114.2 115.9
106.8 104.2
97.0 96.0
88.3 91.6
86.1 95.9
97.2 106.0
112.5 118.6
124.7 130.5
131.1 141.8
131.4 152.3
131.2 161.5
135.3 171.8
144.3 185.1
148.6 198.7
146.1 211.6
140.2 223.9
134.9 237.0
138.8 246.8
151.8 254.9
162.8 260.0
168.6 264.4
163.9 265.7
152.9 263.4
142.6 257.1
139.9 243.1
155.4 222.8
192.3 198.9
232.7 179.0
265.3 164.0
289.3 151.4
305.0 142.0
310.7 132.0
303.1 119.3
288.8 109.3
257.9 100.2
226.3 95.1
201.7 93.8
186.1 99.3
185.1 114.1
190.7 132.8
198.0 152.1
206.3 171.1
216.9 192.6
230.7 210.7
251.1 225.9
275.4 237.2
297.8 240.7
316.0 233.8
328.5 213.8
336.2 186.3
340.8 156.6
341.6 125.3
340.3 95.9
336.6 71.0
329.2 53.2
313.0 42.2
280.4 37.1
246.0 35.5
219.7 36.7
203.0 41.0
208.2 47.5
220.8 54.0
232.1 60.5
239.9 69.8
242.2 82.0
241.0 98.4
245.3 117.8
263.0 146.1
278.3 171.3
286.5 194.7
287.5 216.3
285.8 236.8
283.3 255.5
281.2 269.1
277.4 277.7
265.8 281.9
236.1 275.9
193.8 260.7
152.0 238.2
121.4 216.0
100.7 192.9
89.5 167.9
85.4 143.5
84.7 123.2
81.6 107.8
74.4 96.9
63.4 85.9
50.8 74.7
39.9 62.9
34.9 52.0
37.4 44.7
47.9 43.8
69.5 51.3
89.1 63.1
106.8 79.6
123.6 96.9
143.9 114.3
169.1 128.8
191.9 139.6
210.3 148.1
224.0 155.1
237.6 163.3
251.8 171.6
266.8 179.8
278.4 186.8
285.2 191.3
275.6 194.8
248.4 199.4
215.7 205.0
189.8 209.5
172.7 212.9
169.6 216.6
169.9 219.1
171.2 221.1
163.7 224.2
158.0 226.1
154.4 227.1
156.6 226.2
159.5 222.6
154.8 213.7
133.5 196.0
102.4 174.2
79.1 157.3
63.6 144.4
69.2 135.9
83.6 129.8
103.1 124.7
123.9 120.5
147.5 115.2
169.8 108.8
189.4 101.9
202.9 96.5
206.2 92.5
196.3 89.6
183.4 89.3
170.8 90.9
160.8 94.6
158.4 100.8
164.3 109.0
175.8 119.0
186.2 129.8
192.9 140.9
192.3 153.1
186.5 166.0
180.9 177.5
177.5 186.9
178.2 196.9
180.4 206.7
184.3 217.6
188.8 228.0
192.2 240.2
188.2 249.3
174.6 253.8
148.9 251.0
125.5 245.5
105.9 235.6
91.7 220.4
86.1 203.5
87.3 186.5
93.9 170.1
103.8 156.8
118.0 147.2
138.1 141.3
164.0 138.2
196.7 138.6
231.6 139.9
261.5 140.7
287.4 139.8
308.0 136.2
323.4 128.6
333.3 119.6
340.3 107.7
343.2 93.3
343.3 79.1
338.6 66.1
329.2 54.8
314.7 45.6
300.9 39.7
290.4 36.5
282.8 37.2
279.1 44.0
278.8 54.8
280.8 69.4
283.5 85.1
287.5 105.6
291.9 125.4
297.5 147.8
303.2 166.8
308.5 184.3
312.9 199.5
315.8 210.1
318.0 219.1
319.9 227.0
321.7 236.8
323.1 246.0
323.8 253.4
323.7 259.3
321.8 263.6
316.9 266.4
309.6 267.8
296.0 267.8
281.1 267.1
263.5 265.9
246.2 264.6
229.0 263.2
213.5 261.9
197.5 260.8
179.9 259.8
164.5 259.5
149.6 259.2
134.9 258.6
120.9 257.1
106.9 255.3
93.1 252.8
78.5 249.9
65.2 247.1
55.5 243.7
49.5 239.9
46.1 229.5
44.6 216.7
43.4 200.8
42.8 186.1
41.0 166.0
39.2 146.0
36.7 127.5
33.7 109.2
31.3 94.9
29.8 83.5
29.6 74.3
30.5 67.3
32.2 62.2
34.2 60.0
37.2 58.6
41.1 58.7
48.8 60.8
57.5 64.0
68.3 69.1
77.8 74.5
85.6 79.8
93.6 85.7
101.4 91.8
109.1 97.7
115.1 103.2
120.2 108.0
123.9 111.8
127.7 116.0
132.7 120.5
138.8 124.9
144.6 129.5
151.6 134.3
158.4 139.2
164.3 143.1
174.7 148.4
186.9 154.5
202.4 163.3
218.7 172.0
232.8 179.0
245.9 185.3
257.9 190.8
269.6 194.8
281.7 197.4
293.8 198.6
305.5 198.1
314.7 195.3
321.3 191.6
325.1 187.8
326.6 184.0
325.5 180.8
320.3 178.1
313.0 175.8
301.4 174.0
288.7 172.8
278.5 172.2
268.6 172.3
258.8 172.6
247.4 172.2
234.8 170.9
221.8 169.3
210.5 168.2
200.2 167.1
190.7 166.4
182.6 165.6
173.4 165.2
166.1 165.0
160.3 164.9
154.2 165.0
148.4 164.3
141.7 163.2
135.8 161.6
129.2 159.4
121.9 156.7
112.3 153.7
104.1 150.4
96.3 146.4
89.1 141.0
84.3 135.3
82.0 130.3
83.0 126.2
87.9 123.6
97.1 122.5
109.2 122.9
122.3 124.0
133.4 125.2
144.9 126.7
157.3 128.4
171.4 130.8
185.1 133.0
198.4 135.1
210.0 136.5
218.2 137.8
224.5 138.6
231.1 139.1
241.2 140.4
251.7 142.1
260.4 143.9
267.3 145.9
273.8 148.0
279.9 150.8
284.1 153.2
287.4 156.2
291.2 161.2
294.0 167.7
295.4 175.2
295.7 181.6
295.8 187.1
296.1 192.0
296.3 195.9
296.2 198.9
296.3 202.1
296.1 205.0
295.8 207.4
295.5 209.2
295.2 210.7
294.9 211.9
295.0 213.1
295.8 214.4
296.8 216.6
297.5 218.1
298.4 219.6
298.9 220.6
299.3 221.0
