84.6 79.4
82.9 78.3
83.3 78.5
83.4 78.7
83.6 78.7
83.6 78.8
85.6 78.3
94.0 77.6
104.8 76.8
118.1 75.0
138.7 73.0
164.5 71.3
189.5 70.1
212.3 69.3
229.1 68.9
240.5 68.7
246.9 68.7
249.7 69.2
249.6 71.1
245.0 75.9
238.5 83.3
229.7 93.2
221.4 104.2
214.9 115.0
216.4 132.2
224.1 151.8
235.1 171.1
244.9 188.5
252.4 203.7
255.0 218.7
252.6 229.4
241.4 237.8
224.6 243.5
206.2 246.6
187.4 244.2
171.4 235.1
159.2 222.4
153.2 207.1
153.4 193.9
160.9 184.2
179.4 179.0
205.7 174.7
228.8 167.5
246.1 155.4
254.7 140.6
252.7 123.7
243.5 110.1
230.5 100.7
214.5 95.8
199.1 96.8
186.3 105.2
178.7 119.9
177.5 140.3
179.4 161.4
181.4 180.7
176.8 198.9
160.4 213.2
132.8 223.3
106.6 228.2
80.5 222.6
59.5 208.4
46.7 187.3
40.8 164.5
40.0 144.8
45.3 133.6
56.9 140.3
67.2 157.9
75.6 174.5
82.9 188.8
94.5 200.6
124.5 206.0
160.5 201.9
190.1 192.7
212.9 178.8
229.3 165.8
240.4 154.6
248.5 145.5
257.2 136.0
267.7 125.2
281.2 111.2
292.8 99.0
307.6 85.8
320.6 74.4
329.4 65.2
335.5 58.5
338.9 52.3
338.6 46.9
335.2 43.3
328.6 41.6
317.1 43.5
299.4 52.8
280.3 64.5
257.1 80.7
232.9 98.2
210.6 113.5
190.6 127.5
172.9 141.1
156.1 153.9
139.6 165.8
122.9 178.7
105.0 193.2
86.9 209.4
69.8 223.5
54.6 234.0
39.4 239.8
27.4 237.8
20.1 226.9
19.1 205.3
21.4 180.0
25.3 150.1
30.9 122.5
37.5 98.5
44.8 76.5
52.3 58.3
59.1 45.7
65.2 37.7
71.9 35.4
95.4 49.3
126.5 74.1
158.0 101.1
188.1 128.4
214.0 154.1
238.5 179.7
259.2 202.3
279.5 224.1
294.3 240.2
304.6 251.5
312.0 259.2
320.4 265.1
326.9 268.3
333.3 270.6
338.8 270.8
342.9 268.7
346.2 263.9
349.4 255.1
352.3 243.9
355.5 229.7
359.0 213.6
362.8 194.8
366.5 177.4
370.2 162.0
374.7 145.0
378.3 131.5
381.5 118.1
384.2 104.5
386.1 91.5
387.4 82.5
388.0 77.5
388.0 75.3
386.6 75.4
383.4 77.5
376.0 81.9
366.3 87.4
356.0 93.9
347.1 99.8
339.1 106.1
330.8 111.8
318.9 119.1
307.8 125.8
298.5 131.4
289.1 137.3
279.5 144.1
271.0 150.9
264.3 156.4
254.8 161.7
246.1 166.5
239.1 170.1
229.8 174.0
218.6 178.5
206.7 182.8
194.1 187.3
179.8 191.9
165.1 197.1
149.7 203.0
134.5 208.7
121.5 213.9
111.5 218.3
103.8 221.3
95.9 224.1
85.9 226.7
75.2 228.5
65.1 229.7
58.1 230.2
54.1 230.2
52.8 229.8
59.2 227.4
78.3 219.9
104.9 207.0
134.5 190.7
169.9 171.6
201.8 156.0
233.6 142.7
266.8 128.1
293.5 115.0
314.4 102.9
327.4 94.9
334.0 90.4
336.1 88.5
331.2 91.3
320.9 98.6
304.2 110.2
280.6 125.0
257.9 138.2
234.4 151.9
212.6 164.2
193.8 174.9
176.8 184.6
161.4 192.7
148.3 199.1
137.0 204.3
125.2 209.4
112.1 214.1
100.6 217.8
87.7 220.2
75.6 219.0
66.2 214.7
57.4 201.4
49.7 184.2
43.5 162.0
40.2 139.4
40.4 119.8
43.2 106.0
51.0 99.0
80.8 113.2
119.5 142.3
156.9 175.1
195.0 209.6
231.4 242.4
258.6 266.5
277.5 282.8
289.2 287.3
291.7 272.3
288.7 243.9
285.6 209.1
288.5 167.9
296.0 126.6
302.1 92.7
306.9 67.9
309.8 51.7
311.2 42.4
311.4 38.3
310.8 37.7
310.2 39.5
310.8 44.0
312.8 52.1
315.6 63.2
320.0 77.0
325.3 93.5
329.4 107.3
333.3 118.9
336.5 128.3
338.8 136.2
340.2 142.2
340.8 146.0
337.5 148.2
328.1 148.6
316.3 148.1
293.7 148.9
265.1 152.3
234.5 159.0
206.9 165.8
183.0 172.8
163.6 180.5
150.2 187.9
143.0 196.5
142.9 205.3
151.3 216.6
160.5 225.8
167.6 233.3
166.9 239.0
157.1 242.3
145.0 242.7
127.3 234.0
112.2 222.2
101.4 208.0
97.7 194.6
107.9 183.0
125.8 173.8
148.6 165.5
175.3 156.0
204.6 143.2
230.6 131.1
253.8 120.1
274.4 109.0
289.0 99.2
298.3 91.6
303.1 85.7
303.8 81.7
301.5 78.8
296.4 76.8
289.1 76.2
281.4 76.9
271.5 82.2
262.0 91.1
255.3 102.9
251.8 117.4
249.3 134.4
246.8 149.6
243.6 162.8
237.2 176.1
227.2 186.6
210.1 194.8
194.0 201.0
181.3 206.9
170.6 213.5
161.6 223.7
155.0 232.9
148.4 243.3
143.1 251.2
131.7 260.4
119.7 267.3
107.2 271.8
93.0 273.8
80.2 272.4
71.4 268.6
66.3 263.6
66.0 257.8
73.8 250.0
94.8 234.0
124.7 212.8
168.9 181.4
218.4 149.2
272.8 114.9
318.0 83.5
350.2 60.5
370.4 46.0
380.8 39.2
377.2 43.5
357.0 58.8
313.7 92.3
262.1 133.4
210.4 173.9
166.8 207.3
132.5 233.3
107.3 251.9
90.6 264.4
81.5 271.1
77.8 273.7
77.9 273.4
80.3 271.4
88.9 265.1
102.3 254.4
124.9 238.6
158.0 217.4
194.4 192.6
231.7 166.3
269.3 140.2
301.6 118.3
326.8 100.1
343.1 88.5
352.1 82.0
355.7 79.2
355.8 79.1
353.5 80.6
349.2 83.0
343.9 86.1
337.7 90.0
332.1 93.7
326.4 97.9
317.5 104.5
300.1 117.3
276.9 136.8
245.0 166.3
212.4 197.5
187.4 222.7
164.8 242.5
143.9 257.3
129.5 266.2
118.7 267.7
109.0 256.3
95.7 227.8
83.7 193.4
70.9 152.4
62.8 116.7
58.4 90.3
57.2 71.9
60.0 60.9
69.6 57.9
85.2 63.6
110.1 79.9
144.6 104.6
180.2 132.3
214.6 161.8
247.2 190.5
275.2 216.4
296.1 236.0
309.6 249.3
317.8 258.6
321.5 263.7
321.8 265.5
320.0 265.1
316.9 263.4
313.3 260.9
309.7 258.1
306.3 255.4
300.0 250.4
285.8 240.8
268.7 231.5
249.7 223.2
230.5 216.6
205.5 209.9
180.2 203.2
159.3 198.1
142.6 195.0
130.0 193.3
121.5 192.7
114.7 191.3
110.3 188.9
108.7 186.7
110.1 184.4
118.3 181.4
128.9 179.2
141.1 177.8
153.5 177.9
169.8 179.4
185.7 181.5
202.1 183.2
217.9 185.0
231.2 186.4
245.0 187.4
256.5 186.9
265.5 185.0
272.2 181.7
278.0 177.3
281.0 173.2
281.7 169.3
279.6 165.0
274.2 161.3
268.3 158.6
262.4 156.8
256.2 155.9
250.1 157.4
243.9 162.2
239.1 169.1
235.5 176.5
233.0 183.2
230.4 189.8
227.8 196.2
224.4 201.7
216.3 206.3
205.0 209.2
191.8 210.1
180.9 209.0
172.5 206.2
165.3 199.3
159.4 189.0
155.6 176.8
153.7 164.4
153.2 154.0
154.3 145.1
156.9 138.1
160.0 133.0
166.1 128.6
175.6 124.7
188.8 121.9
202.9 120.9
216.1 122.3
227.1 125.4
235.6 129.3
242.4 135.9
246.7 143.2
248.6 151.3
247.9 158.6
245.4 165.2
240.3 170.8
234.4 174.4
227.2 177.2
220.1 178.8
210.5 179.4
197.3 178.6
186.6 177.5
177.4 177.6
169.5 178.5
160.8 181.2
151.5 185.0
143.5 190.3
137.8 195.2
134.2 199.7
132.4 203.9
132.0 208.4
133.2 213.6
135.8 218.9
139.0 223.6
143.2 228.0
148.8 232.3
155.3 236.4
163.4 240.1
174.0 243.5
182.8 245.5
192.5 246.4
203.6 246.7
214.2 246.5
226.7 246.0
238.2 244.3
248.7 241.3
258.3 237.4
268.1 232.3
275.0 227.3
281.2 222.3
286.1 217.7
291.0 212.7
294.4 208.3
297.1 203.5
300.2 198.5
303.0 193.8
305.5 188.9
308.2 182.1
311.7 174.1
314.5 165.3
317.3 155.0
320.4 145.3
323.1 136.6
326.5 129.2
329.5 122.0
332.4 115.6
335.0 110.4
336.9 106.2
338.3 103.2
339.0 101.1
339.2 100.2
339.1 100.2
338.8 100.7
338.4 101.5
