122.4 91.3
121.3 90.5
121.5 90.6
121.6 90.7
134.4 88.4
156.9 87.2
201.2 86.5
246.7 86.2
285.2 84.8
314.1 82.8
331.9 81.4
341.9 80.5
346.3 79.9
346.3 79.7
327.3 78.9
280.9 81.7
229.2 87.3
172.4 97.5
126.8 107.1
91.3 116.1
67.9 124.0
59.5 132.2
72.1 140.6
115.7 151.4
164.9 164.2
204.7 174.5
234.4 183.4
249.3 192.3
236.2 205.3
205.0 216.2
165.9 227.3
129.0 236.3
99.9 243.3
78.2 249.1
63.5 253.8
60.6 258.0
88.7 264.3
129.1 271.4
165.6 277.5
204.1 283.4
236.8 287.0
263.2 288.2
288.0 286.4
315.5 282.2
337.2 275.5
352.9 263.5
362.9 239.2
366.9 207.6
363.6 172.6
357.5 137.1
350.9 107.7
343.6 84.8
338.5 69.3
335.7 60.1
342.7 64.8
353.3 74.3
363.1 91.9
369.4 112.9
366.5 138.3
358.2 163.3
350.9 186.4
349.6 207.0
351.4 223.2
354.3 236.1
357.0 246.9
357.9 254.6
358.1 260.2
358.1 264.5
357.7 267.8
353.6 269.4
334.9 269.2
303.4 264.7
261.3 251.7
228.2 235.8
203.0 219.5
176.4 198.4
154.6 178.9
136.9 162.4
121.9 145.3
114.1 126.3
111.1 107.6
112.8 89.7
116.3 77.8
119.0 70.8
116.3 67.6
109.0 67.3
99.3 71.1
91.9 78.6
95.9 96.3
105.8 118.0
116.9 139.7
124.4 159.2
125.3 176.3
124.1 190.8
122.5 204.6
121.0 219.0
118.3 230.4
111.0 237.7
100.3 237.9
92.3 230.9
88.9 220.6
92.4 207.1
100.5 196.0
109.7 187.7
120.9 186.2
132.5 188.5
143.9 193.5
156.3 199.8
173.7 205.5
200.0 207.9
224.4 206.2
243.5 195.0
256.0 178.2
261.1 160.7
259.9 146.5
256.1 136.6
251.8 133.9
254.9 142.3
268.4 157.2
285.1 173.6
300.1 188.1
312.3 200.5
320.2 211.2
326.0 219.1
329.9 224.1
331.6 226.8
332.2 229.0
328.8 233.9
313.7 243.6
289.1 252.5
264.4 257.0
240.0 257.3
217.8 254.5
197.4 246.1
182.6 235.9
173.1 226.4
168.7 216.9
168.8 208.1
172.4 200.1
180.5 193.7
190.6 189.6
201.4 188.3
213.1 192.6
221.8 200.6
226.9 208.5
223.1 216.9
211.7 225.0
194.5 231.6
175.7 235.0
149.0 231.4
126.0 226.7
108.1 221.2
92.2 210.9
79.7 196.8
72.2 181.2
67.3 164.0
64.2 148.8
62.9 138.1
63.3 131.3
63.8 127.6
62.9 127.9
61.3 131.5
59.8 137.0
61.0 146.6
63.4 156.2
68.5 165.3
79.2 172.7
89.5 177.5
102.7 178.8
115.5 177.6
125.3 175.8
138.0 171.5
152.6 166.5
166.6 160.7
180.0 154.9
194.6 148.4
205.4 142.8
213.9 136.3
224.0 128.6
232.3 121.8
237.3 115.8
238.6 110.8
230.2 107.1
220.5 104.9
210.0 104.3
203.6 107.4
201.4 112.9
205.3 121.5
211.2 129.9
216.9 138.1
222.0 146.9
222.0 160.1
209.5 178.4
195.6 193.7
182.2 204.2
159.5 210.1
140.4 211.3
122.2 205.8
103.5 196.0
89.5 185.7
76.3 171.6
66.3 159.5
60.4 148.4
57.8 135.6
57.3 123.3
58.2 113.1
61.5 102.1
65.1 90.1
67.4 79.2
66.4 69.3
59.6 58.7
46.4 50.5
35.5 45.6
26.0 46.5
19.5 52.7
19.8 64.8
25.4 79.7
38.2 94.1
55.0 106.3
74.5 116.8
101.8 126.4
131.7 134.7
159.7 142.1
190.2 149.3
220.6 156.7
250.0 163.5
273.1 168.8
290.1 173.7
306.5 180.5
319.0 186.7
327.5 192.4
332.2 200.0
334.5 212.3
333.3 226.0
327.0 238.7
312.9 249.5
291.7 257.2
263.8 261.3
238.1 262.4
205.2 262.1
172.0 261.8
141.5 259.6
115.6 256.0
97.4 251.7
80.3 246.3
65.8 241.1
56.8 236.5
51.8 231.4
51.4 223.4
57.6 212.2
66.8 201.5
82.7 191.2
101.0 182.7
119.1 175.7
140.5 169.2
161.9 161.9
181.7 153.3
207.3 138.0
229.5 123.3
248.3 109.3
264.7 95.4
279.3 80.8
292.2 68.7
304.9 58.0
317.9 48.3
330.3 40.9
340.0 36.5
349.2 34.9
355.5 36.0
359.7 40.1
362.2 50.3
363.2 65.3
363.6 79.8
364.5 98.0
366.3 116.7
368.9 134.8
372.3 153.1
375.8 171.1
378.1 185.3
379.0 194.2
376.7 198.0
364.2 190.0
348.9 177.8
327.3 160.2
307.7 142.9
290.1 128.4
275.4 118.3
263.2 113.7
253.7 114.9
246.3 121.6
240.8 133.0
236.9 149.8
233.4 167.8
227.1 184.8
218.5 198.7
205.5 210.4
190.2 218.7
176.0 222.9
158.8 221.5
142.2 216.2
128.6 208.0
117.0 198.5
107.0 189.3
99.6 180.0
94.8 171.1
92.7 163.4
92.1 155.6
92.3 148.9
92.7 143.1
93.6 137.3
97.5 132.6
106.7 128.0
117.3 124.9
130.9 122.1
150.5 118.8
166.3 116.6
184.6 115.4
203.6 114.7
218.1 114.6
232.5 113.4
248.7 111.6
260.8 110.6
275.9 110.7
291.4 110.7
301.5 110.9
307.6 111.9
313.0 115.0
315.6 118.6
316.1 122.0
313.9 126.3
305.3 132.3
291.4 140.7
276.4 149.4
254.0 160.6
234.1 169.9
204.8 183.3
167.5 199.5
136.5 213.1
109.2 226.6
88.9 237.6
76.9 245.6
74.1 251.7
83.6 257.2
97.1 261.2
116.0 263.0
140.8 261.9
164.7 260.6
189.8 261.5
212.5 262.8
234.6 263.8
250.6 264.2
266.5 263.4
281.7 261.1
293.7 257.7
306.3 252.8
320.6 245.1
331.0 236.3
338.1 228.1
342.5 220.9
344.2 212.8
344.7 202.1
344.4 189.5
341.7 172.0
338.9 156.7
336.3 145.2
333.3 132.8
330.4 120.1
328.1 110.0
326.8 98.7
