317.4 51.5
319.1 50.1
318.8 50.4
318.6 50.5
319.1 50.6
320.9 50.7
323.3 52.2
327.0 54.9
331.0 57.1
333.6 59.3
333.7 61.2
316.1 64.3
283.3 70.5
253.6 78.4
235.4 90.3
234.3 105.9
246.9 125.6
260.7 144.4
271.7 163.7
279.0 183.2
282.6 202.9
283.6 219.3
281.5 235.9
274.7 248.4
255.0 256.9
213.0 259.4
167.0 250.6
128.3 236.8
95.4 214.5
73.4 187.2
63.4 161.0
73.4 131.3
91.5 107.6
115.5 90.4
144.2 78.2
168.6 67.4
185.1 54.4
188.7 41.0
173.4 30.8
153.7 26.4
132.9 27.8
114.5 36.7
102.2 52.5
101.6 75.3
121.9 108.3
152.1 144.4
178.8 180.3
198.5 208.5
203.8 236.7
188.1 257.8
156.9 267.9
123.5 266.7
97.1 256.0
78.9 241.2
79.9 225.2
97.4 210.5
131.8 196.9
172.9 182.9
205.4 165.9
222.5 138.3
226.4 111.4
219.4 89.9
200.4 75.3
178.3 67.2
159.4 64.4
143.4 69.0
134.1 81.6
141.0 104.3
150.3 128.5
154.9 149.4
151.3 164.5
129.4 171.2
102.8 172.2
79.1 165.0
61.2 147.0
50.8 126.2
46.1 108.1
44.4 94.9
44.6 89.4
44.2 103.7
45.2 127.6
49.1 149.3
61.0 166.7
76.5 180.6
90.1 191.6
101.2 203.0
111.4 213.7
122.8 221.6
144.8 228.4
172.4 234.9
197.5 238.9
225.8 242.0
252.2 242.9
273.1 237.1
289.3 227.6
309.5 208.8
327.5 188.0
341.9 161.2
351.0 132.8
354.4 110.3
352.9 90.4
348.4 76.6
342.5 67.7
336.6 63.5
333.6 68.6
337.0 82.7
343.5 106.2
350.1 141.6
353.8 176.0
355.7 209.6
357.8 238.5
359.0 259.3
359.5 273.8
359.6 283.3
357.8 288.2
348.9 288.6
330.9 280.5
305.7 266.2
271.3 244.2
233.9 218.1
194.0 184.1
155.6 145.0
125.1 112.4
103.1 87.8
87.0 69.6
75.7 57.7
68.5 49.9
65.2 46.3
63.7 45.4
63.1 47.0
63.6 54.2
66.7 80.8
74.6 117.3
82.1 157.3
88.1 199.3
90.6 236.7
92.4 263.3
93.2 280.2
97.3 286.5
111.7 278.9
134.6 260.4
169.6 236.2
211.6 207.9
251.8 180.2
290.6 153.9
323.7 131.8
345.6 116.4
358.6 106.7
364.5 101.4
362.7 100.1
356.4 103.3
343.9 113.8
330.3 129.0
318.6 147.1
311.0 166.5
311.2 188.1
315.0 205.4
318.9 218.4
322.1 227.5
320.0 232.4
309.1 232.8
298.5 231.7
290.3 229.7
284.5 227.4
284.0 227.6
284.8 228.9
281.5 231.7
262.4 235.4
231.9 234.7
201.0 231.9
173.6 225.5
148.9 213.1
130.6 198.8
118.1 183.2
110.1 166.8
105.6 150.8
102.9 135.1
102.6 119.0
103.5 103.5
105.0 88.9
106.3 75.9
107.3 65.9
108.5 58.6
109.8 54.4
111.0 52.7
112.5 52.8
119.6 55.1
133.9 60.7
148.4 68.1
163.3 76.4
178.0 84.6
193.7 92.9
208.8 100.8
225.2 108.0
241.7 114.4
260.7 118.9
277.5 120.9
292.5 120.2
306.3 117.5
317.8 113.6
326.4 108.7
332.6 102.0
335.2 90.2
331.2 74.7
322.8 60.8
314.3 49.9
303.7 42.7
289.1 40.1
273.0 43.3
254.6 53.0
232.6 71.1
212.6 90.7
189.2 113.9
168.8 136.8
153.1 156.7
134.8 179.0
116.4 199.4
100.2 216.6
87.2 228.6
76.1 235.8
65.5 235.5
56.7 226.4
50.5 209.0
49.7 187.1
53.6 167.1
65.6 148.9
81.5 135.9
101.1 130.6
121.4 132.7
145.9 145.9
169.0 163.5
191.8 183.7
215.7 204.8
237.1 221.3
264.3 233.5
288.9 239.2
309.8 236.5
325.5 223.9
336.9 204.4
343.6 184.6
346.3 161.9
344.8 138.3
340.0 119.3
329.8 103.8
315.6 91.9
299.4 83.6
285.3 79.2
271.0 78.6
255.3 86.9
242.5 98.9
232.1 114.7
224.1 133.3
217.8 150.9
212.2 168.8
204.7 184.3
195.6 196.3
184.2 205.0
171.8 210.1
159.5 211.8
149.5 206.2
143.9 195.7
142.2 186.2
143.6 179.0
147.9 177.3
152.7 181.5
154.3 187.1
150.3 193.8
143.9 199.2
137.9 199.3
133.5 195.4
131.4 191.4
130.3 188.2
129.9 187.9
125.9 194.9
114.7 203.6
103.1 209.1
92.6 206.3
85.4 203.0
82.3 199.1
83.1 196.0
86.3 196.2
89.9 198.3
91.9 201.9
92.2 204.6
91.7 204.4
92.6 198.5
96.7 191.3
107.9 183.3
121.2 177.4
136.6 173.7
153.6 171.4
170.4 169.4
189.8 166.2
206.4 162.2
218.2 156.4
225.4 148.2
226.2 139.6
222.2 132.1
216.3 127.2
209.8 124.6
204.3 124.1
199.9 125.1
196.1 128.0
193.6 135.4
193.1 145.0
195.8 158.6
201.1 172.7
207.0 188.9
210.8 202.2
208.9 213.4
199.1 222.2
187.4 228.7
169.6 231.6
151.7 228.1
136.9 218.9
128.0 207.4
126.9 196.5
134.0 188.2
150.2 184.4
174.7 183.9
206.0 183.7
234.9 181.4
259.3 176.4
278.3 167.3
289.8 149.3
294.8 131.7
293.9 116.6
286.6 104.0
273.6 94.1
260.5 86.8
249.1 82.7
238.5 81.0
229.8 81.9
223.0 85.5
218.9 93.4
218.1 104.3
220.0 118.8
223.6 135.2
230.0 154.6
237.5 173.4
244.6 190.9
249.1 205.7
248.5 217.5
242.1 226.2
228.7 233.0
215.8 236.6
187.1 230.5
163.8 218.6
146.6 203.9
135.5 189.0
129.6 177.4
133.8 169.4
156.7 164.9
192.0 161.5
232.2 156.8
267.0 149.5
293.2 139.8
309.5 122.8
315.1 105.5
310.6 87.9
299.0 73.7
268.2 62.1
241.5 56.1
220.0 54.7
200.1 62.8
185.4 74.3
179.5 93.0
183.6 115.0
196.8 140.4
213.2 165.2
228.8 190.1
241.8 215.1
249.3 235.0
249.1 249.2
233.0 260.6
208.9 266.2
184.8 267.2
158.2 261.7
134.2 249.6
116.4 234.5
106.6 221.0
108.3 207.4
116.0 196.0
129.3 188.0
154.8 182.4
185.5 177.2
214.8 170.5
241.9 159.9
264.5 147.6
280.4 131.3
286.5 113.0
283.2 95.9
269.8 82.9
250.7 75.1
227.8 71.6
202.5 72.8
180.7 78.7
164.9 89.8
156.9 104.2
158.1 122.7
162.0 141.9
167.0 160.9
171.6 182.2
174.2 201.0
169.5 217.1
154.5 228.9
137.1 236.0
119.1 236.5
100.4 226.4
87.4 213.6
79.0 200.8
76.4 189.3
80.7 179.1
89.3 170.0
101.6 162.2
112.2 156.7
120.3 153.3
126.2 151.5
130.2 150.9
