99.5 77.4
98.1 76.3
98.3 76.5
98.5 120.7
98.6 157.2
100.8 183.5
103.5 196.8
125.6 182.6
148.3 165.0
165.5 150.4
179.5 148.5
191.2 163.5
201.5 176.8
213.3 180.8
233.8 171.5
254.2 164.1
269.1 160.9
281.8 166.2
296.5 166.3
312.9 158.5
329.0 150.6
344.8 147.6
361.9 154.5
375.9 162.4
384.5 168.6
377.6 172.7
335.8 173.1
287.2 170.4
232.2 163.2
177.5 152.4
130.0 142.7
96.9 135.7
75.7 130.8
63.8 127.8
65.7 126.9
98.8 138.6
130.3 154.7
143.4 177.8
136.6 201.0
118.4 217.8
104.0 229.2
96.7 238.9
114.0 249.9
129.2 258.2
133.3 263.1
126.8 261.3
117.5 239.8
119.4 209.1
145.0 175.1
184.6 140.6
214.4 108.7
223.4 75.9
217.4 50.5
204.9 36.6
196.1 37.3
207.8 56.2
229.4 83.7
243.9 116.3
239.2 144.0
221.4 165.2
199.1 179.3
178.2 187.9
157.9 193.5
140.0 202.0
128.4 216.3
125.5 231.3
130.1 246.5
136.1 257.7
141.6 264.5
152.7 263.6
171.4 252.2
187.8 232.7
199.8 213.8
209.5 194.3
215.8 180.0
226.5 174.5
242.8 176.0
266.7 182.3
288.4 186.2
306.3 181.2
322.7 168.0
332.8 151.6
336.5 137.5
334.1 127.0
325.4 120.1
316.1 116.8
307.8 116.5
303.4 122.9
303.3 132.6
304.5 146.5
301.5 163.4
291.5 184.5
270.7 208.8
242.2 232.9
205.4 254.5
175.8 269.7
152.8 280.0
127.8 284.9
102.6 285.2
84.3 283.0
71.8 274.7
65.5 263.4
64.4 251.1
68.4 237.6
77.4 224.9
90.3 214.0
108.0 203.5
136.9 186.4
166.9 168.6
197.2 150.7
228.7 132.6
256.1 115.4
279.2 100.4
296.6 88.3
309.6 74.1
318.5 61.0
325.0 48.9
327.6 37.8
325.8 28.1
319.9 22.2
306.6 20.3
290.6 21.9
270.6 27.3
248.6 34.9
230.2 42.8
211.6 51.7
193.6 60.2
177.2 69.1
160.6 77.6
141.0 90.1
118.7 105.6
96.5 119.8
78.0 130.6
63.1 138.7
51.5 144.6
44.0 148.9
39.3 153.2
37.7 158.0
41.0 164.4
48.3 171.4
59.7 177.6
71.9 182.7
89.8 187.5
107.0 191.8
120.9 195.8
132.0 198.8
140.3 200.4
151.6 202.8
162.0 205.2
170.1 207.3
183.8 210.7
195.3 213.5
206.0 216.8
221.5 221.1
237.2 225.4
258.4 229.0
280.6 232.4
300.5 234.8
315.1 234.0
326.9 229.7
335.2 220.4
339.5 207.7
341.2 191.1
341.3 174.4
340.8 157.0
339.4 139.3
339.4 122.7
339.5 109.0
339.2 99.6
334.5 93.7
326.2 92.1
312.0 94.1
295.0 97.7
271.5 100.5
242.6 103.3
217.4 105.9
191.6 108.0
168.5 109.4
146.3 110.1
127.2 110.7
110.1 112.1
92.3 115.4
80.2 118.2
70.2 122.1
64.1 125.5
60.5 130.5
58.9 138.8
60.7 152.1
64.5 168.1
68.0 185.0
70.6 200.2
72.2 214.9
73.7 224.7
76.1 230.6
86.8 232.1
106.9 230.0
134.1 225.0
165.2 218.5
203.0 210.4
241.1 202.2
274.2 193.4
297.1 186.1
312.7 180.0
320.4 175.1
316.9 171.3
296.4 167.9
266.5 166.0
231.6 163.6
198.5 160.0
171.0 156.3
145.4 152.1
128.1 149.4
116.5 147.0
109.1 145.0
105.6 143.8
105.0 143.4
111.3 141.5
128.2 138.9
146.8 137.2
168.7 136.9
198.3 138.5
228.6 139.9
259.8 141.1
290.0 142.1
312.5 142.1
330.4 140.7
341.7 138.1
346.3 132.8
343.6 123.7
328.7 112.5
311.6 103.2
290.7 96.1
264.5 89.6
239.8 85.0
215.3 82.4
191.5 80.8
170.5 80.3
147.8 81.6
126.5 83.5
109.3 85.3
95.1 86.8
84.9 90.4
77.0 95.4
70.1 103.9
66.8 112.8
68.6 125.5
74.0 139.5
82.2 155.7
90.6 171.8
97.1 187.3
94.6 204.7
89.2 219.0
82.4 230.4
75.8 238.8
70.0 245.0
66.2 251.4
64.9 256.7
68.1 262.0
78.0 268.2
95.1 273.0
112.5 274.5
131.9 272.1
152.1 264.7
170.7 252.9
188.5 237.7
204.8 216.0
220.4 191.7
233.8 170.9
246.8 151.7
258.8 131.4
269.4 114.6
280.9 98.3
289.7 86.5
302.1 74.8
312.6 66.1
321.2 59.6
326.3 56.0
329.0 54.8
327.6 56.4
316.5 60.6
293.9 64.9
266.6 69.9
232.4 77.7
196.3 87.8
161.2 103.2
130.5 123.7
110.0 145.3
103.1 167.7
108.3 189.9
131.2 213.5
154.4 233.2
174.6 247.8
191.9 259.1
203.8 266.5
201.7 272.3
192.7 276.3
172.4 278.4
146.5 277.5
122.5 275.2
97.7 270.4
78.7 264.9
64.9 258.9
56.4 253.0
55.9 246.8
64.3 239.6
84.1 229.7
112.6 220.4
151.2 211.3
188.3 203.7
219.4 197.3
241.2 190.7
253.2 180.7
258.5 168.8
257.8 151.4
243.6 125.5
226.2 104.5
206.1 87.7
187.9 76.5
174.3 70.0
166.6 71.5
167.7 80.6
180.6 104.0
199.8 135.0
220.8 164.2
244.6 196.7
264.1 224.4
278.9 245.7
291.8 263.2
301.5 275.4
307.5 282.6
310.8 286.5
311.9 287.4
312.3 284.1
312.6 276.2
312.8 256.5
310.8 227.6
310.2 196.0
311.3 163.9
313.4 134.3
315.8 111.6
317.8 96.1
319.1 86.9
319.8 82.5
306.1 83.3
286.2 87.3
263.7 93.7
224.4 100.8
188.9 107.9
163.0 114.9
145.2 120.2
134.3 126.0
131.1 133.4
137.7 145.7
149.6 160.1
161.3 173.4
169.9 184.0
169.5 194.2
166.1 202.3
161.3 208.0
153.6 212.9
147.9 217.4
143.2 226.4
137.1 237.6
132.2 246.3
124.9 251.8
116.3 253.8
109.6 250.2
102.3 238.1
95.6 222.7
91.4 203.8
89.0 185.2
88.0 165.9
89.0 148.2
91.8 132.5
95.9 118.1
104.4 105.1
112.5 95.5
124.4 88.5
145.0 83.4
165.7 82.1
185.6 86.1
211.5 94.8
235.6 105.1
255.2 118.9
270.2 133.9
280.7 149.3
285.6 166.3
286.5 186.4
284.7 205.6
281.0 222.1
276.8 234.7
277.5 244.7
280.6 250.8
284.8 253.0
288.0 251.6
285.9 247.8
276.6 243.5
255.5 241.5
232.7 240.6
211.8 240.8
191.4 241.8
171.5 243.6
154.6 245.6
142.2 247.0
134.0 247.8
129.7 247.6
128.2 243.5
129.0 237.7
134.5 231.4
143.8 225.3
156.2 220.6
170.4 217.0
189.9 212.9
210.2 209.9
230.3 207.0
246.9 203.7
260.5 200.6
275.0 196.4
285.5 192.6
293.8 188.3
302.2 181.4
309.5 169.6
315.1 157.9
319.9 145.6
324.1 131.6
326.5 120.6
328.5 112.3
330.6 104.3
331.9 98.8
334.1 92.8
337.1 85.3
339.9 79.2
342.4 73.3
344.3 68.0
345.2 63.7
345.6 59.6
345.2 56.1
343.5 52.7
340.8 49.4
338.0 46.4
333.9 44.0
329.8 41.6
325.4 39.9
317.4 38.7
306.5 37.8
297.5 37.6
288.7 38.7
282.0 40.3
274.5 42.7
267.4 45.4
261.8 47.9
257.4 50.0
253.3 52.7
250.0 54.9
244.9 58.6
240.6 61.5
235.0 64.6
227.3 68.2
219.2 72.0
212.7 75.7
204.4 80.0
197.4 84.0
191.9 87.7
185.6 91.5
180.6 95.1
176.5 98.4
170.1 102.3
164.2 106.3
158.6 110.8
151.0 116.2
144.1 121.4
136.0 127.7
124.0 136.0
112.8 143.6
102.7 151.2
93.1 158.8
85.9 164.9
80.1 170.2
75.3 175.1
71.7 179.2
68.0 184.5
64.7 191.5
60.7 198.7
57.2 205.6
55.3 212.3
54.4 217.7
55.4 222.4
58.1 226.3
62.0 229.6
69.6 233.7
76.6 237.2
83.6 239.9
90.8 241.8
97.3 243.5
103.6 244.9
114.3 247.5
122.7 249.1
128.5 249.9
139.9 252.4
149.5 254.4
157.4 255.6
167.1 256.3
174.2 256.5
181.8 256.4
192.1 255.1
204.4 253.9
218.3 252.2
234.2 250.2
248.8 248.2
262.1 245.4
275.1 241.8
286.3 237.4
296.1 232.1
305.3 226.1
314.8 219.0
323.2 211.8
329.3 204.3
335.1 194.4
339.8 185.8
343.3 176.7
344.2 163.6
338.0 152.1
299.0 146.9
243.2 145.7
193.1 145.9
151.4 147.0
117.9 148.6
95.6 150.3
81.3 152.4
72.9 155.3
68.8 159.2
67.8 163.3
69.4 166.7
72.5 169.1
76.3 170.7
80.3 171.6
84.1 172.1
87.4 172.2
90.2 172.1
92.4 171.9
94.5 172.4
96.7 173.7
101.2 176.9
106.4 180.3
114.5 185.4
124.5 191.6
132.3 196.4
138.8 200.0
143.7 202.6
147.4 204.5
153.1 207.4
159.8 210.3
171.5 214.6
183.5 218.0
193.9 220.1
204.5 221.2
213.7 221.7
222.4 221.3
233.5 219.7
249.9 217.4
265.7 214.8
277.8 212.4
285.5 210.7
