88.6 83.3
87.0 82.4
87.3 82.6
87.5 82.7
87.6 82.7
87.6 82.8
91.6 93.4
95.3 116.0
96.5 135.2
96.8 147.8
99.5 143.1
105.5 129.5
110.2 117.6
113.9 109.4
117.7 113.9
120.6 119.1
128.3 118.7
137.8 116.5
144.6 114.7
149.7 120.4
153.0 126.7
160.6 128.1
174.9 123.0
193.3 117.3
208.3 115.9
219.5 116.4
228.1 116.9
238.7 114.1
253.2 108.3
265.1 104.7
275.6 108.1
284.4 112.6
292.5 115.7
299.5 116.7
303.1 120.2
299.0 128.8
274.5 144.4
239.8 161.4
188.3 170.5
134.3 173.3
94.6 174.0
67.5 173.2
54.0 173.7
54.4 180.4
60.7 194.7
70.1 206.6
84.7 214.8
102.6 219.4
128.4 221.8
157.2 227.9
179.6 234.4
179.4 241.4
150.2 245.6
116.0 245.8
87.2 241.8
69.7 230.4
68.0 211.6
84.9 195.4
112.9 184.3
156.4 182.3
203.3 182.5
248.5 177.6
282.4 170.2
306.1 145.2
315.9 112.1
316.2 84.7
301.5 63.0
272.4 49.6
248.2 44.3
231.9 51.1
229.8 73.1
238.3 106.1
243.3 142.2
240.9 172.5
232.5 196.1
203.3 214.0
166.2 225.7
131.1 230.1
106.1 225.7
90.3 217.6
82.8 204.5
81.9 190.3
97.8 176.6
133.6 161.6
180.9 143.6
221.6 127.3
253.5 113.5
278.8 98.5
295.7 85.5
303.1 74.6
290.1 68.3
253.3 68.4
216.9 71.0
181.1 76.4
152.8 82.5
134.3 92.4
138.6 116.1
159.3 143.4
198.3 177.1
231.9 206.0
251.1 227.2
242.0 239.5
207.9 245.2
164.0 241.3
127.2 231.5
97.8 215.5
75.9 198.3
62.5 181.1
57.0 164.6
61.2 149.1
71.4 137.8
98.4 130.5
143.6 128.1
190.0 123.8
229.4 115.7
267.9 98.7
298.4 82.9
319.3 67.6
331.0 56.7
333.2 51.3
314.4 68.3
283.5 98.3
242.5 136.6
194.3 179.6
152.8 214.8
112.9 241.3
81.2 260.2
59.7 271.6
45.3 276.7
35.6 270.2
31.3 245.3
30.8 207.7
34.6 169.1
40.8 132.8
46.9 104.1
52.7 83.7
57.7 70.8
69.5 69.1
98.9 86.2
148.0 124.6
196.7 165.5
241.0 203.5
275.8 235.0
302.0 258.8
319.9 274.1
331.5 278.5
338.7 266.0
341.7 235.8
339.9 187.7
335.2 144.3
328.8 106.4
322.3 78.8
316.3 60.6
310.5 50.4
294.9 58.7
266.4 87.7
232.5 124.3
197.7 158.8
167.1 188.0
137.4 215.1
110.1 238.4
86.4 253.0
65.9 256.6
52.0 245.8
45.3 212.3
44.4 178.0
49.9 149.0
66.5 130.0
99.3 136.6
158.6 175.2
215.5 210.5
261.4 236.7
299.2 249.0
328.3 238.3
338.3 214.8
330.0 189.2
310.5 167.5
286.3 152.3
259.0 155.1
229.9 175.2
197.3 203.4
158.4 232.2
119.1 252.6
85.3 259.0
60.3 252.0
48.0 239.2
57.2 217.0
86.2 198.8
138.6 191.1
192.5 188.2
242.3 186.8
283.8 182.8
314.5 176.0
335.5 164.3
341.5 145.0
335.4 127.0
322.2 113.7
294.8 106.9
259.5 110.2
227.4 117.2
195.8 124.6
168.4 130.9
142.2 135.0
115.8 136.2
91.6 135.6
70.4 133.1
55.3 130.1
46.0 124.4
43.5 115.8
50.6 107.5
75.4 100.5
116.5 96.5
165.3 94.4
219.1 92.4
270.4 89.9
310.2 87.8
340.7 84.0
362.3 79.0
372.7 71.2
369.0 62.3
354.9 54.3
329.0 47.8
298.9 45.1
263.9 45.4
230.6 46.6
197.1 47.1
167.7 47.5
137.7 47.3
110.2 46.7
89.7 46.1
74.0 46.1
61.4 48.5
53.6 54.1
49.9 65.5
49.4 84.7
51.0 103.8
52.2 128.3
50.7 152.7
48.9 170.5
48.2 182.5
51.7 187.0
68.1 181.7
96.9 174.1
154.8 164.9
208.9 157.1
250.2 150.8
278.6 148.5
288.0 149.9
274.2 154.5
242.6 165.2
212.0 177.4
194.7 191.6
187.5 204.4
180.1 216.3
167.5 227.3
152.7 240.4
146.8 254.0
161.9 265.3
184.9 272.5
212.6 271.3
249.1 261.0
276.7 243.5
294.1 210.0
302.6 171.9
302.1 134.5
291.8 97.4
274.9 66.8
249.2 43.9
223.7 28.9
192.2 22.2
158.1 23.4
128.6 31.4
102.9 45.7
74.2 76.9
53.6 107.7
41.0 145.2
40.6 183.5
57.5 218.2
94.0 246.9
140.2 265.7
197.7 275.7
250.0 282.8
287.6 285.1
317.6 278.9
338.3 264.9
351.3 241.7
358.3 203.0
360.3 169.5
356.0 140.2
347.9 118.6
331.5 105.2
309.4 99.6
287.2 106.2
268.4 125.1
256.4 149.5
249.5 172.7
242.3 192.2
213.0 207.7
175.9 217.5
135.2 221.8
97.9 221.8
71.1 218.7
56.6 210.1
56.1 193.3
62.3 176.5
78.8 156.8
102.8 140.9
128.9 130.6
170.0 132.5
216.2 145.3
254.7 164.3
276.7 186.6
276.7 207.9
259.8 224.2
223.6 227.3
190.7 218.6
164.2 200.8
146.7 179.7
149.0 153.1
165.0 130.8
191.8 113.0
229.5 99.9
265.3 89.0
294.8 80.6
321.1 70.0
339.5 58.7
349.3 47.5
352.3 39.0
349.3 33.7
339.8 34.7
315.9 49.4
274.9 83.0
222.5 128.7
171.7 172.3
119.7 213.4
78.1 245.9
47.4 270.0
26.6 286.4
14.7 295.4
9.7 299.1
9.4 299.1
12.1 296.8
16.5 293.2
21.7 289.1
37.5 279.1
81.1 249.0
133.9 208.1
188.0 166.3
237.8 129.0
276.2 99.3
302.6 78.2
319.1 64.6
327.6 57.0
330.2 54.1
329.0 54.4
325.5 56.8
320.8 60.1
315.6 63.9
310.7 67.7
306.2 71.1
302.5 74.1
299.4 76.5
297.0 78.4
295.3 79.8
294.1 80.7
293.3 81.4
