80.6 49.5
78.9 48.1
79.2 48.3
81.5 56.2
103.7 97.1
134.7 142.2
170.7 185.9
196.9 217.6
222.3 248.4
247.0 275.4
263.3 292.4
275.0 302.5
286.0 308.6
292.2 310.3
296.5 308.6
298.1 303.4
299.1 283.4
300.6 245.5
302.9 197.7
305.9 147.2
308.9 105.3
311.2 74.9
312.3 55.2
312.6 43.1
311.6 37.0
305.3 35.1
290.6 40.3
257.5 65.3
192.7 116.5
137.3 162.2
85.9 204.6
44.4 238.2
16.8 261.3
0.4 275.8
-7.6 282.5
-9.3 278.7
-4.2 245.9
3.6 203.4
11.9 157.0
21.1 111.9
28.6 74.5
34.0 47.2
37.8 28.2
40.2 17.0
41.9 11.8
43.0 10.6
43.6 12.1
43.9 15.2
43.9 19.0
46.7 23.8
57.9 32.9
80.0 46.7
109.1 59.8
142.9 71.5
165.3 86.0
171.8 105.5
156.6 135.9
136.9 162.6
124.7 181.9
133.7 198.3
150.3 212.2
163.9 223.8
175.2 240.4
178.5 256.5
177.8 268.9
178.1 276.3
191.8 278.8
221.9 273.0
252.3 260.7
277.4 243.0
295.7 218.9
306.2 192.9
310.1 167.9
309.4 143.9
304.7 122.8
296.8 107.0
275.4 95.0
253.7 88.0
235.7 85.6
218.6 87.0
206.0 90.8
195.1 99.7
181.9 112.4
168.2 127.4
154.7 142.8
141.6 157.5
124.7 175.7
103.8 196.6
85.9 213.2
70.2 224.9
58.8 225.0
51.4 217.5
47.0 204.0
45.1 188.4
46.2 170.6
50.5 155.7
62.6 143.8
77.6 138.3
97.4 136.7
118.8 137.9
140.4 142.4
165.2 148.6
192.2 156.0
219.3 162.9
244.1 168.0
273.7 170.5
296.9 171.0
313.1 168.8
324.0 165.6
330.5 161.2
333.3 157.4
333.2 154.2
324.3 151.2
303.5 148.0
275.6 145.8
248.2 143.4
221.0 141.4
197.8 139.9
170.8 140.1
144.6 141.3
120.3 142.8
101.4 143.7
88.0 141.5
78.2 138.0
71.8 131.3
70.0 120.8
71.7 109.4
81.6 98.7
101.9 90.5
137.6 85.8
173.1 83.9
210.3 85.2
242.5 88.1
271.9 95.3
291.9 107.4
301.5 124.2
304.3 143.7
298.9 166.5
284.1 191.6
268.6 216.0
255.2 238.6
249.5 259.3
255.0 278.6
268.4 294.6
283.2 305.4
295.8 311.6
306.3 312.3
315.6 304.3
321.1 279.6
323.1 251.2
320.3 218.3
314.0 187.9
306.0 160.3
295.6 137.6
285.0 121.2
276.9 109.7
270.4 101.6
266.2 95.1
263.6 86.7
263.8 76.5
266.1 67.4
271.6 58.3
278.0 51.0
283.8 45.4
288.0 41.8
291.0 39.1
293.0 37.7
294.9 38.3
297.9 41.4
299.9 45.1
297.7 50.1
287.6 56.8
267.9 66.3
240.8 79.2
207.7 91.7
176.7 103.9
145.0 118.2
112.0 132.9
86.3 146.6
64.7 163.4
51.7 180.3
49.8 196.0
70.4 215.5
104.7 235.1
136.4 249.6
161.0 259.7
175.6 266.8
163.9 273.2
137.5 277.8
111.6 279.8
89.9 275.9
76.7 258.1
74.8 238.2
101.6 210.6
134.4 184.9
166.0 165.2
202.6 150.0
237.6 138.3
274.2 126.6
300.6 118.0
317.9 112.0
327.8 108.8
332.2 107.8
