71.6 72.4
69.8 70.3
70.2 70.3
70.4 70.4
69.9 78.4
69.7 102.1
72.5 143.5
74.2 186.7
75.4 221.3
76.1 248.4
76.5 265.3
77.5 271.0
79.7 263.4
84.9 237.3
91.7 198.5
98.1 161.5
102.7 132.5
105.6 110.7
107.4 96.0
108.2 87.0
108.4 82.2
108.2 83.5
109.9 98.0
113.2 125.1
117.7 159.8
121.3 196.4
123.7 225.1
125.1 245.4
125.9 258.5
126.9 263.4
131.8 248.6
140.4 219.0
148.6 183.3
157.3 146.8
164.4 116.0
169.1 94.3
171.9 79.3
173.3 69.1
173.7 63.8
173.4 61.8
174.5 69.9
177.6 88.7
183.0 125.9
189.0 164.5
193.6 196.2
196.6 223.8
198.7 245.9
199.8 261.0
200.2 269.7
203.5 263.9
211.2 240.5
219.7 208.8
229.0 174.7
237.4 143.4
244.9 114.5
251.7 92.1
255.9 76.5
258.3 67.2
259.3 62.4
259.4 61.0
261.0 73.9
262.2 93.8
265.3 125.0
268.0 154.9
269.4 183.6
270.0 209.9
269.5 232.9
268.8 249.6
268.4 264.2
268.7 275.9
268.8 282.6
269.2 285.4
272.4 279.4
277.7 266.6
287.6 243.5
300.0 214.9
310.5 186.7
320.0 159.5
327.9 136.3
334.1 115.7
338.9 99.0
342.0 88.2
343.5 82.4
343.9 80.1
343.4 80.2
342.6 83.0
341.5 90.3
340.4 109.1
339.4 132.7
338.4 159.2
338.0 188.6
338.8 213.5
339.7 235.3
341.5 253.5
342.9 265.8
343.8 272.7
344.4 275.8
344.8 276.2
342.7 273.3
332.2 265.4
313.4 255.1
286.0 246.6
262.5 240.1
237.7 234.5
213.5 229.0
190.4 225.3
172.5 222.9
156.2 220.8
141.4 218.9
130.6 217.2
118.9 215.1
105.4 211.3
91.5 206.8
78.5 200.9
63.1 190.4
50.9 179.6
43.6 170.9
40.3 163.7
40.9 157.5
46.8 152.7
57.7 148.0
70.8 144.6
85.4 143.2
101.7 143.2
118.3 143.8
138.3 145.5
156.4 147.2
172.8 148.3
191.1 149.3
206.5 150.2
217.5 150.9
229.8 151.0
243.3 149.6
254.0 148.2
267.7 144.5
279.4 141.0
293.2 136.7
304.3 132.4
311.8 128.7
316.9 125.9
319.3 124.1
319.7 123.2
