105.5 51.5
104.1 50.1
104.4 50.4
104.5 50.5
104.6 50.6
104.7 50.7
104.8 52.2
105.2 75.7
105.6 113.3
105.8 161.3
105.9 204.1
106.0 237.8
106.1 259.9
106.5 272.5
113.4 266.5
126.5 239.3
139.9 200.7
156.0 161.2
169.3 129.7
178.4 107.0
184.5 96.1
188.3 112.9
191.1 139.3
197.4 165.8
203.6 184.9
217.0 187.4
234.2 176.0
248.5 159.4
260.3 143.0
268.7 130.5
275.4 124.5
287.6 139.2
302.3 166.4
312.6 188.3
319.7 204.1
326.9 197.8
329.3 177.9
328.3 157.8
326.1 141.8
323.2 131.2
321.6 139.8
331.0 167.7
342.7 196.9
352.0 221.2
358.4 238.7
364.0 246.0
367.5 244.3
369.3 230.0
362.2 202.6
348.0 176.3
332.4 155.4
313.2 140.4
292.1 134.0
267.7 137.4
241.2 148.7
219.1 164.3
202.4 180.5
185.4 198.7
169.5 213.6
150.9 224.1
123.0 225.7
104.0 222.8
93.5 205.2
88.5 179.5
87.8 158.7
102.2 140.8
126.6 129.8
161.3 128.2
201.5 131.1
232.8 127.1
255.5 117.6
266.0 104.7
247.9 90.2
222.4 80.2
190.4 74.9
159.3 73.9
131.7 78.4
112.8 88.3
103.9 101.4
105.8 120.0
117.6 144.0
129.3 165.1
139.3 185.8
143.7 206.4
135.8 227.7
116.3 242.7
91.9 249.7
69.7 250.3
53.9 243.7
44.5 233.4
45.2 220.4
65.5 207.0
105.2 196.4
155.9 188.6
205.1 182.1
247.2 177.9
278.7 175.0
304.3 172.4
325.6 168.8
339.4 166.3
347.4 163.8
351.6 161.3
352.0 159.5
348.1 158.5
335.3 156.4
299.5 148.4
252.1 137.1
199.1 123.4
159.4 113.2
131.9 106.4
116.9 101.5
116.4 97.6
137.6 96.0
162.0 94.9
182.8 93.2
197.6 91.5
196.9 88.4
185.3 84.7
166.0 80.5
144.8 76.6
127.2 73.3
114.8 71.3
110.6 68.4
120.9 65.9
151.1 64.4
189.6 63.7
222.9 63.5
248.1 63.6
265.8 64.0
276.9 64.5
282.7 65.0
284.6 65.1
263.1 61.9
229.3 58.0
190.9 55.9
150.2 56.0
111.7 57.8
83.0 61.5
64.1 70.0
55.7 83.1
59.0 98.8
72.3 120.5
85.5 142.9
89.5 169.0
85.7 194.0
78.3 213.6
71.9 227.4
69.3 237.3
73.0 245.6
91.1 255.3
114.2 264.2
146.7 272.2
174.1 276.6
204.9 277.4
238.5 275.6
276.9 270.6
307.8 265.5
333.6 259.3
351.2 251.8
362.9 240.1
369.4 227.7
371.0 206.2
369.7 187.5
367.7 170.3
365.1 153.8
363.4 139.6
362.3 127.5
361.3 118.6
360.1 112.5
358.8 108.3
358.0 105.2
357.3 101.8
356.6 96.3
356.1 89.0
355.6 80.2
355.0 71.1
350.4 64.0
337.3 59.6
310.5 64.6
282.3 74.6
251.6 90.2
217.6 107.8
194.5 122.2
189.5 136.8
202.9 156.6
216.0 175.0
227.1 189.4
235.3 200.2
240.1 208.5
241.9 215.4
241.6 221.2
239.0 225.8
231.4 230.2
220.0 233.1
207.0 234.3
185.0 232.8
159.7 228.0
123.8 221.2
93.9 213.1
72.3 201.7
55.1 179.2
45.1 159.1
41.6 141.8
46.2 128.4
58.3 119.5
81.1 122.3
116.8 136.4
160.0 158.4
197.1 182.7
227.9 205.1
256.9 224.0
276.9 237.1
297.0 238.5
316.3 227.3
329.2 207.3
337.3 185.4
340.0 162.7
337.9 138.5
332.8 118.6
320.2 102.7
302.4 91.7
274.8 85.8
233.9 86.2
197.9 91.3
170.1 100.6
149.4 111.2
135.7 120.0
127.7 128.6
124.5 139.4
132.8 156.0
150.0 175.1
178.0 197.6
203.7 216.5
223.3 230.3
231.8 240.9
228.3 248.9
223.5 254.0
219.6 257.4
224.1 259.3
244.5 258.0
267.1 253.4
293.8 245.5
317.3 237.8
334.6 230.3
350.2 219.1
361.3 208.3
368.1 199.5
370.9 188.7
363.9 174.6
348.5 161.8
330.9 153.2
306.5 148.0
276.9 146.7
248.1 147.6
214.4 147.7
186.5 147.4
163.4 147.1
139.6 145.7
116.6 142.5
99.7 135.5
86.5 126.1
78.5 116.1
76.5 103.8
79.0 93.4
86.2 85.3
100.1 84.9
115.3 90.2
128.4 96.9
142.7 104.8
169.6 117.3
203.1 130.9
236.9 143.2
265.9 154.1
286.9 164.4
304.6 177.2
321.8 192.2
333.3 204.7
341.3 214.2
346.1 221.2
348.0 227.0
344.6 231.9
314.0 237.1
268.0 240.6
226.2 242.7
194.3 244.2
168.5 245.6
148.9 248.7
135.3 252.3
124.8 256.1
110.5 258.4
94.9 255.7
82.6 248.3
73.6 236.1
68.1 220.4
66.2 206.9
69.7 196.9
81.9 190.2
106.2 187.6
140.8 186.6
185.3 186.7
233.0 189.8
269.7 192.6
303.6 194.1
335.5 193.9
356.6 193.9
369.5 192.1
376.5 187.2
378.2 182.7
375.2 178.1
362.6 173.0
336.5 167.2
303.7 161.4
266.1 156.0
225.3 150.2
192.1 145.6
167.2 142.0
143.3 138.1
124.5 135.7
111.4 134.0
102.8 132.6
98.7 131.6
96.8 130.5
96.7 129.6
97.1 128.1
98.7 127.3
100.9 126.9
109.6 126.8
127.9 127.7
152.0 130.3
177.5 134.6
202.2 138.3
224.5 141.4
241.4 143.5
255.6 144.9
266.4 145.7
275.9 146.1
287.5 146.2
296.7 146.0
302.4 145.8
305.1 145.5
306.0 145.2
305.5 144.9
304.1 144.6
302.2 144.4
