89.6 71.4
88.0 70.3
88.3 70.5
88.5 70.6
88.6 70.7
88.7 70.8
88.7 70.8
88.8 70.8
88.8 70.9
88.8 70.9
88.9 70.9
88.9 70.9
88.9 71.0
89.0 71.0
89.0 71.0
89.0 71.0
89.0 71.0
89.0 71.0
89.0 71.0
89.0 71.0
89.0 71.0
89.0 71.0
89.0 71.0
89.0 72.8
89.0 79.8
90.1 92.1
91.7 107.1
92.9 119.3
93.7 131.0
94.3 140.5
94.6 148.0
94.8 155.2
94.4 162.9
94.1 171.4
93.8 183.8
93.6 195.9
93.4 205.0
93.2 212.9
92.7 219.5
92.0 224.8
91.5 229.2
90.7 233.3
90.2 236.9
89.8 240.3
89.6 243.9
89.2 247.1
88.5 250.7
87.6 253.6
87.1 255.9
86.7 257.2
86.5 257.6
86.4 257.6
87.1 257.1
89.2 256.6
91.2 255.9
94.5 255.3
100.3 255.8
106.8 256.9
115.5 257.6
125.0 258.5
133.3 259.1
141.4 259.5
148.7 260.0
154.9 260.8
161.3 261.6
169.0 262.5
175.9 263.5
183.5 264.6
192.9 265.6
201.7 266.7
209.0 267.8
216.0 268.8
221.5 270.2
225.8 271.6
231.5 273.2
238.6 274.6
244.7 275.6
249.9 276.1
257.9 276.0
266.1 275.4
273.8 274.1
286.4 270.8
301.1 266.8
314.9 263.1
326.7 258.9
335.9 255.3
341.8 252.4
346.4 249.4
350.5 245.0
353.5 237.1
355.3 226.7
356.1 215.6
355.9 203.4
355.2 192.0
354.2 182.5
353.0 174.2
351.9 165.6
350.9 155.9
347.8 142.5
344.7 129.5
341.9 119.3
339.6 111.9
337.3 106.1
335.7 101.5
334.0 95.2
332.6 89.5
331.7 83.7
331.2 77.6
331.1 71.6
331.1 66.5
331.3 62.0
331.6 57.9
331.9 54.5
332.1 51.5
332.4 49.1
332.2 47.2
331.0 45.6
328.6 44.4
324.2 43.6
319.1 43.4
314.3 43.5
309.4 43.9
304.2 44.4
298.5 44.9
291.3 45.4
285.2 45.8
280.1 46.2
275.7 46.5
272.4 46.7
270.1 46.9
268.2 47.0
266.6 47.4
264.7 48.5
263.4 50.0
261.2 52.6
259.2 56.0
258.4 62.9
262.1 74.6
272.6 93.1
281.5 110.8
288.2 125.2
292.1 141.5
293.4 155.5
291.7 170.2
288.1 184.2
281.3 197.5
272.3 209.7
263.3 221.3
254.4 232.5
247.8 242.0
244.9 253.8
245.2 265.0
246.9 274.9
248.3 282.4
247.5 288.5
239.0 293.6
209.1 294.7
176.9 292.6
149.8 289.2
124.9 284.2
102.3 277.6
80.7 268.7
62.8 258.3
49.5 245.7
41.2 231.8
36.9 219.0
36.2 208.7
38.2 200.9
42.7 194.7
51.6 189.2
63.6 184.7
80.9 180.4
104.0 177.0
127.7 174.8
147.8 174.0
174.1 174.0
202.0 174.2
222.7 174.0
243.4 172.4
261.1 170.0
272.8 167.6
286.1 160.5
298.1 150.2
309.0 132.4
316.7 109.5
319.2 87.7
313.8 66.9
298.6 50.2
279.3 37.2
253.8 28.5
213.9 25.0
176.9 25.6
147.2 28.7
123.2 33.8
103.7 40.0
88.4 47.1
74.5 56.4
65.4 65.0
60.2 75.4
60.0 87.7
67.3 101.5
86.2 122.4
108.0 144.2
125.7 163.9
136.9 185.4
135.4 209.1
127.7 228.0
118.1 241.2
107.8 249.3
98.8 253.1
91.8 254.1
86.9 253.0
83.7 250.5
82.6 245.7
84.2 238.3
88.2 228.9
95.9 219.6
108.3 212.0
122.4 206.2
147.6 202.2
188.6 198.7
228.7 195.5
262.0 192.1
293.5 182.6
319.5 163.0
341.1 128.7
353.1 93.6
356.3 63.7
352.9 40.3
347.0 24.8
333.7 20.3
313.0 25.8
286.9 41.9
259.3 63.3
230.9 87.9
200.6 113.7
173.8 139.1
147.7 165.8
126.6 189.6
108.9 209.8
93.4 226.5
79.9 238.4
71.1 245.8
66.0 249.9
64.3 251.1
64.9 250.4
70.9 248.8
83.4 246.5
116.1 242.2
154.4 237.2
204.0 230.5
241.8 224.2
272.4 218.0
296.6 212.8
312.1 209.2
320.5 206.9
323.7 205.6
323.5 205.1
319.3 204.3
309.1 203.7
269.1 196.5
215.2 188.2
166.4 180.8
124.4 173.4
90.0 167.0
64.4 160.1
46.0 152.0
35.6 146.1
31.2 142.1
35.6 138.8
58.1 135.2
104.6 131.7
181.5 130.8
256.8 130.3
319.1 129.3
364.0 128.7
393.4 128.1
410.6 127.7
418.2 126.8
416.9 125.6
401.1 122.7
369.8 119.5
325.1 114.7
270.8 107.3
212.3 98.2
156.4 90.0
111.1 84.2
77.9 80.6
57.1 78.6
45.9 77.8
41.6 77.7
43.1 77.8
52.1 77.6
83.1 76.9
124.0 75.6
181.8 72.9
240.0 70.0
285.6 67.6
317.6 65.7
338.4 64.5
350.2 63.9
355.3 63.6
355.4 63.7
349.7 64.3
329.1 67.1
295.5 76.7
252.9 90.7
203.3 109.6
159.5 126.1
126.8 139.5
104.4 149.6
91.3 157.4
93.5 164.9
113.5 174.5
141.6 186.9
173.3 204.0
201.1 221.2
223.9 238.0
240.3 253.7
248.6 266.0
242.3 275.7
221.8 283.2
192.4 287.6
165.4 287.1
143.8 280.2
128.2 268.0
120.8 252.0
122.4 236.0
134.8 220.7
152.8 207.9
192.0 195.4
227.8 185.2
258.2 167.9
281.0 147.2
296.3 122.1
304.1 97.6
302.0 73.7
294.5 55.1
283.5 42.4
267.3 35.5
251.0 34.5
235.6 39.9
221.4 51.6
212.5 70.2
214.8 100.1
225.5 140.3
240.4 185.7
253.3 226.3
261.9 260.5
265.3 286.7
258.9 306.4
242.2 317.8
217.7 319.8
189.2 309.9
166.1 295.3
148.4 272.6
137.8 247.3
134.3 221.3
139.4 196.1
155.9 170.4
177.8 149.9
199.4 133.4
220.4 118.2
236.4 103.0
243.6 90.5
242.5 81.7
233.2 74.9
219.9 71.1
208.4 72.9
202.1 80.1
202.3 97.8
204.0 115.7
206.4 133.8
204.4 153.4
184.8 174.9
166.6 191.5
153.0 206.3
144.0 222.9
140.5 240.0
138.3 255.3
132.1 269.4
121.7 280.4
104.6 287.6
88.5 288.6
71.1 270.7
57.0 246.5
47.5 217.0
40.1 177.6
34.6 143.4
31.9 115.4
29.6 89.5
28.3 68.8
28.2 52.3
29.0 39.2
30.1 30.1
31.5 24.9
32.9 23.3
34.2 24.0
35.3 26.1
37.7 28.9
44.7 33.1
54.8 39.5
66.4 46.6
78.1 56.2
90.8 71.9
101.1 91.0
107.9 111.5
110.8 135.3
110.2 156.8
106.1 176.2
101.2 192.0
99.5 206.3
103.2 219.1
106.2 227.5
109.5 233.0
112.1 236.9
116.4 239.3
124.6 240.1
135.3 238.9
144.1 234.8
150.1 227.6
153.9 221.7
158.6 218.1
169.5 217.0
186.7 216.6
200.9 216.5
212.8 216.5
222.4 217.4
229.5 219.3
238.3 221.1
249.6 222.5
260.8 222.8
269.1 222.1
275.9 220.5
281.0 218.0
285.4 214.7
289.2 211.1
292.2 208.1
294.7 204.6
297.0 200.7
299.4 195.8
301.9 191.0
304.6 185.8
307.3 181.2
309.3 177.1
311.5 173.1
313.5 169.4
315.4 166.0
316.8 162.5
318.3 158.1
319.9 152.3
320.8 146.5
322.0 141.5
323.4 135.1
324.6 127.8
325.7 119.9
326.7 113.5
327.7 105.8
327.8 100.7
325.2 97.3
314.6 97.0
283.9 100.4
236.7 107.4
188.3 114.9
137.6 123.8
97.1 131.5
70.0 137.4
53.9 141.5
52.0 144.0
77.5 150.5
112.3 163.8
143.9 179.3
168.7 194.0
181.2 209.4
178.7 221.7
164.7 231.1
153.0 237.1
143.6 241.1
138.6 250.5
135.9 261.7
135.3 271.0
142.9 276.5
159.4 277.6
181.3 276.2
210.6 274.2
242.3 271.6
266.5 268.3
284.0 264.4
295.3 261.3
301.9 257.8
300.3 253.4
280.6 248.7
248.8 244.2
215.3 241.2
172.4 237.7
134.2 234.8
98.8 230.7
70.1 225.1
51.0 219.7
39.9 214.6
37.1 209.1
47.6 202.1
75.6 195.5
123.7 192.6
180.2 190.1
237.9 185.8
291.1 180.2
332.0 173.5
358.9 164.2
371.1 153.7
369.8 142.8
357.2 131.3
335.7 119.9
312.4 112.3
277.4 107.7
247.2 105.4
216.9 106.1
190.2 108.8
161.1 112.6
138.8 116.0
117.8 119.2
95.0 122.1
77.4 124.4
65.7 126.0
57.4 127.1
50.9 121.9
47.8 113.3
47.7 102.7
52.3 91.2
61.8 81.0
74.4 73.5
95.5 68.4
122.4 65.3
153.8 64.9
182.8 67.3
212.3 71.5
238.5 77.4
258.1 83.6
270.6 89.8
274.4 100.6
266.9 116.0
252.0 134.2
238.0 151.7
226.6 168.3
218.7 182.5
216.6 197.7
216.9 209.4
221.1 219.6
225.8 226.7
231.3 233.5
236.2 238.3
240.9 241.7
244.9 243.4
249.8 243.0
255.7 239.1
262.4 233.3
269.6 224.7
277.4 213.6
283.8 203.3
289.0 194.3
293.4 184.8
295.9 175.3
297.5 167.7
298.1 161.1
297.9 155.5
297.8 151.4
297.3 148.1
297.0 145.6
296.6 143.8
296.5 142.7
296.3 142.4
296.1 142.7
295.9 143.2
295.6 144.0
295.5 144.8
295.3 145.5
295.2 146.2
295.1 146.8
295.0 147.2
295.0 147.6
295.0 147.8
294.9 148.0
294.9 148.1
294.9 148.2
295.0 148.2
295.0 148.2
295.0 148.2
295.0 148.2
295.0 148.1
295.0 148.1
