117.4 79.4
116.2 78.3
117.3 79.4
117.7 86.7
117.9 115.9
118.0 153.0
118.0 186.0
118.0 208.3
118.1 221.3
120.4 220.0
124.5 203.1
128.5 181.0
133.6 156.3
137.9 136.2
140.9 121.3
143.2 110.9
149.7 120.3
157.6 147.9
163.6 174.6
167.9 198.2
170.5 215.2
173.4 226.9
179.1 224.6
185.5 214.1
191.6 197.6
197.9 175.0
205.0 149.5
212.7 125.4
219.3 106.8
233.0 98.5
256.1 101.5
280.0 113.9
298.0 135.0
301.1 172.9
285.9 211.7
252.0 245.1
199.3 264.2
150.3 271.1
110.1 265.0
83.2 242.1
68.9 216.3
75.4 184.2
100.1 152.5
133.1 126.7
168.0 108.1
199.5 94.5
225.8 84.2
245.6 77.0
259.0 72.3
264.4 68.0
259.4 64.7
230.4 66.9
198.7 76.0
172.3 95.9
155.8 124.5
164.8 164.6
181.1 199.5
194.8 226.9
204.6 246.7
208.2 259.5
194.0 259.8
167.1 245.7
147.7 228.1
143.6 208.9
175.5 190.9
208.2 176.2
235.4 163.0
255.2 148.4
268.1 136.8
272.1 127.9
266.3 132.3
259.6 148.9
260.4 169.5
265.2 188.2
269.5 202.5
272.2 212.6
260.1 213.3
212.0 199.1
161.0 181.7
118.8 164.0
87.9 149.2
67.5 136.4
57.8 122.7
58.5 110.1
64.2 98.8
70.7 85.9
75.1 73.9
71.8 60.9
65.6 50.3
60.0 42.3
56.3 37.6
61.6 39.2
78.9 48.4
97.3 65.9
110.1 89.4
116.6 115.5
120.3 138.7
125.2 159.6
147.2 183.0
171.9 203.8
191.7 221.2
207.4 237.3
220.1 251.4
229.7 261.3
238.9 266.6
252.2 263.9
270.4 245.3
288.1 209.8
301.7 176.6
310.2 150.2
311.0 129.0
296.6 109.4
281.5 95.5
269.3 87.0
258.7 87.1
256.3 94.7
256.2 104.3
253.6 116.3
245.0 130.8
235.4 143.8
226.8 157.4
217.6 172.0
210.2 185.5
204.4 201.4
199.0 216.7
189.4 232.0
177.8 244.1
158.8 251.2
128.4 248.4
95.0 235.0
70.6 219.6
55.2 204.0
49.4 187.3
50.5 172.0
62.0 159.3
96.5 148.9
139.1 142.1
183.3 134.2
219.5 127.1
250.8 118.5
274.7 107.4
289.5 96.4
287.7 81.8
271.1 68.2
248.0 58.5
223.4 53.3
198.3 53.0
175.5 58.5
163.4 73.3
162.4 92.8
170.8 115.8
181.1 140.4
186.8 164.1
182.6 186.3
172.1 205.0
163.8 221.0
163.7 237.2
169.4 252.2
170.2 263.4
153.7 263.1
133.8 253.1
119.1 238.7
119.1 221.2
148.1 202.2
202.6 185.4
255.8 173.2
297.6 162.7
327.9 153.3
345.8 141.4
334.2 117.0
317.8 97.4
300.1 82.6
278.1 72.9
255.9 67.4
234.7 66.4
217.5 69.9
202.6 82.7
194.5 99.3
199.8 122.4
211.3 148.7
220.8 173.9
226.0 196.6
224.2 217.0
216.1 231.6
197.6 241.2
167.9 245.0
136.2 237.7
108.1 217.6
86.8 192.8
78.4 167.0
83.0 142.8
109.1 123.6
156.8 113.1
209.8 106.1
250.3 96.2
275.2 82.0
281.8 66.1
269.0 53.6
242.9 45.0
213.4 43.1
188.8 46.2
171.1 57.6
167.4 82.4
181.0 120.7
198.9 158.8
214.2 190.0
225.5 220.1
230.7 243.9
219.9 259.5
193.9 268.5
168.1 271.7
145.3 267.7
128.1 259.6
116.2 250.8
113.7 240.5
124.1 230.3
149.4 220.6
181.4 210.4
223.2 195.0
256.9 181.2
281.8 166.8
298.7 152.9
305.9 138.8
304.4 126.1
298.0 116.5
290.3 110.3
278.0 107.1
266.3 106.0
255.0 106.3
244.7 107.9
236.5 111.4
230.9 117.5
229.9 126.9
234.4 139.4
244.7 154.7
254.8 169.5
262.2 182.6
264.3 193.8
258.0 202.6
250.6 208.0
244.4 207.9
240.4 203.3
241.7 197.1
247.8 189.5
257.2 181.9
265.0 175.3
271.2 170.6
276.5 166.1
280.5 162.1
284.4 156.8
287.6 152.2
289.5 148.1
290.4 144.4
290.6 141.7
