71.6 94.3
69.8 93.5
70.2 93.6
70.4 96.5
73.5 126.2
63.4 183.3
54.3 231.2
48.8 268.6
45.4 292.2
43.9 305.8
44.8 309.0
55.3 294.8
74.7 267.4
97.9 230.8
122.7 192.2
145.1 157.7
164.7 127.9
180.3 103.7
191.4 86.5
199.3 75.1
204.1 67.4
207.8 62.9
209.6 61.6
210.7 62.0
213.4 64.1
225.7 69.1
247.2 78.6
271.3 88.9
292.4 98.0
308.3 105.6
318.5 112.0
320.5 117.9
307.3 125.1
271.6 138.8
233.4 153.7
205.3 167.9
190.6 182.7
197.9 202.7
215.0 221.7
240.6 243.7
267.3 263.8
291.2 279.3
311.1 289.6
335.9 292.7
355.3 284.9
372.6 255.1
385.1 216.7
390.9 177.7
393.2 143.7
390.2 115.6
384.9 95.1
379.0 81.2
373.1 73.3
363.7 72.5
344.9 77.8
306.0 91.1
262.8 108.5
209.6 126.9
154.0 143.2
109.4 156.6
61.2 168.6
20.2 177.0
-6.2 182.2
-23.7 181.4
-30.7 172.6
-29.6 155.0
-20.7 132.4
-5.5 106.7
9.2 82.6
22.7 62.2
34.6 46.5
56.5 42.4
107.2 68.6
173.9 114.7
242.1 169.5
300.2 218.4
341.0 253.9
366.8 278.0
379.9 292.1
380.1 294.3
364.7 282.4
336.2 256.4
288.9 216.7
239.1 178.0
197.4 145.3
167.5 121.6
147.2 105.7
134.8 96.0
128.2 91.0
125.8 89.3
126.4 89.9
128.3 91.9
129.7 100.1
125.7 125.7
120.4 161.3
115.7 190.7
112.8 212.0
111.3 226.7
110.5 236.2
112.6 240.0
134.2 232.8
169.9 215.3
203.9 186.5
229.4 160.7
247.6 139.3
259.2 123.0
265.7 112.1
268.5 105.4
268.7 101.9
262.1 99.7
248.8 98.9
219.0 98.6
187.4 99.3
158.7 101.2
137.4 103.5
123.0 106.1
113.1 111.2
106.9 119.2
105.5 130.5
107.7 145.5
113.0 161.9
119.6 177.4
126.0 190.2
133.1 201.3
140.4 209.9
148.5 215.3
166.5 217.0
205.2 211.5
243.7 201.4
273.5 187.2
291.9 166.4
299.1 146.3
295.2 127.3
273.6 109.1
249.6 95.9
225.7 88.6
201.2 86.6
177.2 90.7
158.0 100.3
145.0 111.5
139.1 124.9
141.3 139.7
146.5 152.1
152.8 162.0
159.3 169.3
167.2 174.3
179.0 176.8
190.9 176.2
201.1 173.9
210.9 169.6
220.1 160.0
225.4 149.1
227.8 140.5
227.2 133.2
225.2 127.8
220.9 124.4
216.0 122.8
210.6 122.5
205.3 123.3
199.9 125.0
195.3 127.4
191.0 130.5
187.4 133.8
184.7 137.7
182.8 142.1
181.7 146.0
181.3 149.8
182.1 153.1
183.3 155.3
185.2 157.3
187.9 158.8
190.7 159.6
194.7 159.9
198.4 159.9
201.0 159.6
203.4 159.3
205.0 158.9
206.3 158.5
207.0 157.7
207.3 156.7
207.7 155.6
207.8 154.8
208.1 153.8
208.2 152.4
208.1 151.4
208.0 150.4
207.9 149.7
207.7 149.3
207.5 149.1
207.4 149.0
207.3 149.1
