68.7 65.4
66.8 64.2
67.1 64.5
67.4 65.3
67.5 92.2
64.9 141.7
60.6 193.9
56.6 234.6
54.2 259.3
54.7 268.4
61.4 258.5
73.4 229.4
89.0 197.3
103.2 170.8
114.0 150.7
125.7 140.3
138.0 154.5
147.7 180.0
155.7 207.1
165.0 225.8
186.7 221.8
208.4 205.6
224.1 179.7
229.1 152.1
221.8 128.6
201.5 111.8
180.1 103.9
160.5 106.3
145.8 114.2
140.6 128.8
154.3 152.6
179.2 176.5
218.6 194.2
261.0 198.6
297.5 193.8
323.9 176.1
341.6 156.0
351.4 137.6
353.3 121.7
350.0 109.7
338.7 100.9
319.7 96.9
276.9 96.6
221.1 97.5
175.7 99.0
138.3 100.9
102.6 102.4
70.7 103.1
50.3 103.5
36.8 103.6
30.2 103.8
28.4 104.0
29.9 104.2
33.4 105.1
41.0 120.2
53.0 146.9
64.0 178.1
72.7 205.6
79.3 226.4
83.9 241.2
87.0 250.2
88.9 254.5
93.6 240.3
94.9 201.8
93.5 167.3
89.5 136.0
83.5 107.8
78.5 87.7
75.4 75.0
122.4 78.1
184.8 93.7
245.6 115.2
290.2 134.4
320.5 149.2
337.5 160.0
329.2 163.4
308.3 165.5
271.0 175.7
237.5 184.7
213.4 196.2
206.9 213.0
212.8 230.3
219.0 242.6
224.6 252.3
223.1 263.3
214.0 272.9
204.7 278.6
182.8 275.0
149.7 254.2
125.4 222.6
110.0 190.9
102.3 157.1
98.5 123.8
97.8 93.9
99.3 69.6
92.5 50.3
83.1 38.6
70.6 33.7
57.6 34.0
47.6 41.4
48.3 64.2
65.3 95.1
99.2 132.0
130.0 163.2
154.3 185.9
177.7 198.1
204.5 196.3
229.8 178.7
247.9 159.0
260.6 136.8
267.7 119.0
270.7 105.5
270.8 96.2
269.2 90.2
