216.9 132.1
217.2 131.8
217.1 131.9
217.1 131.9
217.1 131.9
245.3 130.3
277.3 123.7
297.8 116.5
310.3 111.5
313.6 108.3
293.7 112.6
262.5 122.9
222.5 136.4
190.2 147.7
165.9 156.2
148.9 162.4
138.2 166.4
138.9 169.0
168.9 173.2
197.6 177.9
208.3 187.2
196.4 196.3
163.3 204.7
132.2 211.7
109.1 216.2
94.8 219.0
117.0 224.4
157.4 229.2
198.8 232.9
235.9 235.0
262.7 236.0
281.0 236.1
290.5 235.7
273.1 233.1
212.1 225.7
136.6 213.9
77.6 194.7
39.6 173.0
44.6 148.0
80.3 129.4
144.0 118.8
195.4 112.5
233.0 109.2
247.2 99.8
233.3 84.4
217.8 73.6
196.5 70.4
175.4 75.1
169.4 89.1
182.1 107.0
197.3 126.2
196.1 147.9
170.2 168.6
145.3 186.5
127.9 202.7
123.5 223.0
120.8 239.2
112.2 251.1
104.1 258.4
99.0 262.1
122.4 260.6
162.7 253.1
211.0 239.2
249.6 220.5
279.2 187.2
292.3 143.7
290.7 102.1
280.4 71.4
268.8 52.7
259.5 47.1
261.6 51.9
272.5 63.0
284.2 76.7
292.6 91.0
294.9 105.1
291.1 119.5
284.4 132.4
278.4 142.7
273.3 151.0
269.8 159.0
268.4 169.5
267.5 178.7
267.1 186.1
269.2 194.0
275.8 203.6
279.4 212.5
278.4 223.3
277.0 233.7
274.8 244.2
270.7 252.4
265.1 259.2
260.8 264.7
258.2 268.1
257.0 269.5
254.8 269.7
233.2 260.9
208.5 249.2
187.7 235.8
171.1 220.2
156.6 203.6
147.0 183.2
141.5 164.3
136.1 146.6
123.9 129.1
115.1 116.9
109.8 109.5
105.6 104.3
100.3 99.0
93.3 91.7
86.4 83.4
78.3 72.4
72.8 63.7
69.2 54.6
64.8 44.5
60.8 36.5
58.1 31.3
56.9 28.5
56.5 27.5
58.3 32.9
65.7 46.3
74.9 62.9
83.9 80.5
92.7 98.2
100.5 115.3
107.0 129.4
111.6 142.8
114.0 154.8
112.9 168.3
109.6 180.8
105.1 191.2
99.9 199.8
94.4 207.3
88.4 216.7
82.9 225.8
76.5 238.8
69.7 253.7
64.0 265.5
58.8 274.9
54.7 281.2
52.2 284.5
50.9 285.7
50.5 283.6
51.8 278.1
54.3 268.8
56.9 255.7
59.0 243.4
60.6 231.8
61.8 222.4
62.7 213.5
63.6 206.1
65.4 200.3
67.3 195.4
69.1 191.1
71.7 186.1
74.7 181.3
78.2 176.5
81.8 171.8
86.0 167.4
91.2 163.7
96.2 160.8
102.2 158.8
109.6 157.6
117.2 156.4
126.2 155.5
137.0 154.9
147.5 154.8
159.0 154.9
171.8 155.3
184.2 155.7
199.4 154.7
216.7 151.4
232.1 148.6
247.8 146.3
263.5 144.7
277.4 143.0
290.2 141.6
301.8 139.9
310.3 138.5
316.8 136.2
324.6 132.8
330.6 128.6
334.4 123.8
336.9 117.2
338.0 107.7
338.3 98.7
338.1 89.6
337.7 79.3
337.3 69.0
335.9 61.0
331.9 54.5
323.9 50.5
312.6 48.6
301.9 48.0
292.4 48.4
281.8 50.0
272.9 52.5
267.1 58.4
264.8 68.0
265.1 79.3
267.6 90.3
272.0 103.7
276.2 117.3
280.0 129.7
283.0 142.0
286.2 157.2
289.0 169.7
290.9 180.8
291.0 191.7
289.3 200.8
286.8 208.1
283.2 214.8
278.3 224.0
273.4 231.4
268.9 237.6
263.8 244.1
258.5 249.8
253.4 254.2
245.2 258.0
234.6 261.2
222.8 263.1
208.6 263.1
191.4 261.7
174.9 259.8
157.9 256.1
140.5 250.8
123.0 243.4
106.4 234.5
90.8 222.4
77.9 208.9
67.2 193.7
59.5 178.6
52.9 160.5
48.4 144.6
45.4 131.2
44.0 117.0
44.1 103.9
45.5 92.3
48.8 81.9
53.6 74.1
59.9 68.8
71.5 64.7
86.1 62.6
102.1 61.5
120.7 61.6
139.3 63.2
158.2 66.6
180.3 71.8
200.2 77.9
221.1 85.6
244.1 95.1
261.3 103.8
274.2 112.2
283.4 121.3
290.4 132.3
294.8 141.7
298.1 151.5
300.2 162.1
300.9 176.1
299.9 189.7
296.4 204.7
288.3 219.5
273.1 232.6
256.2 242.5
235.5 250.2
215.6 256.3
195.3 261.8
174.7 267.2
156.2 271.2
137.4 272.8
120.7 271.9
101.6 267.8
84.0 261.1
66.9 249.0
49.5 229.2
36.6 209.2
28.4 189.1
23.8 169.7
22.4 149.1
23.3 128.3
26.4 109.6
31.8 90.1
39.9 69.2
52.1 51.5
71.8 36.7
105.5 25.1
140.1 18.7
172.1 16.2
202.0 16.6
228.9 20.4
248.0 24.8
267.7 32.0
285.9 39.5
300.3 47.3
316.2 56.2
327.6 63.9
333.8 69.3
337.4 73.9
338.4 77.3
337.5 79.5
335.5 82.2
328.1 83.7
312.9 85.0
298.9 87.2
282.5 90.6
264.1 95.5
249.8 101.8
240.1 110.6
235.2 118.7
234.2 126.4
237.6 135.6
243.5 146.7
249.4 157.5
254.6 169.6
258.8 182.2
260.8 192.8
257.7 202.9
251.1 211.9
241.9 219.2
230.2 225.0
217.6 230.0
203.0 234.9
191.2 238.7
180.7 242.2
168.6 245.8
155.5 249.2
138.7 251.1
120.6 251.2
101.7 248.4
86.4 244.4
74.8 238.5
66.8 229.0
61.4 217.4
57.9 203.0
56.4 189.9
56.1 176.4
57.0 164.2
58.1 153.1
59.3 145.5
60.6 141.1
61.9 139.1
63.6 142.7
66.0 150.1
70.9 160.9
76.5 172.8
83.6 186.6
91.7 199.3
98.9 210.3
107.2 219.5
114.7 225.9
121.6 229.0
129.0 228.9
139.7 225.2
151.5 218.8
165.1 211.5
176.9 204.7
188.8 197.7
199.1 191.1
208.9 184.6
222.1 176.1
232.6 169.4
246.6 158.0
260.2 147.4
273.2 138.4
283.8 131.4
291.7 125.6
298.0 120.8
302.8 116.9
305.5 114.2
306.4 112.9
305.7 112.7
299.1 115.3
289.1 121.9
272.2 135.3
252.6 151.3
233.0 166.4
214.6 182.5
196.9 197.1
181.7 208.9
167.8 218.3
157.0 225.2
146.6 230.9
137.1 235.4
127.7 239.5
119.2 242.7
110.6 245.7
102.4 248.2
94.6 251.2
87.0 254.7
80.9 257.9
74.2 261.9
67.6 265.6
60.7 269.7
55.7 272.7
52.9 274.5
52.0 274.9
55.9 272.3
65.8 264.7
81.2 253.1
102.3 237.6
125.0 221.4
155.9 202.3
190.7 180.2
227.6 155.8
259.6 133.3
291.6 108.9
317.0 88.1
336.8 70.5
350.7 55.9
361.7 42.5
368.2 33.5
371.9 26.7
372.8 22.8
371.5 21.6
368.7 22.3
363.5 24.0
356.8 27.0
342.3 33.7
322.9 43.8
299.8 55.7
278.0 66.5
256.7 77.3
237.6 86.7
219.7 94.9
203.9 102.1
187.4 111.1
169.4 122.8
151.9 136.0
133.0 152.7
116.3 168.6
99.5 184.5
82.4 201.3
68.2 216.2
56.3 229.7
45.3 242.3
38.3 250.8
33.4 256.9
29.9 261.8
28.7 265.1
29.5 266.7
34.4 267.1
43.8 266.1
58.5 261.3
76.9 253.4
95.1 244.8
114.1 231.9
133.5 217.5
150.5 203.7
169.3 189.1
188.4 175.0
205.5 162.2
225.0 147.1
248.5 129.3
270.5 110.9
293.4 91.3
312.0 74.1
325.9 60.4
336.4 49.1
344.2 40.6
348.6 34.7
351.9 30.8
353.8 29.0
353.8 29.0
353.8 30.1
353.2 32.9
352.7 36.5
352.5 41.1
352.7 46.4
352.9 51.6
352.8 56.9
352.2 62.6
350.0 70.0
347.2 77.4
343.5 84.0
338.1 94.3
333.8 102.6
329.7 111.0
326.9 121.8
325.1 133.1
323.8 145.5
323.1 157.9
323.3 168.4
323.7 177.6
323.8 187.4
324.1 196.8
324.4 205.3
325.5 215.2
326.7 225.3
327.3 232.8
325.5 238.7
319.0 243.1
308.4 244.9
295.0 243.8
281.9 240.3
264.4 232.5
246.2 222.7
226.8 212.6
207.2 202.5
190.6 192.2
176.5 181.7
166.6 173.7
157.8 166.3
149.5 160.1
140.4 153.8
132.9 148.4
118.6 137.1
103.2 124.6
91.8 113.4
83.2 103.7
78.3 97.2
75.6 92.8
74.6 89.8
74.9 88.6
76.0 88.5
77.7 89.3
79.4 90.4
81.1 91.8
82.7 93.1
84.0 94.3
