60.7 73.4
58.7 72.3
59.1 72.5
59.3 72.6
59.5 72.7
59.6 72.8
59.6 73.3
58.8 86.0
54.5 119.4
50.4 160.8
48.0 200.3
46.4 228.6
45.4 247.2
45.0 258.3
44.8 263.9
44.9 265.6
45.1 264.6
45.4 262.0
46.1 257.9
52.2 246.0
62.8 225.5
80.8 186.3
96.3 151.5
107.7 125.3
115.7 107.3
120.6 96.0
124.0 89.1
125.4 86.1
125.6 85.8
124.9 87.2
123.8 89.6
122.5 94.6
121.1 115.7
121.3 143.4
123.6 176.9
125.9 203.4
127.6 221.9
128.6 234.3
130.4 242.3
131.5 246.2
135.5 244.4
159.8 226.7
191.4 204.8
226.6 180.6
260.0 156.1
286.6 134.5
305.0 119.1
316.2 108.6
321.8 102.5
323.6 99.5
322.7 98.8
320.3 99.5
317.8 107.4
314.9 133.4
313.5 170.0
312.6 202.4
311.6 225.9
310.6 241.8
309.7 251.7
308.9 257.1
308.3 259.1
304.1 258.4
280.6 251.0
206.3 225.0
143.4 201.7
85.1 179.7
43.2 163.3
16.0 152.1
-0.6 145.0
-8.9 141.1
-11.1 139.5
-9.2 139.4
2.9 136.4
45.7 128.2
95.0 120.4
151.4 112.9
202.3 108.1
243.7 105.3
273.5 104.0
295.9 102.6
310.7 100.7
320.8 98.2
326.9 95.0
330.0 90.0
329.8 83.7
321.3 71.9
307.9 60.9
286.3 50.3
253.1 39.0
217.6 30.0
186.0 23.1
156.0 18.2
132.2 14.9
110.1 14.8
90.5 17.8
74.8 23.1
58.9 32.8
46.9 46.3
37.7 64.0
31.2 83.6
27.2 104.5
24.2 128.0
23.5 148.9
25.3 167.4
29.7 185.7
35.3 201.9
41.6 217.7
48.8 232.6
54.7 244.0
60.5 255.4
65.7 263.9
70.0 268.9
76.8 272.4
86.7 273.5
103.6 272.4
125.1 270.4
143.8 268.1
163.2 264.7
190.5 260.5
217.2 257.2
242.1 254.6
266.6 253.7
287.5 253.6
301.4 253.6
318.4 253.8
333.6 253.9
348.2 253.8
358.7 252.9
365.2 252.0
369.1 249.8
371.7 245.3
374.7 235.3
377.1 221.9
379.6 204.4
380.7 185.5
381.0 167.2
380.9 149.9
380.7 131.2
380.1 112.8
379.3 98.4
377.0 86.9
374.0 79.0
370.5 73.8
364.5 69.3
356.4 66.0
344.5 63.2
331.5 61.9
314.8 61.5
294.4 60.9
270.8 59.6
247.3 59.2
222.6 59.3
203.7 59.7
186.1 60.3
170.2 61.0
152.8 60.9
135.9 60.6
120.9 60.4
99.9 60.7
82.5 61.4
70.8 62.7
61.6 67.7
53.1 77.8
46.8 92.1
41.2 116.6
37.0 144.6
34.9 166.9
34.1 184.9
34.6 203.9
35.8 219.6
39.2 238.2
43.4 254.7
48.4 268.8
53.4 279.8
58.6 288.3
63.9 294.3
72.8 298.4
83.3 300.0
108.5 298.3
138.8 295.5
165.2 292.5
193.8 288.2
225.3 283.7
252.7 280.1
274.8 277.4
295.6 275.7
310.0 274.6
322.3 274.0
334.1 273.6
340.6 273.5
343.3 273.6
344.7 273.0
344.9 269.3
345.1 257.3
345.7 233.6
345.7 205.9
344.9 171.7
342.8 140.1
339.2 112.3
335.5 87.7
331.1 66.7
326.6 52.5
321.9 42.1
317.0 35.3
312.2 31.5
303.3 29.6
289.6 28.2
273.5 28.1
253.8 29.3
227.8 30.7
200.5 32.5
174.8 34.4
139.3 36.2
112.8 38.2
94.1 40.2
81.8 41.7
74.7 43.3
69.7 46.6
65.0 55.3
59.3 83.2
54.8 123.0
52.8 158.3
52.6 187.4
53.9 209.3
56.5 228.0
59.9 243.1
62.9 251.8
