58.7 53.5
56.7 52.1
57.1 52.4
57.3 52.5
62.3 53.2
84.6 58.9
103.0 65.1
115.2 70.1
122.5 73.2
124.3 79.0
117.2 87.1
105.8 95.7
91.1 108.6
79.8 119.1
74.7 128.1
79.9 137.6
93.7 149.7
104.9 161.9
111.1 174.7
110.3 189.6
108.7 204.3
112.3 217.4
125.8 230.9
152.8 245.6
188.1 258.7
220.0 267.8
247.0 271.9
273.5 266.7
293.7 256.6
307.8 240.4
317.1 211.0
321.9 181.1
322.4 158.4
311.6 137.5
298.8 123.0
286.5 114.3
276.7 116.8
273.0 129.9
272.7 144.6
274.7 164.7
278.4 185.1
280.7 203.6
277.6 221.6
266.4 240.0
246.8 253.7
220.8 263.9
195.7 270.0
169.8 271.5
144.8 269.2
125.3 264.5
110.5 256.6
99.5 245.2
94.6 232.5
95.3 220.4
103.5 209.0
125.3 198.5
149.2 190.2
176.9 183.4
214.7 178.5
249.9 176.1
276.5 175.2
296.5 174.3
310.7 172.0
319.5 167.9
324.0 158.2
324.7 146.8
321.7 134.0
313.1 121.7
296.2 110.0
274.8 100.8
255.0 94.9
239.0 92.9
225.9 95.7
216.1 106.3
210.4 118.8
208.4 134.9
208.6 149.6
208.3 165.4
199.6 180.7
184.8 192.7
164.2 202.8
145.8 209.8
132.7 215.3
128.0 222.2
134.5 231.8
144.3 243.3
150.9 254.9
151.6 262.9
132.8 265.9
109.7 263.3
88.8 255.4
72.2 240.8
60.9 221.1
55.9 201.3
56.9 184.2
63.3 170.8
84.7 158.8
120.3 151.9
168.9 147.0
213.5 143.1
254.3 140.7
289.5 138.0
314.4 135.0
330.3 130.2
336.1 119.2
332.8 107.7
313.7 93.5
289.5 82.1
259.2 75.3
222.4 73.7
188.7 78.4
162.3 87.8
145.1 100.8
139.6 119.9
149.0 143.5
166.8 166.9
186.3 187.6
205.9 204.4
225.6 217.2
241.9 227.2
254.1 234.8
263.2 241.4
268.4 247.1
266.9 251.8
259.8 255.9
250.1 258.6
232.5 258.8
206.1 256.0
181.0 251.5
161.8 245.5
149.0 239.8
151.7 233.3
162.2 228.4
180.1 227.2
204.8 228.5
228.4 230.2
247.9 231.0
263.5 230.3
274.7 228.3
284.6 225.0
294.6 223.8
305.9 224.5
313.8 224.8
320.1 220.8
325.0 214.5
329.3 205.4
333.3 193.2
336.8 180.7
340.8 165.6
343.7 151.7
345.5 140.7
346.3 132.9
346.2 127.6
342.8 119.3
336.8 110.8
330.5 104.0
323.9 99.5
314.9 97.2
306.5 99.4
299.2 104.9
293.5 113.4
290.2 122.9
291.0 132.7
293.8 141.8
297.2 150.5
300.5 158.7
303.1 166.8
305.6 174.4
308.5 183.4
305.8 194.8
300.3 204.1
295.6 211.3
293.6 221.1
292.3 230.9
286.7 239.0
279.7 245.2
274.3 248.8
276.5 241.6
279.9 231.8
282.4 221.8
279.8 212.6
273.0 204.2
267.9 194.5
266.2 179.1
266.0 166.9
266.1 158.6
265.8 153.4
263.9 151.3
262.7 149.6
261.9 148.9
261.5 149.0
256.2 144.6
250.8 136.5
246.6 126.4
243.0 118.5
238.0 112.9
228.8 114.2
217.7 119.4
204.4 126.2
191.6 133.6
178.1 139.7
159.7 140.5
144.4 136.4
129.4 129.7
102.6 124.4
78.6 121.6
59.1 121.6
45.8 121.4
35.9 117.9
29.1 114.9
23.7 112.9
21.5 114.3
21.8 117.0
33.7 121.5
51.9 126.9
67.8 133.9
81.0 143.4
92.0 152.6
104.0 158.3
121.8 162.0
136.9 164.8
148.5 169.6
157.0 174.5
167.5 178.4
181.5 180.7
196.3 182.6
207.2 185.4
215.3 190.0
221.5 193.4
229.5 188.2
242.3 179.6
250.9 172.8
257.6 170.2
266.1 171.4
276.2 174.5
289.8 179.6
302.2 184.3
311.5 189.3
319.3 197.3
323.9 203.5
325.0 211.5
321.7 222.5
314.9 232.6
303.2 240.2
275.7 242.1
250.7 239.6
228.7 229.9
208.5 216.7
188.8 199.7
173.1 182.2
156.9 162.8
141.8 145.7
126.9 132.5
114.6 123.2
106.1 117.7
97.6 114.7
89.2 111.9
83.0 109.5
79.7 108.7
78.7 108.9
79.1 109.7
83.7 117.2
98.3 135.5
116.6 154.8
135.7 175.0
152.4 191.1
166.3 202.1
179.5 208.0
190.7 209.8
198.9 209.5
210.7 206.0
229.8 202.0
248.1 199.5
266.4 197.6
283.6 194.1
296.0 189.2
304.9 179.5
307.9 165.6
303.2 144.3
296.9 125.7
289.3 112.6
280.5 104.1
268.0 99.1
252.9 96.0
238.0 93.1
222.9 90.8
204.6 87.8
187.8 85.6
175.2 84.3
164.0 82.4
150.8 80.1
142.3 78.7
137.5 78.1
135.4 78.1
135.1 78.3
