226.9 137.1
218.4 137.9
192.7 138.1
138.4 142.3
101.2 147.2
73.6 155.9
55.3 167.0
46.0 176.7
46.6 187.2
59.5 201.3
78.4 216.5
99.3 231.5
119.7 244.4
138.2 255.7
150.9 264.6
156.3 271.0
145.0 274.0
117.5 270.2
89.6 262.0
68.6 254.2
61.0 242.7
76.6 227.8
98.1 215.6
123.3 207.3
153.6 201.8
183.4 195.5
212.5 189.8
239.7 182.9
263.6 170.0
280.7 150.3
285.4 127.8
269.4 102.3
240.0 82.0
213.5 68.5
196.4 69.3
192.3 80.5
198.7 101.5
207.8 124.6
215.7 147.2
217.8 167.3
210.1 184.2
199.3 196.9
184.4 205.0
172.7 209.5
164.1 213.7
157.3 220.7
153.4 233.8
152.1 245.6
152.0 253.8
140.5 255.5
127.5 249.1
124.9 239.2
136.4 229.1
164.6 221.1
208.3 219.1
242.7 218.3
267.4 216.9
284.4 207.3
294.8 190.6
297.4 162.0
293.7 133.2
286.1 104.5
273.7 79.4
261.6 61.4
247.9 45.5
231.6 33.6
194.9 30.8
148.8 39.0
114.1 48.7
117.1 68.4
145.4 90.2
175.4 108.3
171.9 122.6
135.9 131.9
86.2 135.1
45.9 137.9
19.1 144.4
14.4 159.9
33.9 180.5
85.8 208.4
128.1 229.4
142.5 244.2
142.1 253.8
136.1 260.1
138.4 262.9
178.0 260.4
221.0 253.0
264.8 238.1
298.0 216.9
315.7 180.3
314.3 135.1
306.6 96.4
294.4 67.0
277.7 47.3
260.2 38.3
249.4 40.6
248.3 52.4
275.3 79.8
298.7 105.8
310.2 133.0
307.4 160.2
297.8 185.4
291.4 207.7
293.6 228.3
298.4 246.5
303.1 261.0
305.4 273.7
293.5 284.4
270.4 290.5
236.2 291.2
184.1 274.9
142.5 254.3
113.2 230.8
93.5 207.0
83.0 181.1
79.7 154.0
82.0 125.0
84.3 96.1
84.5 71.7
83.9 55.5
79.2 48.6
69.2 54.2
54.1 73.8
43.9 102.4
49.4 139.8
62.9 176.8
78.5 207.9
91.0 231.6
97.8 248.3
98.0 258.8
94.9 264.3
92.0 266.1
94.2 262.2
124.9 240.2
158.6 214.5
182.6 185.6
191.9 155.9
187.3 128.8
174.5 108.8
157.0 97.2
141.3 92.1
133.7 96.7
136.8 109.8
155.2 134.4
172.9 161.8
178.2 187.3
171.5 207.5
152.4 222.1
134.8 231.6
121.9 235.6
126.4 228.5
144.1 216.4
180.4 201.4
227.3 181.1
258.6 155.3
270.8 131.0
262.0 110.8
247.6 97.0
232.7 91.3
220.7 95.5
221.2 108.5
243.9 132.7
271.7 160.6
292.1 189.8
300.6 217.5
295.9 239.7
275.0 256.8
242.7 269.8
207.5 277.5
176.4 281.2
152.0 282.1
135.5 281.1
131.9 279.5
150.7 279.4
190.4 281.2
225.9 280.9
255.7 262.8
274.3 233.8
285.9 198.9
292.8 158.0
296.8 118.8
298.2 90.0
297.4 71.0
295.6 59.9
294.8 56.3
304.6 66.1
328.1 92.1
348.1 122.8
355.3 160.8
357.7 194.2
357.4 225.3
356.0 248.9
354.0 264.6
351.8 274.0
323.8 261.6
279.5 240.5
212.2 212.2
155.3 188.1
115.0 170.0
88.3 157.2
83.5 155.3
105.2 161.9
136.4 175.1
161.4 189.7
156.7 205.5
136.0 217.0
117.2 224.0
104.1 220.8
99.9 211.9
109.4 197.8
152.0 173.5
197.8 149.2
233.2 131.1
259.1 119.0
277.6 118.0
282.3 126.2
268.4 137.2
228.6 147.9
179.0 145.3
137.3 130.0
106.8 110.6
86.5 91.3
73.8 76.7
66.8 66.8
67.7 63.6
85.3 74.7
117.5 98.1
160.0 129.6
198.6 158.7
232.6 185.5
261.6 209.5
284.7 229.5
303.1 245.1
315.2 255.7
322.7 262.2
325.8 265.0
325.5 260.9
321.5 241.7
314.7 207.1
308.1 154.5
304.3 108.6
301.8 73.3
300.1 48.5
298.8 32.9
298.2 25.4
301.1 33.5
311.6 59.3
328.4 95.4
344.3 128.6
356.8 160.2
365.4 185.6
368.9 209.4
368.6 229.0
365.5 246.4
360.4 261.2
351.6 271.5
336.4 276.0
303.4 273.1
269.0 265.4
217.1 250.0
174.4 235.9
141.2 223.0
112.4 211.5
89.4 201.4
69.3 191.8
56.6 184.0
49.2 178.2
46.7 174.7
47.4 176.0
50.2 183.8
54.7 196.2
62.0 215.7
68.0 233.4
72.8 247.4
76.5 257.8
82.4 264.9
98.2 268.0
127.8 267.3
175.6 262.4
229.4 255.6
280.6 247.8
316.8 241.2
340.3 236.2
353.9 232.6
357.7 228.8
343.6 223.3
304.4 211.7
242.8 198.2
191.2 187.0
151.7 178.7
118.1 171.9
95.3 167.8
81.3 165.7
74.1 164.6
98.6 162.8
142.9 159.8
201.5 157.8
260.2 153.8
303.4 149.4
333.7 142.4
348.0 131.3
342.2 119.7
315.2 104.3
275.7 86.7
218.7 64.5
169.7 46.0
133.6 33.3
108.7 25.4
96.3 27.9
97.1 44.1
106.6 67.4
126.5 98.4
146.7 130.3
162.8 159.3
174.3 184.1
177.7 206.4
173.0 224.3
149.1 237.3
123.7 244.7
97.3 242.4
75.8 230.1
64.9 209.0
71.0 189.1
95.2 173.7
125.3 164.7
154.2 164.8
178.9 173.6
196.6 188.2
209.8 204.8
221.3 219.9
235.2 231.7
254.8 239.0
277.9 238.8
295.1 233.1
307.8 219.8
316.1 203.2
319.2 183.5
314.4 154.9
305.5 129.4
290.1 109.3
259.3 92.5
220.8 83.7
190.0 84.6
172.9 96.1
167.3 112.7
171.2 134.8
177.3 160.5
178.0 184.0
169.8 204.3
151.7 220.1
119.1 229.3
89.0 231.9
65.9 224.3
51.3 214.1
45.9 204.2
65.2 203.6
90.9 209.4
120.2 222.6
146.3 236.3
172.3 248.8
206.2 259.1
235.6 265.6
260.1 265.1
279.8 257.7
292.4 243.9
285.2 214.1
266.0 184.3
240.9 160.9
218.3 146.7
200.9 141.5
196.8 153.8
195.7 169.7
188.9 185.1
168.6 196.8
145.3 202.3
121.0 198.2
104.7 188.9
104.9 176.0
127.0 165.7
158.4 163.0
183.6 159.3
195.0 141.9
197.6 122.9
195.4 108.1
190.9 98.0
185.9 92.8
191.7 99.9
204.4 115.0
223.7 141.9
239.1 167.0
246.8 190.1
229.4 210.7
204.4 226.2
183.0 236.7
166.9 242.7
159.2 245.5
165.5 247.5
182.2 249.9
196.1 250.7
206.9 252.1
213.7 256.5
218.4 259.6
224.2 257.7
234.7 244.6
245.7 223.0
255.2 198.8
261.8 176.1
265.5 157.4
268.1 139.9
271.0 123.8
273.9 112.0
275.8 104.2
276.6 100.1
277.0 98.7
281.3 105.1
289.0 119.2
294.9 136.4
298.1 157.1
299.3 176.7
299.6 195.6
298.9 211.1
298.1 222.5
297.1 230.3
296.2 234.7
