107.5 79.4
106.1 78.3
106.4 78.5
112.1 83.6
123.1 90.0
134.4 99.5
133.9 113.0
107.0 131.2
87.3 142.6
74.7 150.1
74.7 157.5
80.2 172.4
85.4 194.0
90.1 212.8
93.2 227.6
100.8 240.4
126.4 249.4
164.3 251.1
198.3 245.8
227.3 228.2
231.2 192.0
227.8 163.6
223.6 144.9
234.9 143.8
258.2 147.4
286.6 154.1
308.9 161.3
321.3 170.7
320.7 185.2
315.1 202.2
309.5 219.1
309.5 237.5
312.8 251.1
310.4 262.4
299.4 271.6
272.6 276.8
245.0 278.2
215.4 276.9
175.8 265.9
135.5 246.7
106.3 226.2
86.4 205.9
74.3 190.1
74.1 177.4
109.1 165.1
144.8 157.5
176.0 153.2
206.1 148.8
232.1 143.3
251.9 134.4
261.6 120.0
256.1 105.3
245.6 94.2
225.1 85.6
203.7 80.8
187.1 81.4
176.9 90.2
194.6 122.9
214.4 157.3
228.1 188.7
229.4 214.6
221.9 234.3
198.3 250.0
178.9 259.5
164.8 264.9
160.2 270.5
161.8 280.4
158.3 287.4
131.6 290.6
99.3 284.2
75.6 272.2
61.5 248.5
57.4 222.8
68.7 196.9
98.3 176.7
143.1 166.2
193.0 162.2
235.9 160.6
268.2 155.7
290.1 142.1
294.2 122.5
283.7 102.5
261.8 87.6
235.8 77.6
212.8 74.4
194.9 78.1
191.9 92.0
205.1 115.2
221.4 141.1
230.9 162.5
222.2 181.5
213.3 196.2
209.6 209.4
211.9 221.5
215.3 233.1
216.6 241.0
206.2 246.0
187.5 248.0
171.6 248.1
160.1 247.1
153.1 248.0
154.9 252.0
159.2 257.2
159.6 261.3
148.3 264.6
130.1 266.6
114.5 267.9
103.6 268.4
103.6 268.4
129.5 266.6
171.1 265.6
216.7 261.8
252.8 251.8
266.7 229.3
265.8 207.3
252.1 188.0
233.6 174.5
213.5 165.8
197.3 160.8
189.1 158.5
192.1 158.5
193.3 156.7
178.9 151.8
148.3 149.2
120.0 149.4
98.3 152.8
84.0 160.3
87.4 179.3
101.3 198.3
133.8 219.4
162.2 235.6
183.3 246.7
174.9 252.6
161.4 255.5
150.1 256.3
146.7 256.2
165.6 253.3
204.9 249.2
246.5 243.4
279.5 236.4
306.1 229.2
322.2 222.0
320.5 213.8
293.5 209.9
213.5 210.5
144.5 211.5
95.5 212.4
75.1 211.6
84.9 208.9
116.1 203.1
149.3 194.4
176.4 185.1
191.5 174.8
186.9 161.4
177.0 150.5
157.3 140.5
138.2 133.0
127.6 125.8
133.6 118.4
156.4 112.1
198.2 106.1
236.3 99.6
260.0 89.0
262.8 78.5
241.1 70.8
204.8 66.4
170.1 64.8
144.2 65.8
135.9 76.2
151.2 94.4
178.6 115.2
202.7 134.9
217.3 156.0
219.6 175.4
211.1 194.9
203.6 209.8
205.9 226.7
213.1 241.6
218.7 254.3
217.9 266.4
207.3 275.2
185.9 280.4
155.9 278.9
132.8 267.7
121.3 249.5
123.8 228.0
145.9 208.5
182.6 196.2
221.8 189.3
260.0 182.3
292.3 172.5
313.4 152.9
322.3 132.0
318.9 109.0
301.5 87.9
273.4 71.7
232.8 60.3
195.4 55.3
157.3 58.0
120.5 71.0
93.5 89.0
74.6 109.7
70.8 138.5
79.1 168.4
98.4 198.9
128.7 229.6
159.3 256.0
186.0 276.3
206.1 290.1
216.9 299.6
217.8 304.2
204.6 304.2
180.5 300.0
157.2 292.7
135.8 281.1
120.8 267.5
118.0 254.3
140.1 241.1
169.0 228.7
203.6 216.3
241.3 204.4
274.3 191.8
302.1 176.7
319.2 158.3
323.8 138.8
312.4 115.5
285.0 91.9
258.4 75.9
228.0 66.8
201.9 64.1
181.2 69.6
171.6 85.9
171.3 105.5
185.1 132.8
208.6 163.5
231.0 192.4
246.6 219.9
254.2 242.6
249.7 261.1
230.1 273.5
197.5 278.6
167.7 278.6
140.2 274.0
118.6 266.2
103.4 257.7
94.0 249.1
93.8 240.7
105.6 232.1
128.8 224.0
167.8 213.8
207.4 204.0
238.1 195.8
264.0 185.2
282.5 175.4
294.0 162.4
300.2 147.9
301.7 135.5
299.3 122.3
294.3 109.9
290.0 96.7
287.3 80.5
286.5 67.0
286.7 56.2
288.8 44.9
293.9 36.5
300.2 30.6
304.7 27.6
307.8 26.7
309.6 27.6
309.5 31.0
306.7 36.6
298.8 45.4
288.1 56.4
274.4 69.9
258.1 86.2
240.0 103.4
219.4 122.3
200.1 138.8
180.4 155.0
161.2 171.2
144.8 185.5
127.8 200.9
111.7 215.9
99.0 229.2
90.0 238.8
83.7 245.4
80.1 249.4
78.9 250.9
79.5 250.6
81.1 249.3
86.9 248.5
103.1 248.3
129.1 249.6
165.0 250.5
202.8 249.1
231.1 246.6
262.4 240.1
291.8 232.4
316.4 225.9
342.0 220.2
360.5 215.1
372.4 210.6
379.9 204.8
379.5 199.4
371.5 194.1
357.7 187.7
332.5 180.8
298.2 174.1
264.8 166.7
227.8 157.4
197.0 150.0
163.4 141.9
130.6 134.5
105.1 127.1
86.8 119.5
76.0 113.6
70.2 108.9
67.6 104.5
68.4 100.8
79.2 96.6
97.8 92.7
127.4 90.1
154.6 88.3
182.9 87.2
211.8 86.9
245.2 85.3
272.6 84.0
294.5 82.6
313.4 81.5
325.7 80.9
332.2 80.7
330.1 82.2
310.0 88.0
277.4 100.3
239.1 115.1
204.9 127.9
173.8 140.6
145.0 155.7
122.9 170.8
107.3 184.9
96.8 198.2
91.4 209.0
91.2 217.9
104.9 228.7
130.0 239.4
159.0 250.3
185.6 260.1
207.0 267.9
218.2 274.7
213.2 279.6
190.0 281.7
155.9 279.7
127.9 275.3
106.9 269.3
93.3 260.0
94.9 249.7
114.9 236.4
147.5 224.4
187.6 213.4
227.8 204.0
261.4 196.7
289.2 189.2
311.3 178.3
326.6 162.9
335.3 141.2
335.3 112.9
327.4 86.7
307.1 63.2
279.6 45.4
252.1 33.7
217.2 25.8
178.9 20.9
142.4 20.1
114.3 22.7
94.9 29.0
82.5 38.6
77.6 54.0
79.0 69.7
94.5 92.2
115.6 114.6
138.7 133.9
163.5 150.1
193.5 169.6
221.2 187.4
249.9 207.5
276.3 228.2
297.7 247.7
311.6 264.7
313.6 278.9
302.6 289.3
267.6 297.6
225.5 300.7
179.5 298.9
136.2 294.2
99.3 287.1
69.7 279.4
47.6 269.8
34.1 260.4
29.6 252.0
35.4 244.1
57.6 238.7
92.0 233.7
131.3 229.1
175.2 224.0
212.2 220.1
244.4 215.2
268.7 211.4
286.7 208.0
298.3 205.6
301.8 203.3
289.3 200.2
246.7 196.8
196.5 194.0
139.6 188.9
96.4 184.8
65.4 181.4
44.5 178.5
32.1 176.5
30.9 174.3
50.4 172.3
103.6 167.9
166.4 162.6
223.0 156.4
269.8 150.3
307.4 143.3
334.1 136.6
351.0 131.1
359.2 126.2
357.2 121.6
344.1 116.7
318.3 111.0
281.9 107.3
240.2 103.3
200.9 100.6
162.1 97.3
125.4 94.3
98.8 92.5
79.1 91.6
61.9 91.1
45.9 89.9
36.7 89.4
32.6 89.2
38.3 89.4
66.2 90.4
109.0 92.8
164.8 95.5
220.9 97.1
267.5 97.2
303.8 95.7
332.4 93.0
352.1 90.2
363.9 88.0
369.0 86.5
369.5 85.5
367.1 84.9
363.0 84.6
356.4 84.6
343.4 85.0
329.1 86.5
300.9 92.6
268.1 99.1
236.3 105.0
207.3 109.9
184.1 115.1
168.2 120.9
158.8 124.7
154.3 128.6
153.1 131.0
