90.5 89.3
89.0 88.4
89.3 88.6
89.5 89.4
91.4 104.9
97.7 142.1
102.8 173.0
106.6 192.2
114.4 200.9
140.9 184.7
169.1 155.9
192.7 128.5
209.8 108.9
230.8 116.9
251.1 137.0
272.8 165.1
289.0 185.9
306.2 186.5
319.9 170.9
329.5 147.6
335.0 126.7
337.0 111.1
338.3 108.2
339.3 131.8
338.5 164.2
328.4 192.5
294.9 211.5
235.4 221.3
180.8 221.1
133.2 207.1
93.5 185.9
66.4 166.1
51.4 149.2
50.8 137.3
77.7 141.0
100.9 160.1
106.2 183.3
98.7 202.7
82.5 216.9
70.1 226.8
65.1 228.3
78.1 222.3
112.9 212.6
162.9 197.6
211.5 179.9
249.8 161.8
273.9 137.2
279.6 111.3
266.6 90.1
239.3 75.8
207.3 68.2
177.6 67.0
155.3 75.8
148.2 92.5
163.5 121.0
177.4 149.1
182.9 174.0
168.4 194.8
132.6 208.2
97.3 215.4
69.4 216.7
49.4 212.7
39.8 201.5
46.0 187.6
81.4 174.6
122.3 163.5
175.7 156.2
227.7 149.4
270.1 140.9
300.7 131.1
319.6 118.1
324.5 102.9
310.3 87.1
278.0 74.5
230.5 66.0
184.7 61.4
143.5 60.1
105.0 62.2
77.7 64.9
60.0 68.0
51.4 76.9
59.4 96.9
80.5 125.1
96.4 158.4
101.4 197.4
102.1 229.3
102.8 251.1
106.6 261.1
132.4 249.2
170.1 227.0
214.8 201.6
260.2 175.1
296.0 149.1
325.3 124.1
346.5 100.9
356.1 79.8
349.8 63.6
324.2 53.5
276.2 49.8
231.2 49.5
196.3 51.8
173.8 58.2
174.9 71.9
188.6 87.0
204.0 102.8
217.4 117.5
223.7 132.0
226.6 143.6
233.9 158.0
252.4 173.9
273.6 190.6
289.0 205.1
298.4 218.6
304.5 231.5
312.6 239.3
321.2 233.9
327.2 210.4
330.6 179.4
331.7 147.0
327.1 114.8
322.8 91.2
319.0 75.7
322.4 79.7
329.3 92.9
335.2 112.2
333.9 133.4
326.9 156.8
322.7 180.6
326.8 205.6
330.4 226.1
319.8 240.0
288.7 249.6
252.9 253.4
214.7 239.7
185.0 220.9
167.1 195.7
159.6 167.4
158.1 143.0
159.7 124.5
153.3 111.0
131.5 100.6
108.3 99.1
91.5 106.3
81.7 121.4
83.6 140.6
97.7 164.0
115.1 188.0
137.0 210.6
163.7 229.0
208.7 241.4
250.1 237.1
279.9 216.5
297.2 183.4
297.7 146.2
279.8 117.4
252.3 100.7
221.7 98.7
197.2 108.2
180.6 121.6
171.7 137.7
171.9 156.8
178.2 173.2
191.9 185.5
205.3 193.9
215.8 199.3
215.7 203.7
201.9 207.5
175.8 209.8
149.5 210.8
128.0 208.9
108.8 200.2
94.8 188.7
87.8 176.8
92.1 167.3
108.5 161.2
140.8 156.6
174.5 152.7
205.3 149.3
236.4 145.9
263.7 142.4
282.9 139.2
295.6 133.7
302.3 123.7
303.0 113.0
294.1 102.5
277.3 94.3
252.7 90.8
231.6 91.8
211.5 98.6
195.8 110.1
185.9 124.7
184.3 141.8
186.7 159.3
188.2 176.5
182.2 193.0
166.1 204.9
143.3 211.0
124.3 210.4
108.5 202.5
97.1 190.2
93.0 176.8
97.1 164.9
106.6 156.0
122.7 151.6
143.3 149.3
164.2 149.7
186.6 152.5
209.0 155.4
233.1 155.8
257.1 154.7
274.5 151.3
286.2 146.3
292.0 139.0
288.7 131.4
272.5 126.0
249.8 123.9
224.3 125.5
201.3 129.1
175.7 134.9
153.3 139.8
131.4 145.8
114.7 152.1
103.5 160.3
98.7 168.3
100.8 177.7
107.9 186.0
125.0 194.9
152.6 204.5
183.2 213.1
211.1 219.8
237.0 225.8
257.6 231.1
272.2 236.1
280.6 240.9
275.5 245.5
251.1 248.9
225.1 248.6
199.1 241.7
178.5 232.6
166.7 222.7
165.1 213.1
171.2 204.5
190.7 195.6
216.1 186.8
241.5 176.5
265.1 164.3
287.0 148.6
304.3 131.0
316.0 113.7
321.5 98.0
322.9 85.8
319.7 77.5
308.9 72.6
293.4 70.9
272.9 72.8
251.0 76.6
229.0 82.2
210.6 88.2
193.0 95.3
175.7 105.6
163.2 116.2
155.6 126.9
155.1 138.9
161.2 151.3
173.5 162.1
185.0 169.5
194.1 174.0
202.9 175.6
212.3 174.6
225.3 169.3
241.6 160.9
253.9 153.4
