74.6 153.0
72.8 153.0
73.2 153.0
74.1 154.4
83.6 157.4
106.5 160.5
137.3 162.7
170.8 163.9
195.9 164.6
214.0 164.1
228.0 162.0
243.7 157.8
254.6 153.8
265.5 150.4
273.8 148.1
279.2 146.5
281.5 145.5
281.6 145.1
264.9 149.0
237.7 157.3
199.6 173.0
157.6 192.5
119.9 211.3
89.0 227.6
65.3 241.6
48.2 253.8
38.0 262.3
32.8 268.6
33.1 273.7
45.8 276.3
83.9 277.0
133.0 274.6
180.3 270.9
218.6 267.4
249.7 264.4
275.4 261.9
293.6 258.1
305.5 247.8
314.0 227.6
318.7 197.3
319.8 165.4
318.5 135.9
315.9 113.2
311.4 95.5
306.3 83.5
301.4 76.5
289.6 71.3
256.1 66.2
215.9 60.3
164.5 53.4
119.8 48.3
87.5 45.3
65.1 44.2
50.7 44.8
41.1 51.2
36.4 67.8
35.7 93.3
39.8 127.8
45.3 162.2
50.8 191.2
55.6 213.0
59.9 229.9
63.5 243.4
66.3 252.6
69.2 259.8
71.7 264.1
73.5 265.9
76.1 266.3
81.3 265.7
97.1 264.8
129.6 262.2
175.2 261.5
217.1 260.9
253.7 260.8
283.1 260.6
305.7 260.2
320.0 259.4
329.0 258.0
334.2 255.4
335.7 247.9
332.3 228.9
325.3 203.2
316.7 176.5
305.9 141.9
296.1 113.5
288.5 93.9
283.0 81.5
279.2 74.8
276.8 72.2
275.4 72.3
274.9 74.2
273.3 77.1
264.1 82.1
246.5 89.0
227.0 97.2
207.3 105.5
189.9 113.2
172.5 120.6
155.5 127.3
138.0 133.6
121.0 140.4
103.1 147.5
85.9 153.2
69.7 157.6
57.0 160.5
46.4 162.4
39.0 163.5
35.2 163.7
34.1 163.4
34.8 162.8
59.0 166.5
83.2 169.4
108.1 171.4
134.7 173.4
161.1 175.0
192.9 177.0
224.4 178.3
252.5 179.0
273.3 178.5
287.5 176.5
300.2 172.9
310.0 167.9
316.0 159.0
316.1 143.8
308.3 123.7
293.7 101.0
275.9 79.9
241.3 62.0
207.6 49.1
173.7 41.9
140.1 40.1
110.1 44.6
84.9 54.9
61.8 74.2
45.1 96.8
34.7 123.2
33.1 155.5
43.0 187.7
64.6 217.4
96.5 241.3
144.4 259.7
190.1 269.8
230.7 272.8
265.7 270.7
295.8 261.5
320.0 248.1
338.8 229.8
350.4 209.6
350.7 183.2
339.7 151.6
322.0 123.2
300.9 101.9
268.5 83.3
231.9 71.1
193.8 66.5
157.6 67.5
126.5 73.9
99.8 87.4
80.0 102.8
66.4 122.0
58.5 142.4
57.2 166.7
61.7 190.5
73.9 213.7
96.0 235.1
126.4 250.9
167.0 261.7
207.5 265.4
241.2 264.3
268.0 256.5
288.1 242.6
301.4 225.1
308.5 204.4
307.7 181.9
297.4 155.1
281.3 128.2
261.9 104.5
241.0 85.6
218.2 70.3
193.4 58.7
170.8 52.3
150.1 49.9
128.8 51.8
109.5 58.6
93.4 68.6
80.1 82.6
70.0 99.5
62.7 117.4
58.4 135.3
56.2 153.6
56.0 172.5
58.7 190.6
63.2 207.1
71.5 223.8
80.4 238.2
96.3 252.0
113.8 262.4
136.9 270.3
170.6 274.7
199.4 276.1
224.2 275.0
249.6 271.1
267.8 264.9
283.0 256.0
294.8 245.1
304.6 230.2
311.1 213.9
315.5 196.2
317.3 175.6
315.2 155.9
306.4 135.8
293.1 115.7
278.0 97.8
257.2 80.8
237.2 68.5
214.7 59.1
194.4 52.6
173.5 49.2
153.5 49.0
137.6 52.2
124.1 58.3
110.4 69.0
100.6 80.6
93.3 92.5
88.1 104.7
84.4 117.1
82.0 131.7
81.4 145.9
83.5 159.7
88.2 171.8
93.9 181.9
100.4 189.6
108.2 195.8
116.9 200.7
127.0 204.6
136.5 206.9
145.3 208.0
153.8 208.7
161.2 208.9
171.2 209.2
180.4 209.4
189.0 209.1
200.4 208.6
211.8 208.0
221.1 207.4
234.7 206.8
249.8 206.3
264.4 205.9
280.3 205.9
293.9 206.3
303.6 206.2
312.3 202.9
320.2 194.4
326.2 182.0
330.0 167.0
332.4 151.3
333.1 136.1
333.0 119.0
333.3 101.0
333.6 83.9
333.3 68.9
333.1 55.3
333.0 44.8
332.7 38.4
332.3 35.2
331.9 34.0
331.5 34.5
331.1 35.9
327.8 37.5
319.4 39.3
305.6 43.4
278.8 49.4
251.5 54.1
223.7 58.7
189.8 62.4
156.8 63.8
129.1 64.2
103.6 64.2
81.0 63.2
61.8 61.5
49.3 60.1
42.8 58.9
40.6 58.1
41.3 57.4
43.8 57.0
47.2 56.7
50.9 56.6
54.6 56.5
57.8 56.5
60.6 56.5
62.9 56.6
64.7 56.7
66.0 56.7
66.9 56.8
