117.4 97.3
116.2 96.5
116.5 96.7
115.9 96.7
110.8 90.8
106.2 82.9
103.6 78.1
101.4 76.2
93.0 101.5
84.7 140.8
77.9 176.3
73.6 201.2
71.7 204.8
70.9 194.6
70.1 173.0
68.9 153.0
68.4 137.2
69.8 134.7
79.0 150.4
94.3 165.3
117.4 166.4
140.4 156.8
157.4 148.8
168.8 142.6
181.1 151.8
195.1 163.9
206.0 172.2
218.2 170.1
231.4 162.8
242.4 155.0
250.3 148.6
257.3 146.4
265.9 154.4
273.0 171.4
281.4 197.5
294.8 221.8
307.9 240.8
322.8 255.2
334.6 265.2
342.1 271.0
343.3 264.5
331.0 228.8
317.8 188.7
302.3 152.6
288.8 125.5
279.0 106.8
272.1 95.0
279.8 98.7
296.2 111.6
305.2 129.9
287.2 149.2
269.4 165.4
253.8 180.7
241.0 196.1
233.4 213.8
229.8 229.1
228.1 241.5
216.8 252.7
206.8 261.1
208.9 270.7
217.1 278.8
222.8 284.6
202.7 288.8
173.5 288.9
146.6 283.8
122.1 270.1
105.3 247.7
98.2 226.8
123.8 204.0
159.7 185.4
195.4 171.9
228.7 161.5
256.1 152.4
272.9 137.8
279.6 119.0
279.8 100.7
269.8 82.3
253.8 68.4
236.9 59.7
222.8 56.7
213.4 60.3
219.7 76.4
241.9 97.6
262.6 118.7
277.1 141.9
282.2 164.8
279.1 185.5
265.7 206.2
246.3 224.2
221.3 240.0
199.2 255.3
183.3 269.7
178.2 283.8
180.7 296.5
184.4 304.5
187.2 308.6
176.4 310.0
155.0 304.8
132.9 293.6
112.8 274.9
96.7 252.2
84.3 225.1
76.7 195.6
73.8 169.3
73.7 143.5
76.4 121.9
81.5 105.4
89.1 94.4
116.8 85.1
151.8 78.2
195.3 73.5
230.5 71.1
256.4 68.6
274.7 65.8
286.8 63.6
294.6 61.5
297.9 59.5
291.8 56.5
271.5 53.0
239.5 49.0
197.9 44.2
163.3 40.4
132.8 36.9
102.2 32.2
75.1 27.7
54.8 24.4
41.0 22.1
31.2 20.9
24.3 21.5
21.1 24.7
20.1 31.4
20.1 48.6
21.4 69.1
23.6 90.5
25.8 113.6
26.6 142.4
27.2 171.6
26.9 196.5
26.1 220.0
25.7 236.7
25.5 247.3
25.5 253.5
26.8 255.8
37.0 252.5
51.9 244.5
76.7 229.7
106.9 212.5
135.1 196.2
162.6 179.6
195.5 161.4
226.5 143.7
251.1 126.0
274.4 108.2
301.5 89.6
322.4 73.6
335.8 60.0
344.4 49.5
348.0 42.7
348.5 37.9
345.4 34.1
332.8 31.5
310.6 30.8
282.9 32.1
250.1 33.9
216.3 35.5
184.3 37.3
153.6 39.6
125.1 42.4
101.9 44.9
81.8 49.0
67.0 53.6
58.4 57.7
55.1 64.9
58.0 74.9
70.0 89.5
88.9 107.7
110.9 126.3
138.9 148.2
165.4 168.9
190.8 189.6
218.4 213.0
245.3 236.8
265.2 255.6
280.0 271.1
289.0 281.9
293.3 288.8
294.0 292.2
291.5 292.8
287.7 291.2
285.1 274.3
282.3 251.9
283.0 207.1
286.9 158.1
292.5 110.0
298.0 70.2
302.9 41.5
306.1 23.0
309.6 20.1
311.3 27.8
307.7 43.3
296.8 65.0
274.5 92.8
255.7 117.7
243.9 141.1
244.4 164.0
248.3 184.1
253.0 202.7
256.8 218.2
258.7 229.7
255.8 238.3
236.0 244.6
208.1 247.6
182.9 248.9
155.0 248.6
126.2 245.8
100.4 242.8
78.1 239.1
53.4 230.7
28.1 219.0
7.2 200.8
-1.3 178.4
1.8 158.8
10.8 144.0
38.5 138.7
68.4 144.8
96.4 158.7
131.8 174.0
172.4 188.8
215.4 200.7
252.5 205.5
282.7 191.5
301.2 166.8
304.2 138.0
292.2 109.8
277.1 89.2
262.5 77.0
249.5 75.6
244.3 87.6
248.8 111.2
258.0 136.9
265.0 162.2
267.6 185.2
262.6 207.1
242.5 226.3
215.8 240.8
186.2 251.3
158.4 257.3
131.1 258.5
104.2 252.5
84.6 242.1
74.2 222.9
71.2 201.5
76.5 183.5
88.9 172.7
102.0 170.4
115.8 173.2
132.8 177.5
160.0 174.5
192.4 164.9
221.4 148.0
241.0 130.5
251.0 114.4
248.8 101.9
240.5 94.1
230.9 91.5
225.8 102.3
226.9 117.4
238.1 137.7
256.8 159.9
274.6 178.7
288.4 197.5
298.1 213.5
298.3 226.6
282.6 237.2
264.3 243.5
238.5 244.9
211.1 242.9
184.8 238.7
153.2 232.7
127.6 226.0
104.2 218.8
79.0 210.6
60.9 203.4
47.5 193.9
38.8 181.9
33.7 168.6
29.9 153.7
27.4 138.3
27.2 125.9
30.6 115.6
44.6 107.4
65.0 103.6
87.0 106.2
123.8 117.9
166.1 129.6
206.6 138.2
245.3 142.5
274.3 143.7
290.3 133.9
292.8 118.6
286.2 104.4
264.7 90.6
243.6 80.9
225.8 75.5
212.4 76.5
216.2 92.0
221.7 108.6
230.8 130.8
238.4 152.9
241.5 171.6
241.4 186.0
234.7 200.9
223.0 215.4
206.7 226.3
182.3 235.8
161.4 241.3
139.0 242.8
117.1 240.6
100.0 235.5
87.2 229.0
78.5 221.9
73.9 216.3
72.3 212.0
72.7 208.9
74.3 206.7
76.2 205.8
75.8 208.0
74.6 210.3
72.3 209.6
69.0 198.0
66.9 183.3
66.7 168.8
68.8 158.3
78.4 153.5
90.4 154.2
99.8 160.2
107.7 167.7
113.1 174.0
119.4 178.1
130.9 180.1
151.5 184.0
183.3 188.3
213.4 190.5
238.2 190.4
260.7 187.8
275.7 180.7
277.8 165.2
276.5 152.7
273.4 143.6
272.4 136.7
277.5 130.4
288.6 122.1
298.5 111.8
306.5 98.9
313.5 84.2
319.3 69.3
325.2 55.2
329.9 44.7
333.7 36.9
337.5 30.9
340.8 27.4
342.5 26.0
343.9 28.7
344.4 37.2
343.9 51.0
344.3 64.1
349.4 79.9
355.6 95.4
360.4 110.2
363.0 129.6
364.4 149.8
366.1 168.8
367.4 184.5
364.7 196.8
357.5 205.9
347.1 212.5
335.8 216.5
327.1 217.9
314.4 218.0
279.3 215.5
244.4 211.2
210.2 202.8
164.2 192.7
122.6 180.2
94.7 167.5
76.6 152.8
66.3 141.2
62.2 133.4
62.1 128.6
86.8 126.9
132.9 129.5
177.6 133.9
216.8 139.3
245.1 143.8
259.0 148.5
261.0 154.3
256.1 164.1
251.0 175.7
247.8 188.9
244.3 200.8
239.3 210.1
228.1 217.6
214.8 223.3
193.3 225.5
165.9 223.9
144.8 221.8
127.7 218.8
110.9 214.2
97.7 209.3
81.6 203.6
65.7 197.9
55.5 193.7
49.7 190.8
59.4 188.0
88.8 186.1
130.0 185.9
179.7 184.6
228.4 182.4
269.5 180.6
302.6 179.1
328.2 177.9
344.6 177.2
354.4 175.8
359.9 174.2
361.1 173.2
359.4 172.6
356.1 172.3
352.1 172.3
347.8 172.4
343.8 172.6
340.2 172.9
337.3 173.1
334.9 173.3
