310.4 67.4
312.0 65.3
311.7 65.3
310.1 64.0
287.1 58.0
267.9 55.1
254.5 59.3
253.6 68.8
279.2 82.1
307.2 94.8
322.8 104.6
320.1 115.7
313.2 131.4
311.3 147.9
312.9 165.1
309.9 182.8
303.3 196.1
292.6 204.9
277.5 209.4
266.4 211.2
258.2 212.6
252.9 216.2
250.2 219.1
246.4 221.5
235.8 222.6
216.6 223.5
201.7 224.4
190.8 227.2
184.2 229.6
180.2 231.9
169.6 233.2
150.1 231.0
135.2 225.6
132.7 210.9
139.5 192.3
147.4 177.0
154.4 165.1
148.8 151.9
138.0 139.3
124.5 121.4
115.0 104.4
108.9 92.2
106.2 83.2
106.9 76.2
109.0 72.5
112.6 71.1
117.0 71.4
119.4 72.3
112.8 75.2
102.5 80.3
93.0 90.1
86.4 102.6
84.6 125.3
84.6 146.7
84.1 169.4
82.7 186.8
78.3 206.2
69.4 225.7
58.5 242.3
48.1 253.9
38.7 261.4
31.3 261.0
27.3 250.7
26.4 235.1
32.1 209.1
39.4 180.7
49.5 154.8
63.9 130.4
77.0 111.6
95.7 97.4
116.6 88.4
132.8 85.4
145.6 92.5
159.9 115.8
173.7 145.4
185.0 176.4
193.1 203.1
200.8 224.3
205.2 238.6
208.9 245.6
215.6 242.6
222.6 230.7
230.5 214.6
238.6 195.7
245.1 176.6
251.0 159.9
255.1 146.9
258.8 137.4
262.6 131.4
268.1 130.8
279.2 140.4
292.9 157.1
303.7 173.5
310.4 187.0
309.2 198.6
291.0 206.0
248.9 207.3
202.0 205.5
161.6 203.3
128.9 201.0
102.6 198.4
85.8 196.3
76.2 194.5
72.0 193.0
86.9 189.8
109.5 186.6
146.2 183.6
182.2 180.7
213.4 178.0
242.7 174.1
264.9 170.2
280.7 166.1
290.9 161.9
295.8 155.7
293.2 148.5
283.7 141.4
271.6 135.7
255.2 131.0
234.6 126.6
213.0 123.2
193.6 119.8
178.5 116.8
168.0 114.3
162.8 110.3
164.0 106.3
171.6 102.3
182.9 99.7
194.0 98.3
204.2 97.7
219.1 98.4
236.1 99.6
250.1 100.9
267.1 101.2
282.9 100.8
293.9 99.9
301.5 97.4
304.9 93.7
302.3 90.2
295.1 87.8
277.5 88.8
257.6 94.2
241.3 103.4
230.3 117.8
226.9 133.8
229.0 150.9
233.5 166.0
239.5 180.4
246.7 194.1
252.4 204.1
256.3 211.7
252.4 218.1
242.5 222.0
221.9 223.3
202.6 222.8
185.2 218.5
168.9 212.2
157.2 205.2
150.1 198.5
152.5 193.4
161.7 190.5
185.0 198.6
204.1 210.7
216.0 224.1
210.8 235.5
196.2 245.1
179.3 251.7
162.6 255.7
145.1 257.9
131.1 258.8
117.8 260.9
102.3 267.8
84.2 278.1
71.4 285.8
65.6 292.4
71.8 297.3
89.2 299.5
111.3 299.3
149.6 295.8
183.7 291.1
212.5 284.6
240.6 274.7
261.5 263.2
275.8 251.0
285.1 234.1
287.4 216.9
284.2 199.0
275.5 180.3
257.5 161.0
240.6 148.0
218.6 140.4
197.4 136.6
182.0 137.6
179.7 147.6
189.8 163.4
210.6 183.5
233.5 201.9
253.3 216.9
272.9 229.2
287.5 237.5
298.4 244.3
306.6 252.0
312.4 261.1
318.8 268.8
327.1 275.7
338.2 283.2
350.3 289.6
361.2 293.5
368.7 292.8
373.0 287.7
372.0 272.8
368.7 256.1
363.4 232.3
356.2 202.2
347.0 169.1
340.0 138.9
334.8 110.0
331.2 88.7
328.6 73.5
327.0 62.2
326.3 54.9
327.2 50.3
330.1 46.8
333.7 45.2
338.0 42.6
342.4 40.3
346.7 38.2
351.6 35.7
356.1 34.1
359.6 32.5
360.4 30.3
344.3 27.4
312.0 26.6
280.8 27.3
250.2 29.2
222.9 31.4
194.3 33.2
166.1 34.6
129.7 36.4
93.7 39.3
67.4 41.7
51.0 43.5
38.1 45.7
29.0 48.7
24.0 53.4
22.5 68.8
24.6 92.2
29.6 119.7
33.6 154.3
36.1 187.9
36.8 217.5
36.3 243.3
37.3 263.2
49.7 274.2
72.7 276.3
101.1 273.2
142.0 262.4
187.7 248.3
223.3 233.7
257.8 216.5
280.3 202.4
279.1 192.5
256.4 184.8
224.3 172.4
188.3 159.2
157.0 147.6
131.6 137.4
113.0 129.5
100.7 120.7
92.9 106.0
90.5 93.5
94.8 84.5
105.6 79.2
146.2 88.6
188.2 100.2
222.5 116.3
245.9 135.6
249.3 160.8
240.4 184.9
231.0 207.6
229.4 229.1
239.5 250.1
254.7 270.0
269.7 286.1
280.5 296.8
288.2 303.4
294.3 306.2
300.4 305.7
312.3 297.5
322.9 283.7
329.9 265.8
335.1 245.6
339.4 221.2
339.7 195.7
337.2 167.3
332.6 142.9
327.8 122.8
323.8 106.2
320.0 95.2
314.5 89.4
295.7 95.6
268.6 107.9
237.2 125.3
202.3 147.9
146.2 176.6
93.6 205.1
52.5 228.2
22.9 244.7
4.8 255.3
-4.6 261.2
-6.2 261.2
2.7 244.6
23.8 208.4
53.3 165.3
79.0 128.1
99.7 96.8
115.1 74.8
125.6 60.5
132.1 52.3
135.7 48.7
137.1 48.3
139.6 58.4
146.9 81.3
155.3 113.1
160.9 145.6
164.3 173.4
166.0 194.1
167.7 209.4
169.0 220.0
170.2 226.2
172.4 229.7
178.9 230.2
187.5 227.2
208.7 217.1
230.7 207.4
254.1 197.3
275.7 188.1
291.9 179.9
302.2 173.3
309.4 167.4
313.8 162.5
315.3 159.0
315.0 156.4
312.4 153.5
307.3 150.4
298.6 146.7
287.5 142.6
277.5 138.8
266.8 135.0
256.5 132.6
240.8 129.8
224.9 127.7
212.0 126.6
199.0 126.2
183.9 127.3
168.2 128.9
156.7 131.0
146.4 133.8
135.7 139.0
127.6 145.1
121.6 155.1
117.7 168.3
120.5 182.0
131.9 195.0
151.5 206.1
178.6 213.4
209.8 215.2
235.6 210.6
255.2 201.6
266.2 189.6
263.3 176.9
253.4 169.1
240.5 169.1
229.8 177.2
224.5 187.9
221.6 198.1
219.6 206.8
214.2 214.9
206.6 221.2
195.2 225.7
180.4 227.0
165.3 225.3
153.9 223.5
145.4 219.8
139.7 216.0
136.6 212.2
135.5 208.6
138.9 203.3
147.8 197.3
171.1 185.3
211.2 164.7
263.2 142.9
302.3 126.6
329.4 115.6
346.9 108.9
357.0 105.4
361.5 104.1
362.1 104.5
360.3 105.7
357.1 107.5
353.2 109.5
349.2 111.4
344.4 113.1
339.2 114.6
327.6 117.3
301.1 121.2
233.5 124.5
162.0 125.0
108.5 125.2
71.8 125.1
48.5 124.9
42.2 125.7
63.8 133.3
92.1 144.5
115.5 155.8
126.0 168.3
128.9 178.9
130.6 186.5
132.7 193.5
139.2 203.7
145.4 213.8
145.3 222.2
141.8 228.7
136.6 233.2
132.3 235.5
131.6 236.3
150.4 237.6
173.4 239.3
195.4 242.7
219.0 245.1
237.4 246.1
252.4 243.4
266.3 234.7
275.7 222.7
281.7 205.4
284.1 185.2
282.8 163.1
280.2 140.8
276.8 120.1
270.9 101.8
261.8 86.9
254.0 77.6
246.2 72.7
236.9 73.1
227.6 77.6
213.5 85.0
199.7 92.7
187.2 104.3
179.1 116.6
183.5 137.3
193.7 158.5
204.2 179.3
214.1 197.9
225.4 216.0
234.5 229.4
242.8 240.3
253.6 253.3
266.2 265.1
277.9 273.4
288.4 278.7
295.6 277.4
296.9 263.2
289.3 239.8
280.3 207.7
271.4 174.9
264.3 146.6
259.1 120.1
255.4 99.1
252.5 84.9
250.8 76.7
249.9 72.8
250.6 72.1
256.0 75.2
261.4 79.8
267.4 85.5
272.7 90.9
276.4 95.5
