311.4 66.4
313.0 65.2
311.9 65.5
296.8 63.5
267.9 60.9
237.0 59.6
202.7 58.5
174.8 57.9
151.8 58.4
128.9 61.7
112.5 65.3
101.7 72.5
96.2 81.8
97.2 93.5
108.6 111.1
124.2 127.9
141.7 142.7
162.1 158.9
178.2 171.4
192.0 182.6
204.5 196.2
210.6 207.6
212.4 216.1
211.1 223.6
199.9 232.6
183.9 239.6
155.1 246.1
127.3 250.2
107.1 252.1
90.3 248.8
78.1 241.7
71.8 233.1
73.7 224.7
85.0 218.0
104.4 215.3
133.3 221.8
164.2 231.2
188.9 239.0
219.9 242.5
250.9 239.7
275.2 233.1
297.3 220.8
310.1 205.5
313.7 187.1
312.0 167.9
305.1 149.4
295.1 133.4
283.1 121.6
266.6 112.9
249.1 107.7
232.3 106.7
215.1 112.5
202.3 121.1
194.6 132.5
192.0 147.4
192.2 164.7
192.0 184.5
187.6 205.0
181.2 221.0
170.0 233.4
156.6 241.3
141.3 245.6
126.3 245.1
114.2 242.6
100.1 236.7
88.6 229.1
79.9 220.8
73.0 210.9
67.7 197.2
64.6 185.6
63.5 173.4
65.2 159.8
68.9 144.6
74.1 128.2
78.9 113.3
82.7 101.7
84.9 87.1
86.5 75.3
87.5 66.2
89.2 60.5
93.6 57.8
110.5 57.4
130.6 59.5
156.0 63.1
178.0 67.4
199.1 73.2
227.4 83.9
251.1 93.1
268.9 99.9
284.4 102.7
298.0 101.0
307.9 94.3
313.4 86.6
315.6 78.3
309.8 65.5
297.3 54.5
282.6 46.4
257.2 39.2
224.9 33.8
193.3 32.0
168.0 32.6
145.6 36.1
124.2 44.4
108.5 55.2
96.9 69.8
89.8 85.5
88.2 105.0
93.0 125.2
108.0 146.0
132.4 168.1
162.6 190.5
192.1 210.0
219.1 227.1
244.0 242.9
263.8 256.4
278.1 265.4
288.0 271.7
293.2 274.4
295.4 274.1
297.1 266.8
297.6 250.5
297.6 230.6
299.5 203.9
302.0 176.6
305.5 151.3
308.3 126.7
309.9 108.4
311.0 95.6
311.3 86.4
311.2 81.5
310.8 79.9
310.2 80.4
309.6 82.1
309.0 84.6
308.5 87.3
308.0 89.9
