95.5 91.3
94.0 90.5
94.3 90.6
94.5 90.7
92.8 96.8
89.8 110.1
93.5 132.9
114.9 160.4
145.2 182.8
178.4 198.7
216.5 206.9
244.0 207.0
254.6 189.4
254.7 166.4
245.6 145.7
232.1 129.9
211.2 134.1
197.8 151.2
199.1 174.6
207.9 198.4
215.3 220.5
215.1 238.1
193.4 250.4
161.4 255.8
130.7 256.3
105.2 253.4
88.7 246.9
82.7 240.4
101.4 239.0
145.3 245.0
187.8 250.7
229.8 251.4
264.1 249.4
289.7 235.4
305.6 216.3
313.7 198.6
315.8 183.6
314.6 171.0
312.4 159.3
310.6 150.3
308.8 143.7
308.4 137.5
306.4 127.3
298.1 115.9
288.9 106.6
279.9 100.7
268.2 98.6
262.2 112.6
264.6 133.1
278.2 160.0
290.7 181.7
300.3 198.9
306.8 212.4
306.9 224.5
300.4 234.3
294.6 242.0
295.4 252.2
306.0 262.9
321.5 273.4
330.5 280.4
332.7 282.8
331.3 275.2
325.8 252.7
321.1 220.8
320.2 188.8
325.0 156.7
330.1 130.9
334.3 110.5
337.2 91.5
339.1 78.1
340.6 69.3
341.8 65.0
343.8 63.9
346.3 63.4
340.5 57.8
318.1 51.8
290.5 48.2
264.0 48.0
241.0 51.3
224.7 59.0
215.8 69.0
212.5 79.4
212.3 88.7
211.5 96.9
198.9 103.3
185.4 106.3
172.9 108.7
162.1 110.5
149.6 114.6
140.3 122.8
136.9 135.1
142.3 151.3
148.1 165.8
148.5 178.4
137.9 188.9
118.6 196.6
102.6 201.1
89.8 204.7
80.9 210.0
79.2 219.7
85.4 229.4
108.7 241.0
137.9 251.8
165.3 259.9
204.5 264.2
250.0 262.1
285.9 253.6
319.8 231.9
346.7 204.9
358.3 170.9
359.8 142.2
348.5 116.8
329.8 98.5
306.0 87.0
276.9 81.8
245.1 80.1
212.0 83.3
182.7 90.4
152.2 101.0
130.7 111.0
116.7 120.7
115.2 131.0
136.4 144.4
161.4 155.6
182.1 164.5
195.1 176.1
194.3 186.3
180.7 195.1
160.8 202.5
141.5 208.8
127.1 214.0
122.7 220.5
122.6 226.0
124.4 230.7
117.4 236.3
103.8 239.8
93.6 241.6
86.8 242.2
91.0 243.1
108.2 244.8
148.6 250.4
198.4 255.8
260.9 261.3
311.3 263.1
347.3 261.7
370.6 256.5
371.5 239.9
354.7 223.4
320.0 208.9
269.1 193.8
212.5 177.0
165.6 163.1
129.5 149.5
101.8 134.7
83.7 121.4
73.6 111.7
74.7 104.9
100.3 98.4
134.4 93.8
173.4 89.8
205.7 82.0
227.1 70.8
238.5 61.4
243.7 55.8
241.9 57.0
235.9 68.7
234.0 90.6
239.4 121.4
244.8 151.6
248.7 181.3
246.2 210.8
239.3 234.3
231.6 250.9
217.6 260.4
181.1 256.2
144.4 245.0
116.2 232.1
93.5 213.5
76.4 187.3
65.6 162.6
60.7 138.3
60.4 119.7
67.0 106.1
84.6 98.8
112.1 102.9
141.3 126.6
166.4 154.5
186.2 179.2
201.1 199.4
212.8 214.8
222.4 225.1
233.8 229.9
245.5 227.9
257.6 212.4
266.3 191.1
272.4 164.7
275.1 139.3
274.3 118.7
268.1 102.9
260.2 92.7
241.8 88.9
217.6 90.8
191.6 97.7
158.0 106.1
126.0 112.8
101.4 119.0
84.5 124.9
78.4 133.3
88.2 147.6
110.2 167.3
131.2 186.4
143.1 207.2
146.1 226.5
136.8 242.8
117.8 253.8
100.9 259.7
88.1 260.6
82.4 258.5
92.0 254.4
117.7 247.7
154.1 239.3
196.9 229.3
236.0 220.1
268.6 211.5
294.6 201.3
308.4 186.0
309.7 168.5
299.6 145.8
284.3 122.7
269.1 103.0
255.9 88.9
245.6 79.8
237.9 75.0
232.5 73.2
229.0 73.5
226.9 75.1
226.7 78.4
229.2 84.4
233.1 90.9
237.1 97.3
240.2 102.2
