100.5 69.4
99.1 71.2
102.7 81.9
104.6 88.8
105.4 91.6
112.7 91.1
123.0 90.6
129.7 91.4
130.4 92.9
125.6 91.8
107.5 81.2
86.8 69.5
68.2 54.8
53.7 42.3
43.9 33.6
37.7 27.9
36.1 26.7
47.6 36.8
65.1 53.4
80.5 69.4
95.2 85.2
109.5 99.6
126.6 114.8
150.1 134.5
170.4 152.7
185.3 166.5
194.8 175.6
200.1 180.7
201.2 183.0
197.9 181.7
182.3 168.8
163.1 151.4
139.6 128.0
114.2 104.1
94.3 84.7
76.4 68.7
63.7 57.7
55.9 51.0
55.4 52.3
81.8 73.0
117.1 101.4
147.8 128.0
171.6 149.2
189.4 165.4
199.4 174.0
192.1 167.1
179.1 155.4
159.4 139.1
138.5 123.5
122.5 111.6
111.0 103.0
106.9 99.4
120.7 108.6
143.0 126.3
167.8 147.7
189.1 166.4
205.6 180.6
220.1 194.1
230.1 203.0
238.6 210.3
248.7 217.4
254.9 221.5
258.2 223.5
251.3 219.4
239.3 213.2
217.6 206.7
193.1 202.2
169.5 203.1
151.1 209.8
139.2 222.8
133.3 237.3
130.5 249.5
129.6 258.0
131.9 261.0
161.0 240.4
197.3 213.1
250.3 170.3
294.8 131.8
327.6 100.5
349.4 78.6
362.6 64.8
368.9 57.8
367.4 57.4
332.3 79.3
287.1 109.8
243.4 143.9
202.3 176.5
169.8 201.7
141.8 220.7
117.8 234.8
102.0 244.1
93.1 249.0
90.4 248.9
97.6 236.0
111.6 217.1
132.2 195.2
152.9 176.6
173.9 161.1
189.4 150.0
195.0 144.9
184.7 146.0
167.9 144.7
148.4 137.3
133.1 129.0
122.3 122.8
120.1 118.4
140.7 122.6
175.2 139.6
200.2 163.0
201.8 188.7
171.7 200.2
138.6 196.7
112.0 184.8
96.9 171.4
93.1 157.3
101.0 143.3
120.7 131.1
157.2 121.5
191.3 115.4
217.9 111.7
236.5 109.9
249.0 109.5
256.7 109.8
260.5 110.7
261.5 111.8
260.6 113.0
258.7 114.2
247.7 114.9
223.9 115.4
171.4 120.4
119.9 124.2
81.9 126.9
55.0 128.9
37.5 130.1
27.6 130.8
25.2 132.9
32.8 139.5
47.6 149.9
67.2 162.3
89.7 176.7
110.7 191.0
129.1 205.3
147.0 220.6
163.4 231.6
176.5 236.4
197.8 230.7
223.0 217.6
244.4 197.5
261.1 164.7
274.1 132.2
283.1 103.7
287.4 79.7
288.6 61.7
287.8 49.8
285.9 42.8
284.7 40.8
296.7 61.6
310.9 95.4
322.8 136.8
332.7 177.7
341.0 213.4
347.3 241.4
350.9 259.8
351.8 270.9
343.8 270.8
317.7 254.5
281.4 231.3
245.1 202.4
209.9 169.7
175.8 138.3
142.5 108.6
106.0 78.7
76.7 56.0
57.2 41.1
45.0 31.8
39.2 27.4
37.5 30.1
39.6 44.9
50.4 92.0
59.9 146.6
66.2 198.7
71.6 238.7
75.9 266.9
79.2 284.8
81.5 294.7
90.5 291.9
118.2 269.7
153.4 239.7
207.6 194.9
255.0 155.0
293.4 120.9
319.1 96.9
334.6 81.2
342.6 72.0
345.1 67.6
344.0 66.6
340.6 67.8
335.4 70.4
324.5 73.2
296.8 76.9
236.7 82.3
186.7 86.7
150.5 90.3
128.4 96.7
126.4 113.2
140.8 139.7
152.0 161.5
150.6 178.3
145.3 189.6
141.0 196.4
138.6 200.6
141.5 209.7
148.1 220.0
152.9 228.5
142.7 233.6
127.1 228.9
116.2 218.9
111.8 207.9
113.3 197.3
135.2 185.9
166.2 176.8
199.1 170.4
237.2 164.8
270.2 159.4
296.0 150.6
313.5 134.6
321.4 116.1
321.1 99.1
307.0 80.8
288.3 66.2
270.6 56.4
248.9 52.6
224.8 55.9
206.8 62.1
196.1 75.6
195.8 95.1
206.4 119.4
220.1 146.1
232.1 170.6
240.3 192.6
238.9 213.0
231.2 227.9
211.6 238.5
190.0 242.8
167.7 237.8
148.7 224.8
134.5 210.3
123.5 191.6
116.5 175.3
112.8 161.5
114.5 149.6
120.4 140.1
126.3 133.6
132.5 129.1
138.7 125.7
145.0 122.7
151.9 120.2
165.0 119.8
183.5 123.2
207.3 133.3
228.4 146.2
245.0 162.4
256.2 180.6
261.0 198.7
254.4 217.2
241.1 231.9
222.8 243.7
202.4 251.0
180.0 252.7
160.2 249.5
138.9 239.5
122.6 228.3
110.9 212.7
103.1 191.5
98.9 170.9
97.8 149.5
100.2 129.9
105.8 113.7
115.7 101.0
129.4 90.9
142.9 84.4
154.4 80.9
166.0 80.1
179.1 82.0
192.6 85.7
207.0 91.1
219.6 96.9
231.6 102.7
242.5 108.7
251.3 115.0
260.9 123.5
270.1 134.1
276.5 146.8
280.4 160.6
284.3 180.5
286.2 200.9
284.8 219.5
274.8 237.9
258.4 253.4
239.0 264.7
217.8 271.7
198.7 275.1
183.1 275.6
166.8 272.3
153.7 267.5
144.0 262.2
135.8 256.6
131.2 252.1
129.2 248.6
129.1 246.0
130.1 244.2
131.7 243.0
138.5 245.0
151.1 248.9
168.8 252.7
185.4 255.7
202.9 256.7
225.0 255.1
242.8 252.5
259.2 247.2
279.1 235.7
294.3 223.3
306.9 207.7
315.5 188.3
320.1 167.1
320.0 140.3
314.6 114.9
304.1 90.9
290.1 70.4
270.5 54.0
244.2 41.8
208.2 35.7
177.4 34.5
147.4 38.2
115.5 49.3
88.0 64.2
66.0 82.4
50.6 99.4
39.1 117.4
32.1 133.3
28.7 148.7
29.2 166.5
33.6 185.1
39.6 200.7
48.3 216.2
59.9 230.2
70.6 240.8
83.1 250.6
97.0 259.2
111.8 267.4
128.4 273.9
151.1 278.5
171.8 280.6
188.6 281.1
208.2 278.5
229.8 273.9
246.7 268.7
263.9 261.9
278.1 255.0
288.2 248.4
301.4 240.7
311.6 233.4
317.9 224.3
322.3 210.6
324.0 198.7
322.1 182.0
317.2 160.1
311.8 141.0
305.7 125.4
298.2 113.2
288.7 103.2
278.3 95.3
265.2 88.7
252.5 84.2
239.3 81.5
223.9 79.6
208.1 78.8
189.0 78.0
172.9 77.1
159.8 77.0
146.1 77.3
136.3 78.0
127.7 78.9
122.5 80.1
120.1 81.2
119.7 82.1
120.6 82.8
