276.6 64.4
277.7 63.2
277.5 63.4
277.4 63.6
264.6 78.8
247.4 98.8
230.2 118.6
210.3 142.2
195.4 159.4
184.3 173.1
177.2 183.0
173.0 189.3
171.3 192.7
176.1 196.4
186.0 199.6
199.8 200.5
215.5 194.3
227.3 183.9
229.9 169.1
220.7 149.6
206.7 132.5
192.3 119.1
178.5 110.0
158.6 106.9
140.8 107.7
125.8 114.5
116.5 126.9
125.0 150.2
147.5 175.8
174.9 196.9
215.6 212.2
252.7 216.5
282.0 205.8
296.1 177.8
300.0 152.0
289.4 126.9
266.6 105.6
241.4 89.2
214.6 78.3
190.1 72.6
167.2 71.8
146.4 78.3
130.9 86.7
120.4 98.0
114.1 111.1
111.2 125.9
112.9 142.7
122.3 162.6
134.3 180.5
152.9 197.2
173.9 211.0
194.7 223.0
212.3 233.8
225.9 242.5
232.5 249.0
227.1 254.9
215.5 258.8
196.4 261.6
175.4 262.5
154.3 255.3
132.3 240.9
116.2 227.5
105.5 215.9
102.7 206.0
110.7 198.0
136.7 192.4
172.6 188.9
207.1 187.2
237.2 185.5
259.9 181.9
276.1 174.6
281.9 155.9
280.6 137.0
269.0 118.8
251.5 102.5
231.3 89.4
211.1 79.6
190.9 72.4
174.9 68.6
159.8 68.6
142.4 65.5
127.7 61.5
117.5 58.6
106.3 56.9
95.4 56.3
86.5 57.5
79.1 63.8
78.0 74.5
95.8 93.8
113.6 115.8
126.6 135.3
131.2 155.2
129.3 172.7
122.2 187.2
116.3 198.7
114.3 209.2
116.1 219.5
118.4 229.4
115.4 241.1
109.4 249.6
103.4 253.1
98.3 249.8
92.1 227.6
87.5 204.1
85.9 177.8
86.3 154.3
88.6 125.0
87.0 97.9
84.5 77.1
80.6 60.3
78.3 48.5
84.1 41.6
97.8 40.1
112.4 42.5
126.2 48.1
137.2 64.4
146.5 88.3
154.8 114.9
161.9 142.8
168.4 173.0
173.9 200.6
179.5 225.0
186.3 244.5
192.7 258.1
199.3 266.2
205.2 270.6
209.7 272.1
213.6 270.6
218.4 265.1
223.6 254.5
229.3 240.4
234.5 224.6
239.6 206.7
245.7 187.4
252.6 167.7
259.4 148.0
265.2 130.1
271.5 110.9
277.0 92.6
281.8 76.6
287.0 62.5
290.9 52.8
293.8 47.4
299.8 48.3
308.9 57.2
320.8 78.7
332.8 106.6
342.8 137.2
350.2 167.6
353.2 195.2
352.5 219.9
350.2 239.3
344.8 255.9
334.6 267.1
318.4 273.5
299.8 276.1
275.8 275.3
252.8 271.6
231.5 263.7
210.3 251.3
190.2 236.5
171.5 217.0
152.1 184.4
139.7 158.1
131.4 135.5
126.3 116.6
122.9 101.4
120.9 91.0
120.1 84.9
118.1 80.9
113.9 79.6
107.8 80.6
96.5 87.7
83.5 99.0
70.3 115.9
60.7 134.5
54.1 153.8
51.1 172.6
55.5 196.1
65.1 218.5
78.3 238.2
94.2 254.1
112.8 264.5
130.6 269.4
149.1 269.3
173.7 263.8
197.3 255.2
220.8 241.5
245.5 222.0
267.9 201.1
286.1 182.8
299.2 165.0
308.1 146.5
312.4 130.9
313.9 116.7
313.1 105.1
310.0 95.5
304.2 86.7
298.5 80.5
291.9 75.8
283.7 73.0
273.7 72.1
264.8 72.4
254.8 73.9
242.7 76.1
227.9 78.7
210.9 82.4
191.7 87.0
176.5 91.5
165.5 95.3
157.7 98.7
151.3 102.6
147.1 106.3
144.6 110.6
144.0 116.5
146.4 122.7
150.9 128.9
157.5 134.5
165.5 140.7
175.0 147.1
186.6 153.8
199.4 162.3
213.0 171.3
224.1 178.9
233.3 185.2
239.5 189.1
243.1 191.2
245.8 191.9
247.6 191.0
248.9 188.6
249.6 185.2
249.4 178.7
248.8 172.4
248.7 165.1
249.1 158.0
249.9 151.1
251.1 145.2
251.8 141.3
252.6 138.6
253.8 137.2
259.3 137.8
267.1 139.8
273.9 141.8
279.1 143.9
282.5 145.6
284.5 147.0
285.2 148.3
278.9 149.7
265.9 152.5
245.1 155.3
226.1 157.3
206.5 158.6
188.6 159.4
171.5 159.8
158.0 159.9
147.6 159.4
138.5 158.9
131.8 158.1
127.6 157.4
124.3 156.5
119.8 154.7
116.7 153.3
115.0 152.4
113.8 151.7
113.6 151.4
114.1 151.2
114.9 151.1
115.9 151.2
117.0 151.2
118.0 151.4
118.8 151.5
119.5 151.6
120.1 151.7
