77.6 71.4
75.9 70.3
76.2 70.5
76.4 70.6
74.1 90.6
68.7 134.9
64.2 174.3
61.6 197.9
60.1 206.4
64.9 186.0
72.4 159.0
80.0 133.3
85.5 113.8
91.3 106.7
98.9 127.4
105.8 155.1
110.9 178.7
114.1 196.1
123.6 185.0
133.6 168.6
142.7 149.7
149.5 134.7
154.5 131.2
159.6 148.6
166.3 175.1
171.7 197.3
175.0 213.6
185.1 208.3
202.8 182.9
216.7 159.1
226.0 140.4
232.6 129.7
238.5 140.7
244.4 158.7
248.5 173.9
252.1 183.2
264.1 167.0
277.3 145.1
288.3 126.4
295.5 112.7
304.2 121.2
313.3 148.5
321.0 177.5
326.1 199.9
329.9 205.3
332.9 196.6
334.2 178.6
334.4 162.5
333.8 151.3
333.2 156.6
334.9 177.6
337.4 201.1
339.0 226.1
338.9 246.2
336.6 260.6
315.1 265.4
283.8 263.6
254.4 258.8
229.5 252.9
196.4 244.2
171.1 236.4
152.2 230.0
135.0 223.7
123.5 219.3
117.1 216.2
114.6 214.4
114.8 213.4
116.7 213.1
119.5 213.2
117.9 213.2
113.6 212.7
108.8 211.7
105.7 211.2
103.9 210.5
106.0 208.3
118.9 204.8
150.4 200.1
188.2 196.8
226.1 194.5
257.7 192.4
282.6 190.4
299.2 189.1
308.8 188.5
313.4 188.3
300.3 189.1
261.9 188.5
209.8 187.0
167.7 185.3
134.1 183.7
110.8 182.6
95.8 182.0
90.0 181.0
110.4 179.6
142.4 177.5
174.1 175.0
209.2 170.7
238.2 166.8
263.1 163.5
284.8 159.4
302.3 155.1
314.7 151.2
322.7 146.0
327.7 138.8
329.0 132.0
324.2 125.8
308.1 120.7
284.3 117.2
259.6 114.4
229.2 112.6
199.7 111.4
176.9 109.9
157.6 108.5
137.1 105.9
120.5 103.6
107.0 101.8
90.2 100.7
76.4 100.3
67.0 101.3
60.2 104.5
55.9 110.8
53.3 124.2
52.8 139.8
57.4 162.7
61.9 182.7
64.2 203.0
65.2 218.8
65.9 229.7
66.6 236.2
75.7 230.8
91.6 221.3
114.2 212.6
134.7 207.9
151.4 208.1
163.5 213.0
171.8 219.3
180.2 224.4
205.0 222.0
234.7 215.0
259.0 200.2
274.1 175.9
282.1 153.0
277.3 128.3
265.6 107.6
253.9 93.5
242.3 88.2
232.6 96.1
232.3 111.0
242.3 129.4
258.8 148.9
273.9 166.9
285.7 184.1
290.6 203.3
285.6 221.0
254.2 237.1
198.2 244.7
154.2 246.4
115.8 234.2
84.8 215.7
69.1 195.3
65.5 177.0
81.4 161.0
114.3 148.6
150.4 140.3
190.6 133.4
227.2 126.9
257.6 119.0
279.1 106.8
290.2 92.2
290.3 76.4
286.6 64.9
281.5 57.3
276.0 53.1
274.9 54.2
281.2 60.7
291.0 71.9
303.2 88.0
312.6 106.4
318.8 126.7
323.4 144.8
325.9 162.6
327.3 185.1
329.1 204.3
332.0 221.5
337.4 237.3
341.7 248.7
344.5 256.1
342.7 261.5
330.9 266.1
306.7 268.8
280.4 269.8
257.7 269.8
232.1 268.1
211.9 266.1
194.5 263.7
177.1 261.8
161.6 261.3
148.4 261.1
133.4 261.3
119.3 261.4
101.8 260.7
86.0 260.1
72.3 259.3
58.8 256.4
49.5 253.2
44.7 248.6
44.7 237.9
48.2 217.8
52.5 198.1
55.2 170.7
57.5 144.4
58.5 118.4
58.0 87.0
57.0 62.1
56.4 44.8
56.1 33.4
56.0 27.6
55.9 25.7
67.1 33.8
85.7 48.0
102.2 61.6
115.3 73.6
124.6 87.6
128.6 106.1
129.0 126.6
128.3 146.4
133.8 165.7
142.9 181.7
151.1 195.7
153.2 210.5
148.5 225.0
138.6 237.8
127.9 247.9
116.4 254.1
102.3 253.7
93.8 243.7
92.3 229.7
94.5 216.0
111.1 201.7
135.0 189.5
169.4 180.5
211.7 173.3
254.0 168.8
289.5 166.2
316.5 163.3
335.9 156.7
346.4 146.0
344.5 130.8
336.4 118.6
321.2 110.3
298.1 107.5
277.1 109.8
260.3 118.6
256.5 136.0
263.5 156.7
272.7 177.1
278.9 194.9
268.6 214.8
246.2 231.4
210.5 244.0
178.1 252.4
147.9 256.8
111.9 251.8
84.0 237.3
65.7 220.0
58.0 200.8
71.4 179.4
90.6 159.6
123.3 144.5
158.4 136.0
194.9 132.9
226.0 129.9
246.7 122.6
254.9 111.4
256.3 102.5
244.5 93.9
233.1 88.4
223.0 88.0
215.8 94.3
216.4 107.4
222.2 123.1
234.4 145.8
245.5 165.8
252.2 184.8
252.9 200.7
240.2 213.7
214.7 223.1
192.5 228.2
175.0 228.9
162.1 225.5
156.9 218.4
165.1 210.2
179.8 201.8
204.7 193.3
230.0 184.8
250.2 176.0
265.7 166.5
277.2 154.1
285.8 142.0
292.2 129.7
297.1 116.6
301.7 102.3
305.5 88.6
309.8 75.2
316.2 62.8
321.4 53.0
325.9 44.6
330.4 36.0
333.8 29.8
337.1 24.6
340.4 21.6
343.0 20.4
345.9 22.3
348.7 27.2
351.8 37.5
353.3 50.4
352.9 64.0
351.1 78.1
350.1 92.2
351.7 108.7
356.9 127.2
362.2 145.5
367.5 167.1
372.0 186.6
373.8 205.8
368.9 224.2
362.0 239.0
355.5 249.2
349.8 257.2
343.1 268.0
334.6 278.1
327.1 284.8
314.9 289.0
296.0 289.6
278.7 286.5
258.9 279.4
234.2 269.5
214.0 259.0
194.0 246.5
172.4 232.8
158.2 222.5
145.4 212.9
130.8 202.5
121.6 195.2
112.6 188.5
86.6 175.3
65.6 165.1
49.7 157.0
35.9 149.1
27.5 144.3
23.3 141.8
21.4 138.0
21.5 135.2
24.8 129.9
34.7 121.0
50.8 112.0
72.6 104.0
103.5 96.6
134.9 91.2
167.7 86.5
206.6 82.7
242.3 79.9
271.7 76.7
305.4 72.7
332.3 69.2
352.1 65.7
368.3 61.7
377.9 58.8
382.0 57.2
382.2 56.5
379.3 59.3
373.4 67.8
364.5 81.1
355.0 99.4
347.2 118.5
343.4 140.8
342.5 163.6
343.1 183.1
344.9 201.7
346.5 217.5
347.8 230.8
348.7 239.2
348.7 244.2
339.8 244.7
326.6 241.3
310.5 234.4
292.1 224.1
274.0 213.5
258.5 204.1
244.0 196.1
228.7 190.0
211.6 185.2
199.2 182.1
187.9 179.7
178.9 178.4
172.3 177.6
163.0 176.3
155.9 175.4
151.2 174.6
140.8 170.6
129.2 164.1
119.3 155.1
113.1 147.0
111.4 139.7
119.5 130.7
139.3 119.7
167.5 109.6
205.6 102.5
237.6 98.2
261.4 95.5
278.4 93.7
289.2 91.3
292.0 89.0
278.3 85.0
255.1 80.6
235.6 77.7
219.3 80.6
207.2 91.4
199.9 104.8
196.0 122.0
193.3 138.5
187.4 154.0
182.5 166.5
179.1 180.7
182.1 197.2
188.8 214.6
195.1 228.0
195.0 238.4
184.1 242.6
170.9 240.1
160.4 234.1
158.4 221.0
168.0 208.1
188.6 196.2
209.8 186.2
229.7 177.6
252.2 166.9
270.0 158.1
285.2 148.2
298.4 136.5
306.9 127.1
312.4 119.6
315.6 114.7
316.5 112.1
315.9 111.2
314.5 111.3
