68.7 62.4
66.8 61.2
67.1 61.4
66.7 66.5
60.5 88.6
55.7 136.6
49.8 189.9
45.0 229.1
42.2 253.3
42.2 265.3
56.0 258.6
87.3 232.3
122.6 200.6
151.8 173.2
172.3 152.3
184.3 139.6
185.9 136.6
175.8 143.0
162.5 156.0
161.2 177.4
176.7 196.9
200.8 213.6
221.9 226.9
235.7 238.1
243.2 247.5
248.4 254.8
265.6 258.7
289.9 257.8
310.8 247.4
323.4 228.0
327.5 204.9
319.9 179.1
298.2 152.7
273.5 131.4
252.8 118.0
237.8 112.9
234.3 120.6
238.1 133.8
244.6 149.5
249.6 167.2
252.3 184.1
246.9 198.4
226.1 208.7
191.9 214.1
151.0 214.7
117.5 212.7
92.0 208.7
72.4 201.0
59.7 189.5
54.0 175.5
57.8 158.4
73.3 144.4
120.5 129.9
176.7 117.3
226.1 106.5
264.4 96.3
291.4 86.2
308.1 75.9
315.0 64.9
310.8 56.5
284.8 48.1
249.5 41.6
214.5 38.6
180.3 40.1
149.0 44.6
121.6 52.1
97.1 63.5
77.4 77.9
64.8 92.1
64.6 110.9
74.8 133.6
87.2 153.6
98.1 170.1
99.7 186.2
86.8 198.0
71.4 204.7
58.3 201.2
47.9 188.4
40.9 172.6
37.8 151.4
38.4 132.9
42.6 118.9
54.0 115.5
67.2 123.3
77.0 134.8
84.2 145.7
89.0 154.5
98.0 166.3
109.0 178.2
125.9 193.6
147.5 210.5
168.4 224.2
187.6 233.6
210.1 239.0
238.2 235.4
265.2 228.4
303.0 219.6
343.1 210.8
375.7 201.3
395.5 187.2
403.1 171.6
398.6 147.5
391.0 123.0
381.3 97.2
372.0 74.1
363.9 54.3
356.8 38.2
352.0 25.3
349.5 16.1
350.4 9.4
352.4 5.3
355.6 3.6
358.1 3.8
360.0 5.2
350.0 7.3
328.5 9.6
294.5 11.9
258.4 14.0
225.0 16.5
194.3 19.3
168.4 21.4
141.7 23.0
121.4 24.4
106.2 26.1
92.9 28.0
84.1 30.0
79.7 33.2
80.2 39.8
89.9 50.2
103.7 61.1
115.2 69.6
122.5 77.9
122.2 86.3
121.6 92.9
130.5 100.4
142.4 108.4
150.1 115.1
151.6 122.2
150.2 131.1
153.3 143.2
166.6 159.2
178.3 173.6
182.8 187.0
178.0 202.4
171.2 219.7
164.0 232.3
149.5 240.6
128.0 241.1
108.6 233.1
94.8 220.6
85.5 205.0
80.6 187.6
78.2 170.4
77.3 154.7
76.5 138.8
75.3 121.3
73.6 103.1
71.4 87.9
69.1 76.5
67.5 69.4
66.6 65.7
66.0 64.5
65.8 71.6
66.7 95.5
68.7 131.2
70.4 169.0
72.1 204.3
73.4 232.2
74.8 251.8
75.7 263.9
83.7 263.7
98.5 252.9
130.7 232.7
167.9 212.9
197.9 196.2
218.7 183.7
229.8 176.2
223.5 178.8
211.8 184.7
201.0 189.8
191.8 191.2
182.4 186.4
167.3 170.7
150.8 154.7
139.1 144.2
138.8 145.5
145.9 153.5
160.4 172.6
173.0 190.9
182.0 206.2
186.9 218.3
190.1 227.2
199.4 233.7
221.4 234.2
243.8 225.7
257.2 191.7
259.6 159.3
251.4 134.4
239.6 120.4
229.0 116.3
232.7 123.5
245.6 137.0
258.8 151.6
272.5 167.7
283.8 180.7
293.7 187.9
304.3 177.5
309.4 158.3
310.3 131.8
309.9 108.1
308.7 90.9
307.1 79.2
310.9 78.1
318.9 86.3
331.4 105.7
344.5 129.5
355.6 155.9
361.6 181.1
362.9 203.2
361.4 219.5
356.8 231.1
343.4 240.5
310.7 244.7
265.4 241.3
219.5 233.8
184.6 225.8
159.0 217.6
147.2 209.9
153.7 202.5
180.6 197.9
210.7 196.2
234.8 195.3
242.0 193.6
236.1 186.0
230.6 175.3
234.8 159.1
250.3 138.5
267.4 120.0
278.4 105.0
282.1 94.1
263.9 84.4
224.2 77.6
189.4 74.3
162.2 74.7
146.4 82.6
142.8 98.4
144.4 118.0
145.2 136.4
136.2 154.3
126.2 168.1
116.8 179.5
111.0 190.6
110.3 205.3
111.7 219.6
112.5 230.4
109.7 237.5
99.5 234.6
88.2 211.3
81.2 179.2
78.9 144.3
79.9 112.6
82.5 88.0
94.3 70.6
115.8 62.0
138.2 59.6
156.6 61.5
170.6 67.6
180.9 78.8
189.2 99.0
193.2 125.2
193.0 154.9
191.3 183.3
190.8 205.3
194.5 221.9
203.5 233.7
214.9 240.9
232.3 241.7
254.7 234.4
274.7 222.6
289.2 200.7
298.6 176.9
305.3 155.6
310.2 133.9
312.4 114.2
312.8 97.9
310.4 86.5
298.1 81.3
257.4 84.3
209.5 90.4
165.3 98.5
132.5 107.4
109.3 116.4
94.2 124.8
89.9 137.6
94.5 151.4
102.0 165.0
105.5 181.4
97.3 197.7
84.9 211.0
75.8 222.2
69.6 233.6
68.9 244.1
75.3 252.7
90.7 261.9
124.0 269.6
165.7 273.4
206.9 273.5
258.3 270.2
315.2 266.4
356.7 261.4
383.9 254.5
401.4 243.3
409.2 227.7
397.5 198.8
381.0 170.8
363.3 142.2
343.7 115.6
325.1 92.1
309.8 75.5
296.9 65.6
284.0 64.0
274.8 68.0
272.3 81.2
277.2 97.4
282.4 112.4
280.1 127.7
269.5 141.2
248.8 156.4
217.3 175.2
190.2 192.8
170.0 211.1
161.9 231.9
162.4 248.9
168.1 262.9
171.2 272.6
161.7 277.9
144.9 273.1
128.8 256.3
110.6 231.2
96.2 204.9
87.5 176.3
84.4 148.0
85.0 123.6
90.6 101.9
104.3 86.2
125.1 76.6
170.3 74.3
210.7 75.8
243.7 77.7
267.5 79.4
287.6 77.3
303.7 73.1
314.2 67.2
319.1 62.2
317.4 57.5
303.7 53.1
274.6 50.1
247.3 48.4
220.4 48.1
190.3 48.3
165.0 48.9
138.9 49.7
111.6 50.6
92.9 51.4
80.4 52.4
73.2 53.3
70.2 55.1
70.1 58.0
72.6 63.4
78.6 73.7
86.0 87.2
97.6 103.4
111.5 120.5
126.1 137.7
143.2 157.3
160.9 177.0
177.5 193.6
191.0 207.4
204.5 219.5
215.1 228.3
223.0 233.9
227.8 236.3
232.6 234.5
239.0 227.3
247.5 216.5
257.7 202.8
270.6 186.3
284.2 166.2
294.4 148.9
300.8 135.0
304.3 125.4
305.7 119.5
311.2 121.2
320.0 130.2
328.5 142.8
335.1 159.0
340.7 175.1
345.1 192.5
348.0 207.6
350.4 222.9
352.2 238.8
353.7 254.2
354.6 267.4
352.3 277.6
347.5 284.4
332.8 286.5
311.6 283.6
292.0 278.3
270.5 268.2
236.8 252.2
209.7 236.8
186.8 220.9
161.4 199.1
144.3 183.1
134.0 172.2
128.9 164.8
128.9 156.6
132.4 143.0
137.9 132.0
146.9 123.3
164.9 116.6
192.0 112.5
216.6 111.0
238.8 111.0
258.1 110.9
275.1 110.1
291.3 108.5
308.0 103.4
319.0 99.6
325.3 97.1
328.9 97.1
331.4 111.6
333.7 130.1
336.0 147.9
337.9 162.3
338.4 173.1
336.6 181.6
329.1 187.6
306.7 190.2
286.5 190.6
270.8 190.0
259.8 188.7
252.6 187.2
248.4 185.5
242.4 184.0
221.6 184.8
196.7 185.7
170.9 186.7
141.9 188.4
115.6 188.5
95.7 188.1
83.3 187.7
76.6 187.3
83.1 185.5
108.8 182.2
154.8 177.9
191.2 173.9
222.2 169.7
246.7 166.3
268.0 161.9
284.7 155.5
294.8 143.0
298.6 130.9
295.9 121.3
274.1 113.4
242.8 108.1
200.5 105.0
164.2 103.6
138.0 103.4
123.6 103.9
134.7 107.9
151.3 112.8
165.6 116.8
177.3 121.7
173.3 133.5
157.8 148.3
138.6 167.9
124.6 183.3
121.4 194.9
126.3 205.0
138.1 216.5
150.0 227.1
158.8 238.3
165.8 246.9
173.6 252.7
191.9 255.8
215.7 254.6
239.1 249.4
263.3 240.8
278.1 228.2
274.8 210.0
255.7 192.9
227.7 182.4
195.1 178.0
170.1 176.1
164.2 175.7
179.4 174.8
210.3 174.5
234.3 174.4
239.4 173.7
208.9 176.1
179.7 179.3
157.2 182.0
146.7 183.3
161.5 182.1
186.9 180.3
201.1 177.1
207.4 173.2
205.1 163.3
200.4 145.2
195.6 123.0
191.8 103.8
189.6 89.7
198.3 78.0
207.3 70.6
218.9 65.5
231.5 63.2
243.4 63.4
258.8 71.4
273.2 81.7
283.0 90.0
289.1 96.5
