319.4 37.6
321.1 36.0
320.8 36.3
320.6 36.5
292.7 46.8
242.7 64.4
184.5 82.9
148.9 94.8
127.7 101.8
153.2 106.6
198.6 111.3
223.8 114.9
214.1 116.3
194.2 118.7
178.7 120.5
184.4 123.4
194.2 126.2
197.8 129.2
188.2 134.4
176.0 139.3
171.8 144.0
188.7 151.1
197.1 156.4
191.0 160.8
176.4 166.9
165.5 172.0
169.0 178.2
175.7 183.7
175.6 189.1
154.0 196.5
129.3 205.1
110.7 212.5
103.3 219.1
125.3 229.8
153.9 240.2
176.8 247.1
188.3 252.8
174.0 258.2
143.0 263.7
117.3 267.2
98.2 269.1
98.2 255.3
116.4 222.7
137.3 189.0
163.0 158.5
182.8 136.7
192.2 123.3
178.4 116.8
147.4 114.1
119.2 112.5
96.5 99.6
79.9 86.6
71.3 78.4
72.2 81.7
89.0 108.1
117.0 150.0
143.8 187.0
168.4 215.6
186.8 235.9
199.3 249.1
198.6 248.5
185.6 225.1
172.1 193.9
161.7 167.0
163.5 145.5
182.5 132.3
208.9 129.6
230.1 136.0
233.5 159.5
209.8 186.8
173.4 202.6
139.3 198.0
123.1 182.3
129.3 164.0
150.1 150.1
178.8 149.2
202.2 158.1
210.0 180.2
187.6 203.7
154.5 217.2
120.4 217.3
95.8 205.8
89.9 185.4
98.1 163.7
116.8 145.9
137.8 133.0
165.0 126.2
194.0 119.7
219.9 110.4
239.2 100.0
250.8 86.6
255.3 76.4
247.1 68.8
229.1 64.4
209.4 64.1
193.5 69.1
191.6 87.8
204.4 116.8
225.9 153.3
243.3 182.5
256.0 204.3
259.0 220.2
254.2 232.6
242.6 242.3
233.1 244.2
231.9 225.2
241.5 196.1
263.8 159.7
285.5 128.1
301.8 104.7
313.4 90.1
319.0 89.7
319.2 104.7
311.1 132.4
294.6 163.0
261.1 198.1
226.5 225.6
198.1 244.9
176.2 256.0
158.7 253.4
137.3 221.9
119.7 180.7
107.2 139.9
98.2 101.1
91.4 70.3
87.2 49.3
83.9 36.9
80.1 35.9
77.6 48.9
79.2 75.7
84.3 108.3
90.7 140.9
93.9 173.3
91.7 200.6
88.8 220.5
86.4 233.6
84.7 241.1
98.6 240.5
125.4 232.7
163.4 215.9
198.2 192.8
223.7 160.7
236.0 128.3
234.7 99.3
220.8 78.2
200.1 68.8
175.8 71.8
152.5 84.5
136.2 101.4
140.6 130.4
158.3 166.2
180.8 205.1
200.6 239.3
211.5 268.4
213.4 288.9
195.0 301.2
174.0 304.6
143.0 296.4
118.6 286.7
103.0 274.8
107.1 258.2
125.4 239.9
173.1 213.8
217.6 189.4
261.8 163.8
297.3 143.0
323.5 119.9
337.2 99.3
327.4 82.7
311.3 73.2
295.3 70.2
281.1 76.4
274.2 90.7
276.3 115.5
282.2 145.4
286.2 170.3
283.6 193.0
276.3 210.4
268.8 222.9
266.5 233.4
273.2 241.4
281.3 246.5
285.0 250.1
281.3 251.8
262.8 248.2
231.9 237.4
195.4 221.8
165.4 205.1
143.7 186.7
131.3 171.0
132.2 159.4
140.8 151.8
156.0 149.1
171.3 149.5
188.4 152.0
203.3 154.8
216.8 157.9
229.2 162.1
238.8 166.7
244.9 170.2
249.5 170.6
251.2 164.5
247.7 154.4
239.8 144.2
229.4 136.7
216.1 131.9
202.3 130.3
191.9 131.6
184.7 138.7
181.2 148.7
181.3 161.2
183.7 174.6
186.1 186.2
186.3 195.8
181.5 204.1
172.2 209.3
159.4 212.0
147.2 211.5
136.7 208.5
127.4 201.4
120.3 193.0
115.9 181.3
114.7 170.5
117.8 161.3
126.0 155.6
134.4 152.5
149.1 153.4
166.6 156.7
183.5 160.1
202.2 162.7
220.5 163.3
237.1 162.4
253.0 159.5
265.1 155.8
273.6 151.3
278.3 145.8
276.2 138.5
267.9 132.2
255.3 128.7
240.6 128.0
226.2 131.0
215.9 136.0
211.7 141.6
213.7 148.5
216.7 155.9
218.2 162.8
213.0 169.1
193.0 175.2
172.1 180.1
154.0 183.9
133.6 186.5
113.6 187.1
96.4 185.9
79.6 181.6
65.9 176.5
57.4 171.6
53.0 167.6
51.2 163.3
51.3 157.9
53.5 152.4
59.8 146.6
71.4 142.4
87.6 139.6
108.1 139.6
133.3 141.5
161.3 145.3
185.3 148.4
209.8 151.3
235.1 153.5
258.7 154.0
277.4 153.1
291.6 150.8
303.7 146.4
311.9 139.0
318.0 125.7
322.5 110.3
324.4 96.1
323.6 82.2
320.2 70.1
315.1 60.6
309.1 53.7
302.3 49.3
292.1 46.9
278.9 45.1
253.2 44.6
222.5 43.6
189.8 42.4
161.9 42.0
135.9 42.1
113.2 41.8
94.2 40.8
80.1 41.0
69.1 44.3
61.9 50.7
57.7 61.2
56.2 73.8
55.0 89.7
53.3 110.1
51.3 133.9
48.9 158.5
46.7 181.8
44.0 205.7
41.7 225.4
40.6 239.8
40.5 249.0
42.4 255.1
46.1 258.3
54.3 259.6
66.9 259.1
85.2 257.7
104.2 256.8
127.9 255.7
159.1 253.6
192.4 251.6
223.8 249.8
256.2 246.5
284.3 241.6
303.6 237.2
314.9 234.0
320.3 231.8
321.6 230.5
320.1 229.4
317.0 228.8
309.1 228.2
293.5 226.6
263.9 225.1
226.8 222.7
185.9 218.8
144.9 213.8
111.9 210.0
88.3 207.0
73.8 205.1
66.0 204.1
63.2 203.7
63.7 203.7
66.2 203.9
69.9 204.3
74.0 204.8
78.0 205.3
81.6 205.7
85.9 206.1
103.6 206.8
130.2 207.3
162.9 207.7
205.3 206.8
247.0 204.3
279.9 200.9
302.9 198.0
317.0 195.9
324.3 194.5
326.7 193.7
325.9 193.3
323.1 192.8
319.2 192.6
315.0 192.5
310.9 192.6
305.4 192.8
288.7 194.9
259.6 198.3
208.1 201.3
153.3 203.5
105.1 204.6
69.8 205.3
47.0 205.6
33.7 205.7
27.6 205.6
26.5 205.4
28.6 205.2
32.6 205.0
37.4 204.7
42.4 204.5
47.2 204.4
51.3 204.2
54.8 204.1
57.6 204.0
59.7 204.0
66.0 200.6
81.4 185.9
99.9 158.1
117.1 121.1
132.2 85.0
143.1 57.2
150.0 37.8
153.8 25.8
155.4 19.4
156.1 18.2
157.5 28.7
161.1 53.3
172.8 97.9
184.9 146.3
195.1 186.3
203.1 216.9
208.5 238.4
211.5 253.1
213.2 261.9
213.6 266.5
213.6 268.5
212.9 268.7
212.4 268.5
212.7 269.6
212.7 269.8
212.4 269.0
212.5 267.7
216.1 259.6
226.1 237.5
239.9 207.6
267.7 171.6
297.9 139.8
320.1 117.5
335.1 103.0
344.4 94.6
349.4 90.6
351.2 89.8
350.9 91.1
349.3 93.6
347.0 96.6
344.4 99.7
341.9 102.7
339.6 105.3
337.6 107.4
336.0 109.2
334.7 110.5
333.8 111.5
333.2 112.1
332.7 112.5
332.5 112.7
332.4 112.8
332.3 112.8
332.4 118.6
332.5 133.7
330.3 157.7
328.7 187.9
329.4 216.3
330.4 236.9
331.3 250.6
331.9 258.6
332.4 262.6
332.8 263.6
327.2 259.0
301.4 243.4
252.6 220.2
206.1 196.2
168.1 174.9
135.7 155.3
111.0 139.4
95.0 127.2
84.4 117.0
78.9 109.8
77.6 106.1
79.0 104.7
82.1 105.0
86.6 110.7
93.0 127.0
99.8 154.3
106.1 191.1
109.9 222.1
112.3 246.4
114.4 263.8
119.8 274.6
135.8 276.1
166.6 266.8
198.7 249.0
232.6 219.1
262.3 186.1
283.3 152.2
293.4 122.5
295.0 100.6
277.0 83.1
251.1 71.1
222.5 65.2
191.9 65.7
166.6 71.8
148.6 80.6
136.4 89.1
129.1 96.3
125.4 101.9
124.3 106.2
124.9 109.3
126.6 111.4
128.8 112.7
131.2 113.4
133.4 113.6
135.5 113.6
137.2 113.3
138.6 113.0
139.7 112.6
